,0,1,2,3,4,5
0,[10 2 5 2 6 1 6 0 0 0 0 0 0 0 0 0 10 6 0 0 0 0 0 0 20],"tf.Tensor([0.63518476 0.3882901  0.6659649  0.59253603 1.0317477  0.        ], shape=(6,), dtype=float32)",0.0,[10 3 5 2 6 1 6 0 0 0 0 0 0 0 0 0 10 6 0 0 0 0 0 0 20],False,"tf.Tensor(
[[ 0.63518476  0.3882901   0.6659649   0.59253603  1.0317477  37.084705
  35.663475   36.097103   36.81756    36.533295   37.022728   35.70383
  35.01929    36.697586   36.46508    35.94216    35.284313   36.48482   ]], shape=(1, 18), dtype=float32)"
1,[10 3 5 2 6 1 6 0 0 0 0 0 0 0 0 0 10 6 0 0 0 0 0 0 20],"tf.Tensor([0.61255836 0.3037091  0.68469316 0.5769864  1.0531464  5.        ], shape=(6,), dtype=float32)",12.0,[11 1 0 0 0 0 0 5 2 6 1 6 0 0 0 0 10 12 0 0 0 0 0 0 20],False,"tf.Tensor(
[[ 0.61255836  0.3037091   0.68469316  0.5769864   1.0531464  37.51205
  36.21919    36.663483   37.27386    37.160564   37.60465    36.283688
  35.680058   37.093266   37.078247   36.539116   35.730267   37.024223  ]], shape=(1, 18), dtype=float32)"
2,[11 1 0 0 0 0 0 5 2 6 1 6 0 0 0 0 10 12 0 0 0 0 0 0 20],[0 1 0 1 0 8],0.2,[11 2 3 4 0 0 0 3 0 1 0 6 0 0 0 0 10 12 0 0 0 0 0 0 20],False,"tf.Tensor(
[[ 0.80980134  0.58436424  1.3346188   0.44038564  0.39688534 32.264683
  32.116364   32.27263    29.914215   31.048853   31.662392   31.609184
  33.208263   32.30991    32.26506    32.004627   32.063457   30.322084  ]], shape=(1, 18), dtype=float32)"
3,[11 2 3 4 0 0 0 3 0 1 0 6 0 0 0 0 10 12 0 0 0 0 0 0 20],"tf.Tensor([ 0.56412685  0.11603765  1.2770333  -0.29895753 -0.05484943  7.        ], shape=(6,), dtype=float32)",0.1,[11 3 3 4 1 0 0 2 0 0 0 6 0 0 0 0 10 12 0 0 0 0 0 0 20],False,"tf.Tensor(
[[ 0.56412685  0.11603765  1.2770333  -0.29895753 -0.05484943 31.473135
  31.727287   31.855198   30.531841   31.759102   31.326654   31.122192
  32.189342   31.306072   32.079243   31.194384   30.746946   29.869532  ]], shape=(1, 18), dtype=float32)"
4,[11 3 3 4 1 0 0 2 0 0 0 6 0 0 0 0 10 12 0 0 0 0 0 0 20],"tf.Tensor([ 0.43000606 -0.21476145  1.0539008  -0.4587503  -0.29708534  9.        ], shape=(6,), dtype=float32)",0.0,[12 1 0 0 0 0 0 6 3 3 4 2 0 0 0 0 10 12 0 0 0 0 0 0 20],False,"tf.Tensor(
[[ 0.43000606 -0.21476145  1.0539008  -0.4587503  -0.29708534 31.362865
  31.737411   31.804422   30.707235   31.970194   31.489784   31.124851
  31.846222   31.04924    32.033726   31.15595    30.277569   29.989313  ]], shape=(1, 18), dtype=float32)"
5,[12 1 0 0 0 0 0 6 3 3 4 2 0 0 0 0 10 12 0 0 0 0 0 0 20],"tf.Tensor([ 0.6967685  -0.09178503  0.7412732   0.42373663  0.19400378  7.        ], shape=(6,), dtype=float32)",0.0,[12 2 0 0 0 0 0 4 5 2 3 6 0 0 0 0 10 12 0 0 0 0 0 0 20],False,"tf.Tensor(
[[ 0.6967685  -0.09178503  0.7412732   0.42373663  0.19400378 32.38717
  32.075886   32.506298   29.835287   31.115797   31.780592   32.054546
  32.70722    31.871727   32.245888   31.776682   32.009247   30.885162  ]], shape=(1, 18), dtype=float32)"
6,[12 2 0 0 0 0 0 4 5 2 3 6 0 0 0 0 10 12 0 0 0 0 0 0 20],"tf.Tensor([ 0.75458467 -0.01484139  0.6589684   0.2630909   0.10890956  7.        ], shape=(6,), dtype=float32)",0.0,[12 3 0 0 0 0 0 1 5 6 1 6 0 0 0 0 10 12 0 0 0 0 0 0 20],False,"tf.Tensor(
[[ 7.5458467e-01 -1.4841393e-02  6.5896839e-01  2.6309091e-01
   1.0890956e-01  3.2497463e+01  3.3039494e+01  3.2784458e+01
   3.0029455e+01  3.1305193e+01  3.2256653e+01  3.1774698e+01
   3.3444466e+01  3.2785336e+01  3.2398289e+01  3.2639244e+01
   3.1628420e+01  3.0825232e+01]], shape=(1, 18), dtype=float32)"
7,[12 3 0 0 0 0 0 1 5 6 1 6 0 0 0 0 10 12 0 0 0 0 0 0 20],"tf.Tensor([ 0.61653495 -0.27674133  0.653114    0.03686385 -0.01522534  7.        ], shape=(6,), dtype=float32)",0.0,[13 1 0 0 0 0 0 4 3 4 3 3 0 0 0 0 10 12 0 0 0 0 0 0 20],False,"tf.Tensor(
[[ 6.1653495e-01 -2.7674133e-01  6.5311402e-01  3.6863849e-02
  -1.5225336e-02  3.2659267e+01  3.3361866e+01  3.2463894e+01
   3.0659092e+01  3.1845924e+01  3.2421516e+01  3.2049683e+01
   3.3376343e+01  3.2866436e+01  3.2426456e+01  3.2940083e+01
   3.1269390e+01  3.1115997e+01]], shape=(1, 18), dtype=float32)"
8,[13 1 0 0 0 0 0 4 3 4 3 3 0 0 0 0 10 12 0 0 0 0 0 0 20],"tf.Tensor([ 0.47878197 -0.47568148  0.51739186  0.09251313 -0.15837137  7.        ], shape=(6,), dtype=float32)",0.0,[13 2 0 0 0 0 0 1 5 1 3 2 0 0 0 0 10 12 0 0 0 0 0 0 20],False,"tf.Tensor(
[[ 0.47878197 -0.47568148  0.51739186  0.09251313 -0.15837137 31.449835
  31.544893   31.576717   29.22379    30.559948   31.039864   31.546959
  31.703115   30.872314   31.298153   31.186775   30.626354   30.163641  ]], shape=(1, 18), dtype=float32)"
9,[13 2 0 0 0 0 0 1 5 1 3 2 0 0 0 0 10 12 0 0 0 0 0 0 20],"tf.Tensor([ 0.35050622 -1.2840219  -0.08613797 -0.3040219  -0.30063134  6.        ], shape=(6,), dtype=float32)",0.0,[13 3 0 0 0 0 0 6 5 1 4 6 0 0 0 0 10 12 0 0 0 0 0 0 20],False,"tf.Tensor(
[[ 0.35050622 -1.2840219  -0.08613797 -0.3040219  -0.30063134 29.135042
  29.897594   29.748854   27.976454   29.384329   29.656517   30.014671
  28.916615   28.532022   28.961576   29.27575    27.866383   28.489393  ]], shape=(1, 18), dtype=float32)"
10,[13 3 0 0 0 0 0 6 5 1 4 6 0 0 0 0 10 12 0 0 0 0 0 0 20],"tf.Tensor([0.73860765 0.06540208 0.650567   0.46235436 0.07861347 7.        ], shape=(6,), dtype=float32)",0.0,[14 1 0 0 0 0 0 3 1 4 6 6 0 0 0 0 10 12 0 0 0 0 0 0 20],True,"tf.Tensor(
[[ 0.73860765  0.06540208  0.650567    0.46235436  0.07861347 34.711887
  35.27836    35.07807    31.489277   33.10518    34.33067    33.63795
  35.99987    35.313168   34.841007   34.82562    33.80694    32.882915  ]], shape=(1, 18), dtype=float32)"
11,[1 1 0 0 0 0 0 3 6 5 3 1 0 0 0 0 0 0 0 0 0 0 0 0 0],"tf.Tensor([3.2899463 4.1225424 1.1836023 3.2135172 4.941772  8.       ], shape=(6,), dtype=float32)",0.5,[1 2 3 6 5 3 1 0 0 0 0 0 0 0 0 0 0 0 0 0 0 0 0 0 0],False,"tf.Tensor(
[[ 3.2899463  4.1225424  1.1836023  3.2135172  4.941772  18.29316
  15.885601  18.028717  16.149023  16.222536  18.413427  17.867262
  19.11846   20.322853  16.839926  19.592213  20.07168   17.979008 ]], shape=(1, 18), dtype=float32)"
12,[1 2 3 6 5 3 1 0 0 0 0 0 0 0 0 0 0 0 0 0 0 0 0 0 0],"tf.Tensor([ 3.3963506  3.8053637  2.24744    3.7750816  3.8304045 12.       ], shape=(6,), dtype=float32)",0.0,[1 3 3 6 5 3 1 0 0 0 0 0 0 0 0 0 0 0 0 0 0 0 0 0 0],False,"tf.Tensor(
[[ 3.3963506  3.8053637  2.24744    3.7750816  3.8304045 21.462318
  17.691355  23.250647  20.250257  21.539873  23.442282  22.79073
  22.558277  21.582672  21.472204  24.238888  22.67504   24.339071 ]], shape=(1, 18), dtype=float32)"
13,[1 3 3 6 5 3 1 0 0 0 0 0 0 0 0 0 0 0 0 0 0 0 0 0 0],"tf.Tensor([ 3.4346776  3.7886918  2.259475   3.7277417  3.8970606 12.       ], shape=(6,), dtype=float32)",36.0,[2 1 0 0 0 0 0 3 6 5 3 1 0 0 0 0 0 0 0 0 0 0 0 0 18],False,"tf.Tensor(
[[ 3.4346776  3.7886918  2.259475   3.7277417  3.8970606 22.075888
  18.350216  23.840368  20.954657  22.206089  24.072733  23.404148
  23.174992  22.1729    22.06783   24.885109  23.251287  24.91434  ]], shape=(1, 18), dtype=float32)"
14,[2 1 0 0 0 0 0 3 6 5 3 1 0 0 0 0 0 0 0 0 0 0 0 0 18],"tf.Tensor([ 1.8353789  2.7780542  1.4626986  1.802563   2.2409027 11.       ], shape=(6,), dtype=float32)",0.5,[2 2 5 3 5 2 4 0 0 0 0 0 0 0 0 0 0 0 0 0 0 0 0 0 18],False,"tf.Tensor(
[[ 1.8353789  2.7780542  1.4626986  1.802563   2.2409027 27.591043
  26.595911  27.261206  26.270489  26.212076  26.773352  26.60139
  27.577637  27.96618   26.48546   27.977324  28.81129   25.658411 ]], shape=(1, 18), dtype=float32)"
15,[2 2 5 3 5 2 4 0 0 0 0 0 0 0 0 0 0 0 0 0 0 0 0 0 18],"tf.Tensor([ 1.3709581  2.5800624  2.0288525  2.2323623  2.567789  11.       ], shape=(6,), dtype=float32)",0.0,[2 3 5 3 5 2 4 0 0 0 0 0 0 0 0 0 0 0 0 0 0 0 0 0 18],False,"tf.Tensor(
[[ 1.3709581  2.5800624  2.0288525  2.2323623  2.567789  33.057297
  31.046618  32.39364   33.334908  32.757755  33.366837  31.803198
  31.186924  33.065754  32.25637   32.2802    33.40721   32.496952 ]], shape=(1, 18), dtype=float32)"
16,[2 3 5 3 5 2 4 0 0 0 0 0 0 0 0 0 0 0 0 0 0 0 0 0 18],"tf.Tensor([1.3501167 2.494133  2.0562952 2.2114651 2.5900884 5.       ], shape=(6,), dtype=float32)",0.0,[3 1 0 0 0 0 0 5 3 5 2 4 0 0 0 0 0 0 0 0 0 0 0 0 18],False,"tf.Tensor(
[[ 1.3501167  2.494133   2.0562952  2.2114651  2.5900884 33.486187
  31.58735   32.963936  33.798138  33.371235  33.941357  32.37795
  31.847427  33.483288  32.858887  32.86487   33.85549   33.048977 ]], shape=(1, 18), dtype=float32)"
17,[3 1 0 0 0 0 0 5 3 5 2 4 0 0 0 0 0 0 0 0 0 0 0 0 18],"tf.Tensor([ 1.5853138  2.6064117  2.1805918  1.6814666  2.0032477 11.       ], shape=(6,), dtype=float32)",0.5,[3 2 3 4 3 5 3 0 0 0 0 0 0 0 0 0 0 0 0 0 0 0 0 0 18],False,"tf.Tensor(
[[ 1.5853138  2.6064117  2.1805918  1.6814666  2.0032477 27.442087
  26.697863  27.181952  25.901445  25.914906  26.5554    26.425419
  27.90326   28.150957  26.789808  27.43603   28.866722  25.234182 ]], shape=(1, 18), dtype=float32)"
18,[3 2 3 4 3 5 3 0 0 0 0 0 0 0 0 0 0 0 0 0 0 0 0 0 18],"tf.Tensor([1.1761137 2.1812954 1.8316791 1.8784556 2.041122  5.       ], shape=(6,), dtype=float32)",0.0,[3 3 3 4 3 5 3 0 0 0 0 0 0 0 0 0 0 0 0 0 0 0 0 0 18],False,"tf.Tensor(
[[ 1.1761137  2.1812954  1.8316791  1.8784556  2.041122  31.9526
  30.205189  31.285751  32.046158  31.479431  32.07592   30.4873
  30.002476  31.925364  31.06719   30.98255   31.84048   31.554218 ]], shape=(1, 18), dtype=float32)"
19,[3 3 3 4 3 5 3 0 0 0 0 0 0 0 0 0 0 0 0 0 0 0 0 0 18],"tf.Tensor([1.1315559 2.080507  1.8263296 1.830559  2.042103  5.       ], shape=(6,), dtype=float32)",0.0,[4 1 0 0 0 0 0 3 4 3 5 3 0 0 0 0 0 0 0 0 0 0 0 0 18],False,"tf.Tensor(
[[ 1.1315559  2.080507   1.8263296  1.830559   2.042103  32.38287
  30.771437  31.825836  32.518703  32.101433  32.63649   31.041021
  30.634462  32.3499    31.66669   31.523075  32.286     32.047607 ]], shape=(1, 18), dtype=float32)"
20,[4 1 0 0 0 0 0 3 4 3 5 3 0 0 0 0 0 0 0 0 0 0 0 0 18],"tf.Tensor([ 1.7467688  2.6864862  1.6322505  1.5061789  1.7538968 11.       ], shape=(6,), dtype=float32)",0.5,[4 2 3 1 3 6 1 0 0 0 0 0 0 0 0 0 0 0 0 0 0 0 0 0 18],False,"tf.Tensor(
[[ 1.7467688  2.6864862  1.6322505  1.5061789  1.7538968 27.140257
  26.184942  27.069414  26.050232  25.695469  26.36793   26.559895
  26.845972  27.33838   26.06477   27.293255  28.317392  25.034092 ]], shape=(1, 18), dtype=float32)"
21,[4 2 3 1 3 6 1 0 0 0 0 0 0 0 0 0 0 0 0 0 0 0 0 0 18],[ 1  0  0  0  0 12],0.0,[4 3 3 1 3 6 1 0 0 0 0 0 0 0 0 0 0 0 0 0 0 0 0 0 18],False,"tf.Tensor(
[[ 0.75549763  1.5486525   1.795295    1.8018298   1.3100609  28.42688
  27.145384   28.263037   28.711819   28.343328   29.075727   27.646229
  26.411928   28.188023   27.987003   27.68278    28.410885   28.59854   ]], shape=(1, 18), dtype=float32)"
22,[4 3 3 1 3 6 1 0 0 0 0 0 0 0 0 0 0 0 0 0 0 0 0 0 18],[0 1 1 1 0 0],2.0,[5 1 0 0 0 0 0 3 1 3 6 1 2 0 0 0 0 0 0 0 0 0 0 0 18],False,"tf.Tensor(
[[ 0.7040749  1.4360279  1.7747717  1.7514374  1.2987466 28.848463
  27.713106  28.799652  29.184433  28.983458  29.630173  28.194147
  27.02463   28.599619  28.593008  28.223713  28.843681  29.090565 ]], shape=(1, 18), dtype=float32)"
23,[5 1 0 0 0 0 0 3 1 3 6 1 2 0 0 0 0 0 0 0 0 0 0 0 18],[1 1 1 1 1 6],0.5,[5 2 6 6 6 3 4 0 0 0 0 0 2 0 0 0 0 0 0 0 0 0 0 0 18],False,"tf.Tensor(
[[ 1.307877   2.2509587  1.565573   1.1904216  0.9149905 26.125357
  25.079887  26.253202  25.202711  25.032673  25.233105  26.10397
  25.362396  25.649775  25.559732  25.914085  27.3219    24.265467 ]], shape=(1, 18), dtype=float32)"
24,[5 2 6 6 6 3 4 0 0 0 0 0 2 0 0 0 0 0 0 0 0 0 0 0 18],"tf.Tensor([1.2564838 2.3161023 1.6307027 2.1629167 2.8004317 5.       ], shape=(6,), dtype=float32)",0.0,[5 3 6 6 6 3 4 0 0 0 0 0 2 0 0 0 0 0 0 0 0 0 0 0 18],False,"tf.Tensor(
[[ 1.2564838  2.3161023  1.6307027  2.1629167  2.8004317 38.467068
  36.48412   38.053284  38.51308   38.7955    38.8649    37.44958
  36.9765    38.347244  38.204994  38.191982  38.334415  38.6562   ]], shape=(1, 18), dtype=float32)"
25,[5 3 6 6 6 3 4 0 0 0 0 0 2 0 0 0 0 0 0 0 0 0 0 0 18],"tf.Tensor([1.1775136 2.1379802 1.6432316 2.1121655 2.7966564 5.       ], shape=(6,), dtype=float32)",36.0,[6 1 0 0 0 0 0 6 6 6 3 4 2 0 0 0 0 18 0 0 0 0 0 0 18],False,"tf.Tensor(
[[ 1.1775136  2.1379802  1.6432316  2.1121655  2.7966564 38.833256
  37.023685  38.499424  38.919113  39.360542  39.372818  37.933395
  37.558502  38.676582  38.75219   38.679626  38.69386   39.120003 ]], shape=(1, 18), dtype=float32)"
26,[6 1 0 0 0 0 0 6 6 6 3 4 2 0 0 0 0 18 0 0 0 0 0 0 18],"tf.Tensor([1.3895253  0.9566102  1.895365   1.5013137  0.31940132 7.        ], shape=(6,), dtype=float32)",0.4,[6 2 2 1 2 3 0 0 0 0 0 5 2 0 0 0 0 18 0 0 0 0 0 0 18],False,"tf.Tensor(
[[ 1.3895253   0.9566102   1.895365    1.5013137   0.31940132 35.040638
  34.77896    35.63495    30.97317    32.607193   34.54018    33.898746
  36.9451     35.755775   35.099907   35.230408   35.72901    32.383354  ]], shape=(1, 18), dtype=float32)"
27,[6 2 2 1 2 3 0 0 0 0 0 5 2 0 0 0 0 18 0 0 0 0 0 0 18],"tf.Tensor([ 0.97769624  0.32252276  1.6614478   0.6927044  -0.50255996  2.        ], shape=(6,), dtype=float32)",0.0,[6 3 2 1 2 3 0 0 0 0 0 3 2 0 0 0 0 18 0 0 0 0 0 0 18],False,"tf.Tensor(
[[ 0.97769624  0.32252276  1.6614478   0.6927044  -0.50255996 27.981777
  27.375238   29.21459    26.758005   28.08745    28.386665   28.208817
  28.597824   26.934113   28.775908   27.977621   28.250908   27.033278  ]], shape=(1, 18), dtype=float32)"
28,[6 3 2 1 2 3 0 0 0 0 0 3 2 0 0 0 0 18 0 0 0 0 0 0 18],"tf.Tensor([ 0.76805717 -0.28541052  1.4852457   0.5449409  -0.82771736  2.        ], shape=(6,), dtype=float32)",6.0,[7 1 0 0 0 0 0 2 1 2 3 1 2 0 3 0 0 18 0 0 0 0 0 0 18],False,"tf.Tensor(
[[ 0.76805717 -0.28541052  1.4852457   0.5449409  -0.82771736 27.821236
  27.379044   29.069832   26.545218   28.137526   28.288254   28.343882
  28.43045    26.447403   28.893465   27.747932   27.984861   27.084873  ]], shape=(1, 18), dtype=float32)"
29,[7 1 0 0 0 0 0 2 1 2 3 1 2 0 3 0 0 18 0 0 0 0 0 0 18],"tf.Tensor([ 1.355417    0.22537015  0.9057337   0.5262237  -0.8514444   2.        ], shape=(6,), dtype=float32)",0.2,[7 2 1 1 0 0 0 0 2 0 6 5 2 0 3 0 0 18 0 0 0 0 0 0 18],False,"tf.Tensor(
[[ 1.355417    0.22537015  0.9057337   0.5262237  -0.8514444  25.566048
  25.246792   27.59738    22.895828   24.729412   25.417847   26.55478
  26.184834   25.295536   25.905499   25.336363   26.438078   24.347694  ]], shape=(1, 18), dtype=float32)"
30,[7 2 1 1 0 0 0 0 2 0 6 5 2 0 3 0 0 18 0 0 0 0 0 0 18],"tf.Tensor([ 1.5706056  1.0753764  1.2583302  0.5229737 -0.4239866  2.       ], shape=(6,), dtype=float32)",0.1,[7 3 1 1 2 0 0 0 0 0 6 1 2 0 3 0 0 18 0 0 0 0 0 0 18],False,"tf.Tensor(
[[ 1.5706056  1.0753764  1.2583302  0.5229737 -0.4239866 28.618448
  27.939297  30.091415  26.064655  27.290012  28.174171  28.548561
  29.166943  28.838377  28.47603   28.383348  28.931684  26.57051  ]], shape=(1, 18), dtype=float32)"
31,[7 3 1 1 2 0 0 0 0 0 6 1 2 0 3 0 0 18 0 0 0 0 0 0 18],"tf.Tensor([ 1.3229898   0.5603466   0.83264744  0.36495978 -0.848092    2.        ], shape=(6,), dtype=float32)",-6.0,[8 1 0 0 0 0 0 1 3 1 5 2 2 0 0 0 0 18 0 0 0 0 0 0 18],False,"tf.Tensor(
[[ 1.3229898   0.5603466   0.83264744  0.36495978 -0.848092   28.186205
  27.264246   29.81776    26.091887   27.528807   27.884434   28.779945
  28.168861   27.381763   28.462746   27.729252   28.513094   26.756535  ]], shape=(1, 18), dtype=float32)"
32,[8 1 0 0 0 0 0 1 3 1 5 2 2 0 0 0 0 18 0 0 0 0 0 0 18],"tf.Tensor([ 1.457075    0.06610845  1.0602      0.7781274  -0.7952989   2.        ], shape=(6,), dtype=float32)",0.2,[8 2 5 6 0 0 0 0 4 0 4 4 2 0 0 0 0 18 0 0 0 0 0 0 18],False,"tf.Tensor(
[[ 1.457075    0.06610845  1.0602      0.7781274  -0.7952989  27.457447
  26.960901   28.975895   24.945099   26.156786   27.458721   28.022669
  27.706974   26.84675    27.229908   27.467121   27.821194   25.957325  ]], shape=(1, 18), dtype=float32)"
33,[8 2 5 6 0 0 0 0 4 0 4 4 2 0 0 0 0 18 0 0 0 0 0 0 18],"tf.Tensor([1.1658212  0.5033132  1.7232091  0.16306394 0.4352134  7.        ], shape=(6,), dtype=float32)",0.0,[8 3 5 6 0 0 0 0 1 0 5 1 2 0 0 0 0 18 0 0 0 0 0 0 18],False,"tf.Tensor(
[[ 1.1658212   0.5033132   1.7232091   0.16306394  0.4352134  34.48271
  34.59548    35.073753   33.48099    34.47243    34.33778    34.010166
  35.570045   34.099907   34.81464    34.526028   34.588894   32.519638  ]], shape=(1, 18), dtype=float32)"
34,[8 3 5 6 0 0 0 0 1 0 5 1 2 0 0 0 0 18 0 0 0 0 0 0 18],"tf.Tensor([ 0.97894746  0.27863383  1.5890068  -0.3413095   0.1794415   9.        ], shape=(6,), dtype=float32)",0.0,[9 1 0 0 0 0 0 5 4 6 4 2 2 0 0 0 0 18 0 0 0 0 0 0 18],False,"tf.Tensor(
[[ 0.97894746  0.27863383  1.5890068  -0.3413095   0.1794415  33.335064
  33.095192   33.901005   33.026184   33.768612   32.810284   33.35907
  33.785545   31.915167   33.974457   32.753925   33.723118   31.415325  ]], shape=(1, 18), dtype=float32)"
35,[9 1 0 0 0 0 0 5 4 6 4 2 2 0 0 0 0 18 0 0 0 0 0 0 18],"tf.Tensor([ 1.0006286   0.20798598  1.4150013   1.0004983  -0.43804806  7.        ], shape=(6,), dtype=float32)",0.30000000000000004,[9 2 4 2 4 0 0 0 5 0 0 1 2 0 0 0 0 18 0 0 0 0 0 0 18],False,"tf.Tensor(
[[ 1.0006286   0.20798598  1.4150013   1.0004983  -0.43804806 33.50043
  33.49841    34.31461    29.70429    31.443903   33.030525   33.25352
  34.801224   33.715065   33.634968   33.499664   33.982613   31.208057  ]], shape=(1, 18), dtype=float32)"
36,[9 2 4 2 4 0 0 0 5 0 0 1 2 0 0 0 0 18 0 0 0 0 0 0 18],"tf.Tensor([ 0.46716648 -1.234362    0.62447906  0.16495913 -0.6661721   9.        ], shape=(6,), dtype=float32)",0.0,[9 3 4 2 4 0 0 0 3 0 0 5 2 0 0 0 0 18 0 0 0 0 0 0 18],False,"tf.Tensor(
[[ 0.46716648 -1.234362    0.62447906  0.16495913 -0.6661721  31.603884
  31.924196   32.2427     30.237513   32.12849    31.954422   31.633837
  31.871685   30.419998   32.277767   31.80232    30.537193   30.950556  ]], shape=(1, 18), dtype=float32)"
37,[9 3 4 2 4 0 0 0 3 0 0 5 2 0 0 0 0 18 0 0 0 0 0 0 18],"tf.Tensor([ 0.6851761  -0.48840213  1.3045456   0.3882708  -0.59241647  2.        ], shape=(6,), dtype=float32)",0.0,[10 1 0 0 0 0 0 4 5 2 4 5 2 0 0 0 0 18 0 0 0 0 0 0 18],False,"tf.Tensor(
[[ 0.6851761  -0.48840213  1.3045456   0.3882708  -0.59241647 32.17781
  32.38278    33.09862    30.811287   32.45498    32.792652   32.20291
  32.8999     31.47939    32.965725   32.509052   31.532387   31.158663  ]], shape=(1, 18), dtype=float32)"
38,[10 1 0 0 0 0 0 4 5 2 4 5 2 0 0 0 0 18 0 0 0 0 0 0 18],"tf.Tensor([ 1.0805032  -0.26597154  1.2274488   0.8004382  -0.7539986   2.        ], shape=(6,), dtype=float32)",0.2,[10 2 6 5 0 0 0 0 3 0 2 6 2 0 0 0 0 18 0 0 0 0 0 0 18],False,"tf.Tensor(
[[ 1.0805032  -0.26597154  1.2274488   0.8004382  -0.7539986  31.063072
  31.691675   32.551083   27.51232    29.381151   31.225288   30.988487
  32.483936   31.756535   31.169956   31.449451   31.120058   29.21705   ]], shape=(1, 18), dtype=float32)"
39,[10 2 6 5 0 0 0 0 3 0 2 6 2 0 0 0 0 18 0 0 0 0 0 0 18],"tf.Tensor(
[ 8.4714907e-01 -3.3458620e-03  1.7938139e+00 -1.1261672e-01
 -4.4149473e-02  7.0000000e+00], shape=(6,), dtype=float32)",0.0,[10 3 6 5 0 0 0 0 1 0 5 1 2 0 0 0 0 18 0 0 0 0 0 0 18],False,"tf.Tensor(
[[ 8.4714907e-01 -3.3458620e-03  1.7938139e+00 -1.1261672e-01
  -4.4149473e-02  3.3613152e+01  3.4239201e+01  3.4263462e+01
   3.2546131e+01  3.3705254e+01  3.3516197e+01  3.3221783e+01
   3.4704239e+01  3.3449646e+01  3.4171707e+01  3.3605263e+01
   3.3378712e+01  3.1663221e+01]], shape=(1, 18), dtype=float32)"
40,[10 3 6 5 0 0 0 0 1 0 5 1 2 0 0 0 0 18 0 0 0 0 0 0 18],"tf.Tensor([ 0.6477744  -0.37045336  1.372569   -0.69723684 -0.1928062   9.        ], shape=(6,), dtype=float32)",0.0,[11 1 0 0 0 0 0 6 6 5 1 3 2 0 0 0 0 18 0 0 0 0 0 0 18],False,"tf.Tensor(
[[ 0.6477744  -0.37045336  1.372569   -0.69723684 -0.1928062  33.42455
  33.6381     33.93335    33.052784   33.935116   32.834553   33.56588
  33.641705   32.01412    34.1442     32.718445   33.42312    31.475     ]], shape=(1, 18), dtype=float32)"
41,[11 1 0 0 0 0 0 6 6 5 1 3 2 0 0 0 0 18 0 0 0 0 0 0 18],"tf.Tensor([ 0.78092057 -0.44784522  0.8412653   1.2631273  -0.6637389   7.        ], shape=(6,), dtype=float32)",0.1,[11 2 6 0 0 0 0 1 1 2 0 4 2 0 0 0 0 18 0 0 0 0 0 0 18],False,"tf.Tensor(
[[ 0.78092057 -0.44784522  0.8412653   1.2631273  -0.6637389  33.28938
  34.18462    34.571484   29.014112   31.658888   33.50855    32.945026
  35.1702     34.15879    33.760075   33.970562   33.31274    31.828823  ]], shape=(1, 18), dtype=float32)"
42,[11 2 6 0 0 0 0 1 1 2 0 4 2 0 0 0 0 18 0 0 0 0 0 0 18],"tf.Tensor([ 0.69837266 -0.70922875  1.5646521  -0.06125861 -0.6813989   2.        ], shape=(6,), dtype=float32)",0.1,[11 3 6 2 0 0 0 6 1 0 0 3 2 0 0 0 0 18 0 0 0 0 0 0 18],False,"tf.Tensor(
[[ 0.69837266 -0.70922875  1.5646521  -0.06125861 -0.6813989  29.33615
  29.986414   30.415756   27.877249   29.251574   29.267797   29.763948
  30.02945    28.68277    30.114817   29.06753    29.504698   27.776714  ]], shape=(1, 18), dtype=float32)"
43,[11 3 6 2 0 0 0 6 1 0 0 3 2 0 0 0 0 18 0 0 0 0 0 0 18],[ 0  0  0  1  0 11],0.0,[12 1 0 0 0 0 0 6 1 3 6 4 2 0 0 0 0 18 0 0 0 0 0 0 18],False,"tf.Tensor(
[[ 0.6330766  -0.5079664   1.5856013   0.3695355  -0.42525464 32.884647
  33.237507   33.952972   30.44546    32.64382    32.629166   32.509354
  34.327877   32.532696   34.1818     32.346603   33.24406    31.228947  ]], shape=(1, 18), dtype=float32)"
44,[12 1 0 0 0 0 0 6 1 3 6 4 2 0 0 0 0 18 0 0 0 0 0 0 18],"tf.Tensor([ 0.96180266  0.02087532  1.3871878   0.75913984 -0.82001144  2.        ], shape=(6,), dtype=float32)",0.2,[12 2 3 1 0 0 0 0 3 0 1 1 2 0 0 0 0 18 0 0 0 0 0 0 18],False,"tf.Tensor(
[[ 9.6180266e-01  2.0875320e-02  1.3871878e+00  7.5913984e-01
  -8.2001144e-01  3.2359047e+01  3.2476330e+01  3.3831097e+01
   2.8705219e+01  3.0490595e+01  3.2163116e+01  3.2740410e+01
   3.3512173e+01  3.2624958e+01  3.2619492e+01  3.2162090e+01
   3.3087833e+01  3.0072277e+01]], shape=(1, 18), dtype=float32)"
45,[12 2 3 1 0 0 0 0 3 0 1 1 2 0 0 0 0 18 0 0 0 0 0 0 18],"tf.Tensor([ 0.4867453 -1.7840255  0.4786093 -0.3103178 -1.2187432  2.       ], shape=(6,), dtype=float32)",0.0,[12 3 3 1 0 0 0 0 3 0 6 1 2 0 0 0 0 18 0 0 0 0 0 0 18],False,"tf.Tensor(
[[ 0.4867453 -1.7840255  0.4786093 -0.3103178 -1.2187432 27.248976
  28.295914  28.753542  25.866621  27.631136  27.712471  28.346272
  27.404215  26.27612   27.706774  27.318462  26.60865   26.685493 ]], shape=(1, 18), dtype=float32)"
46,[12 3 3 1 0 0 0 0 3 0 6 1 2 0 0 0 0 18 0 0 0 0 0 0 18],"tf.Tensor([ 0.5592335  -1.2697983   0.6746334  -0.28069812 -1.1041778   2.        ], shape=(6,), dtype=float32)",6.0,[13 1 0 0 0 0 0 3 6 1 5 1 2 0 3 0 0 18 0 0 0 0 0 0 18],False,"tf.Tensor(
[[ 0.5592335  -1.2697983   0.6746334  -0.28069812 -1.1041778  30.654915
  31.301586   31.806993   28.847303   30.285852   30.66263    31.447786
  30.716246   29.798958   30.879066   30.498333   30.10182    29.244362  ]], shape=(1, 18), dtype=float32)"
47,[13 1 0 0 0 0 0 3 6 1 5 1 2 0 3 0 0 18 0 0 0 0 0 0 18],"tf.Tensor([ 0.7170264  -1.1877197  -0.13255277  0.47354072 -0.9726077   2.        ], shape=(6,), dtype=float32)",0.0,[13 2 0 0 0 0 0 5 5 2 1 2 2 0 3 0 0 18 0 0 0 0 0 0 18],False,"tf.Tensor(
[[ 0.7170264  -1.1877197  -0.13255277  0.47354072 -0.9726077  30.160967
  31.109533   32.244522   26.450127   29.40599    30.730684   31.273329
  31.06926    30.944016   30.376945   30.670038   29.675106   29.420887  ]], shape=(1, 18), dtype=float32)"
48,[13 2 0 0 0 0 0 5 5 2 1 2 2 0 3 0 0 18 0 0 0 0 0 0 18],"tf.Tensor([ 0.51905006 -1.1123265  -0.03572217  0.6334507  -0.9656095   2.        ], shape=(6,), dtype=float32)",0.0,[13 3 0 0 0 0 0 5 6 3 5 3 2 0 3 0 0 18 0 0 0 0 0 0 18],False,"tf.Tensor(
[[ 0.51905006 -1.1123265  -0.03572217  0.6334507  -0.9656095  30.054203
  31.510683   32.23703    26.065868   29.447771   30.693611   30.638594
  31.84596    31.210613   30.87842    30.728418   29.8        29.519485  ]], shape=(1, 18), dtype=float32)"
49,[13 3 0 0 0 0 0 5 6 3 5 3 2 0 3 0 0 18 0 0 0 0 0 0 18],"tf.Tensor([ 0.5509475  -0.40691686  0.17592785  0.74547786 -0.78454643  7.        ], shape=(6,), dtype=float32)",0.0,[14 1 0 0 0 0 0 4 2 3 2 2 2 0 3 0 0 18 0 0 0 0 0 0 18],True,"tf.Tensor(
[[ 0.5509475  -0.40691686  0.17592785  0.74547786 -0.78454643 34.46278
  35.817398   36.089375   29.680641   32.749954   34.51019    34.115696
  36.51946    36.237324   35.033108   34.95983    34.173893   32.807526  ]], shape=(1, 18), dtype=float32)"
50,[1 1 0 0 0 0 0 6 2 2 4 5 0 0 0 0 0 0 0 0 0 0 0 0 0],"tf.Tensor([ 2.9002109  4.6594214  1.0987691  2.5886118  6.0806055 11.       ], shape=(6,), dtype=float32)",0.5,[1 2 6 2 2 4 5 0 0 0 0 0 0 0 0 0 0 0 0 0 0 0 0 0 0],False,"tf.Tensor(
[[ 2.9002109  4.6594214  1.0987691  2.5886118  6.0806055 19.533735
  16.336542  18.142742  17.680613  15.808709  18.180435  17.36166
  18.763329  20.340826  17.009384  18.368483  20.905184  17.167719 ]], shape=(1, 18), dtype=float32)"
51,[1 2 6 2 2 4 5 0 0 0 0 0 0 0 0 0 0 0 0 0 0 0 0 0 0],"tf.Tensor([ 3.6105604  3.988236   2.2296486  4.030646   5.290762  12.       ], shape=(6,), dtype=float32)",0.0,[1 3 6 2 2 4 5 0 0 0 0 0 0 0 0 0 0 0 0 0 0 0 0 0 0],False,"tf.Tensor(
[[ 3.6105604  3.988236   2.2296486  4.030646   5.290762  21.148027
  17.659601  22.182383  19.638988  19.920551  22.459213  21.31383
  22.2425    21.49278   20.201414  23.108156  22.807722  23.384007 ]], shape=(1, 18), dtype=float32)"
52,[1 3 6 2 2 4 5 0 0 0 0 0 0 0 0 0 0 0 0 0 0 0 0 0 0],"tf.Tensor([ 3.659535   3.9521332  2.2604592  4.081128   5.3154173 12.       ], shape=(6,), dtype=float32)",38.0,[2 1 0 0 0 0 0 6 2 2 4 5 0 0 0 0 0 0 0 0 0 0 0 0 19],False,"tf.Tensor(
[[ 3.659535   3.9521332  2.2604592  4.081128   5.3154173 21.82729
  18.301464  22.852385  20.391539  20.665123  23.175484  21.98458
  22.882904  22.062695  20.897995  23.767729  23.476204  24.074942 ]], shape=(1, 18), dtype=float32)"
53,[2 1 0 0 0 0 0 6 2 2 4 5 0 0 0 0 0 0 0 0 0 0 0 0 19],"tf.Tensor([ 1.8340381  2.9622235  2.4547553  1.5643075  2.4988832 11.       ], shape=(6,), dtype=float32)",0.5,[2 2 6 4 2 2 5 0 0 0 0 0 0 0 0 0 0 0 0 0 0 0 0 0 19],False,"tf.Tensor(
[[ 1.8340381  2.9622235  2.4547553  1.5643075  2.4988832 28.370987
  27.142773  27.733267  27.30815   26.421577  27.132654  26.87366
  28.2119    28.690876  27.200212  27.448751  29.901247  25.621565 ]], shape=(1, 18), dtype=float32)"
54,[2 2 6 4 2 2 5 0 0 0 0 0 0 0 0 0 0 0 0 0 0 0 0 0 19],"tf.Tensor([ 1.3838096  2.714573   2.2113144  1.7899226  2.7370667 11.       ], shape=(6,), dtype=float32)",0.0,[2 3 6 4 2 2 5 0 0 0 0 0 0 0 0 0 0 0 0 0 0 0 0 0 19],False,"tf.Tensor(
[[ 1.3838096  2.714573   2.2113144  1.7899226  2.7370667 33.470043
  31.830158  32.648197  33.94637   33.244675  33.31367   32.169067
  32.012756  33.58854   32.739002  32.66946   34.078426  32.249443 ]], shape=(1, 18), dtype=float32)"
55,[2 3 6 4 2 2 5 0 0 0 0 0 0 0 0 0 0 0 0 0 0 0 0 0 19],"tf.Tensor([ 1.3405282  2.6128201  2.2121992  1.7381991  2.7386923 11.       ], shape=(6,), dtype=float32)",0.0,[3 1 0 0 0 0 0 6 4 2 2 5 0 0 0 0 0 0 0 0 0 0 0 0 19],False,"tf.Tensor(
[[ 1.3405282  2.6128201  2.2121992  1.7381991  2.7386923 33.90141
  32.385685  33.19108   34.423866  33.8568    33.868946  32.71913
  32.644543  34.0287    33.33088   33.201187  34.525608  32.751858 ]], shape=(1, 18), dtype=float32)"
56,[3 1 0 0 0 0 0 6 4 2 2 5 0 0 0 0 0 0 0 0 0 0 0 0 19],"tf.Tensor([ 1.8299599  2.6990132  2.2207887  1.5856628  2.08231   11.       ], shape=(6,), dtype=float32)",0.5,[3 2 6 2 1 5 6 0 0 0 0 0 0 0 0 0 0 0 0 0 0 0 0 0 19],False,"tf.Tensor(
[[ 1.8299599  2.6990132  2.2207887  1.5856628  2.08231   27.763369
  27.017933  27.643179  26.59119   26.29319   26.952412  26.440947
  28.102137  28.354948  27.017067  27.631834  29.226034  25.37639  ]], shape=(1, 18), dtype=float32)"
57,[3 2 6 2 1 5 6 0 0 0 0 0 0 0 0 0 0 0 0 0 0 0 0 0 19],"tf.Tensor([ 1.3606775  2.42274    2.280317   1.9430249  2.6372855 11.       ], shape=(6,), dtype=float32)",0.0,[3 3 6 2 1 5 6 0 0 0 0 0 0 0 0 0 0 0 0 0 0 0 0 0 19],False,"tf.Tensor(
[[ 1.3606775  2.42274    2.280317   1.9430249  2.6372855 33.62429
  32.004906  32.825684  33.69329   32.837784  33.588753  32.306656
  32.05464   33.80444   32.747723  32.54866   34.23602   32.48149  ]], shape=(1, 18), dtype=float32)"
58,[3 3 6 2 1 5 6 0 0 0 0 0 0 0 0 0 0 0 0 0 0 0 0 0 19],"tf.Tensor([ 1.3173928  2.3209863  2.2812002  1.8912994  2.6389103 11.       ], shape=(6,), dtype=float32)",0.0,[4 1 0 0 0 0 0 6 2 1 5 6 0 0 0 0 0 0 0 0 0 0 0 0 19],False,"tf.Tensor(
[[ 1.3173928  2.3209863  2.2812002  1.8912994  2.6389103 34.05566
  32.560436  33.368565  34.170788  33.449917  34.14402   32.856735
  32.686436  34.2446    33.339603  33.080387  34.683205  32.98391  ]], shape=(1, 18), dtype=float32)"
59,[4 1 0 0 0 0 0 6 2 1 5 6 0 0 0 0 0 0 0 0 0 0 0 0 19],"tf.Tensor([ 1.7750546  2.749043   2.3642957  1.4045563  2.0603714 11.       ], shape=(6,), dtype=float32)",0.5,[4 2 4 6 5 2 1 0 0 0 0 0 0 0 0 0 0 0 0 0 0 0 0 0 19],False,"tf.Tensor(
[[ 1.7750546  2.749043   2.3642957  1.4045563  2.0603714 28.698454
  27.672543  28.353033  27.658218  26.84477   27.630312  27.521875
  28.50962   28.923553  27.642004  27.97648   30.164928  25.95395  ]], shape=(1, 18), dtype=float32)"
60,[4 2 4 6 5 2 1 0 0 0 0 0 0 0 0 0 0 0 0 0 0 0 0 0 19],"tf.Tensor([0.85809416 2.0734997  1.5337923  1.5638305  1.9842263  3.        ], shape=(6,), dtype=float32)",0.0,[4 3 4 6 5 2 1 0 0 0 0 0 0 0 0 0 0 0 0 0 0 0 0 0 19],False,"tf.Tensor(
[[ 0.85809416  2.0734997   1.5337923   1.5638305   1.9842263  33.637768
  32.134033   33.018932   34.3683     34.246906   33.870502   32.541904
  31.6396     33.320972   33.224144   33.108185   33.31533    33.453144  ]], shape=(1, 18), dtype=float32)"
61,[4 3 4 6 5 2 1 0 0 0 0 0 0 0 0 0 0 0 0 0 0 0 0 0 19],[0 0 0 0 1 3],8.0,[5 1 0 0 0 0 0 4 6 5 2 1 0 0 0 4 0 0 0 0 0 0 0 0 19],False,"tf.Tensor(
[[ 0.81481236  1.9717453   1.5346799   1.5121068   1.9858524  34.069138
  32.689556   33.561813   34.845795   34.85903    34.425774   33.091972
  32.27139    33.76113    33.81602    33.63991    33.76251    33.95557   ]], shape=(1, 18), dtype=float32)"
62,[5 1 0 0 0 0 0 4 6 5 2 1 0 0 0 4 0 0 0 0 0 0 0 0 19],[1 1 1 0 1 2],0.4,[5 2 2 5 3 6 0 0 0 0 1 0 0 0 0 4 0 0 0 0 0 0 0 0 19],False,"tf.Tensor(
[[ 1.2226353   1.5378696   0.34349644  1.279165    0.782389   26.235493
  25.556496   26.78906    24.38238    25.78367    25.732407   26.194458
  26.351904   25.953217   26.098389   27.062597   26.930292   25.207144  ]], shape=(1, 18), dtype=float32)"
63,[5 2 2 5 3 6 0 0 0 0 1 0 0 0 0 4 0 0 0 0 0 0 0 0 19],"tf.Tensor([ 0.21916528  0.98273265  0.8890752   1.1921988   0.47126883 12.        ], shape=(6,), dtype=float32)",0.1,[5 3 2 5 3 6 1 0 0 0 0 0 0 0 0 4 0 0 0 0 0 0 0 0 19],False,"tf.Tensor(
[[ 0.21916528  0.98273265  0.8890752   1.1921988   0.47126883 29.452787
  28.205513   29.539665   29.29299    30.093246   29.700796   28.66728
  27.899994   28.854448   29.723536   28.996244   28.662685   30.350206  ]], shape=(1, 18), dtype=float32)"
64,[5 3 2 5 3 6 1 0 0 0 0 0 0 0 0 4 0 0 0 0 0 0 0 0 19],"tf.Tensor([ 0.22064753  0.80150604  0.8858031   1.126195    0.45593148 12.        ], shape=(6,), dtype=float32)",-4.0,[6 1 0 0 0 0 0 2 5 3 5 6 0 0 0 4 0 0 0 0 0 0 0 0 17],False,"tf.Tensor(
[[ 0.22064753  0.80150604  0.8858031   1.126195    0.45593148 30.139393
  29.005026   30.233648   29.972008   30.847347   30.471806   29.337143
  28.712656   29.586426   30.493135   29.699081   29.218899   31.022327  ]], shape=(1, 18), dtype=float32)"
65,[6 1 0 0 0 0 0 2 5 3 5 6 0 0 0 4 0 0 0 0 0 0 0 0 17],"tf.Tensor([ 1.241734    2.0013409   0.72380096  1.1880695   0.91627985 10.        ], shape=(6,), dtype=float32)",0.4,[6 2 5 4 2 1 0 0 0 3 0 0 0 0 0 4 0 0 0 0 0 0 0 0 17],False,"tf.Tensor(
[[ 1.241734    2.0013409   0.72380096  1.1880695   0.91627985 25.132862
  24.70094    25.659437   23.268673   24.088558   24.668545   25.038935
  25.761011   25.414402   24.790369   26.094496   25.707357   23.81578   ]], shape=(1, 18), dtype=float32)"
66,[6 2 5 4 2 1 0 0 0 3 0 0 0 0 0 4 0 0 0 0 0 0 0 0 17],"tf.Tensor([-0.07411651  0.5835943   0.4948938   0.42165694  0.7741968   4.        ], shape=(6,), dtype=float32)",0.0,[6 3 5 4 2 1 0 0 0 4 0 0 0 0 0 4 0 0 0 0 0 0 0 0 17],False,"tf.Tensor(
[[-0.07411651  0.5835943   0.4948938   0.42165694  0.7741968  26.765234
  26.501513   26.694553   26.947577   28.280586   26.606716   26.942373
  26.17491    25.898058   27.655075   27.067091   26.523027   26.761442  ]], shape=(1, 18), dtype=float32)"
67,[6 3 5 4 2 1 0 0 0 4 0 0 0 0 0 4 0 0 0 0 0 0 0 0 17],"tf.Tensor([-0.21766107  0.5454602   0.574049    0.3802751   0.9086284   4.        ], shape=(6,), dtype=float32)",10.0,[7 1 0 0 0 0 0 5 4 4 2 1 0 0 0 4 5 0 0 0 0 0 0 0 17],False,"tf.Tensor(
[[-0.21766107  0.5454602   0.574049    0.3802751   0.9086284  28.003363
  27.91908    27.731241   28.067938   29.442774   27.753023   28.068213
  27.727018   27.187056   29.027292   28.391205   27.726473   27.895908  ]], shape=(1, 18), dtype=float32)"
68,[7 1 0 0 0 0 0 5 4 4 2 1 0 0 0 4 5 0 0 0 0 0 0 0 17],"tf.Tensor([0.6694303  0.9019369  0.04679002 0.59904885 0.44541663 2.        ], shape=(6,), dtype=float32)",0.1,[7 2 2 0 0 0 0 6 0 4 6 5 0 0 0 4 5 0 0 0 0 0 0 0 17],False,"tf.Tensor(
[[ 0.6694303   0.9019369   0.04679002  0.59904885  0.44541663 24.393938
  23.8635     24.58789    22.715122   23.954256   23.667927   24.014355
  24.398348   24.064783   24.576155   24.546507   24.54278    23.40785   ]], shape=(1, 18), dtype=float32)"
69,[7 2 2 0 0 0 0 6 0 4 6 5 0 0 0 4 5 0 0 0 0 0 0 0 17],"tf.Tensor([ 0.56601864  2.1603022   1.2630831   1.1445235   1.6394562  11.        ], shape=(6,), dtype=float32)",0.30000000000000004,[7 3 2 4 6 5 0 1 0 0 0 0 0 0 0 4 5 0 0 0 0 0 0 0 17],False,"tf.Tensor(
[[ 0.56601864  2.1603022   1.2630831   1.1445235   1.6394562  28.440588
  27.609896   28.547245   26.708326   27.4945     27.805967   28.245432
  28.959978   28.374105   29.008959   27.630188   29.80057    26.401697  ]], shape=(1, 18), dtype=float32)"
70,[7 3 2 4 6 5 0 1 0 0 0 0 0 0 0 4 5 0 0 0 0 0 0 0 17],[ 1  0  0  1  0 10],0.0,[8 1 0 0 0 0 0 1 2 3 3 4 0 0 0 4 5 0 0 0 0 0 0 0 17],False,"tf.Tensor(
[[ 0.35043615  0.34563923  0.6020119   1.3982283   0.5415923  30.59764
  28.95629    30.837751   30.148312   30.997911   31.262438   29.807524
  28.930674   29.927038   30.809452   30.164293   29.232607   32.288475  ]], shape=(1, 18), dtype=float32)"
71,[8 1 0 0 0 0 0 1 2 3 3 4 0 0 0 4 5 0 0 0 0 0 0 0 17],"tf.Tensor([ 0.6294121   1.0119727   0.10733093  0.30689165 -0.05098514  2.        ], shape=(6,), dtype=float32)",0.1,[8 2 3 0 0 0 0 1 0 5 4 6 0 0 0 4 5 0 0 0 0 0 0 0 17],False,"tf.Tensor(
[[ 0.6294121   1.0119727   0.10733093  0.30689165 -0.05098514 22.236185
  21.876236   22.77169    21.157625   22.066027   21.844688   22.509237
  21.799082   21.986805   22.196163   22.541647   22.01691    21.34355   ]], shape=(1, 18), dtype=float32)"
72,[8 2 3 0 0 0 0 1 0 5 4 6 0 0 0 4 5 0 0 0 0 0 0 0 17],"tf.Tensor([0.36156768 1.3950689  0.9128931  0.6824424  0.6535     7.        ], shape=(6,), dtype=float32)",0.1,[8 3 3 5 0 0 0 4 0 0 4 5 0 0 0 4 5 0 0 0 0 0 0 0 17],False,"tf.Tensor(
[[ 0.36156768  1.3950689   0.9128931   0.6824424   0.6535     25.765879
  25.59166    25.996185   24.354212   25.374413   25.42004    26.061924
  26.241873   26.035448   26.10423    26.236668   26.092073   24.683264  ]], shape=(1, 18), dtype=float32)"
73,[8 3 3 5 0 0 0 4 0 0 4 5 0 0 0 4 5 0 0 0 0 0 0 0 17],"tf.Tensor([0.5630595  1.4553223  0.657251   0.35215697 1.0244286  9.        ], shape=(6,), dtype=float32)",0.0,[9 1 0 0 0 0 0 5 3 6 1 3 0 0 0 4 5 0 0 0 0 0 0 0 17],False,"tf.Tensor(
[[ 0.5630595   1.4553223   0.657251    0.35215697  1.0244286  28.502417
  28.215446   28.786898   27.65475    28.736727   28.002117   28.005087
  28.823574   28.576328   29.028244   28.47529    28.79016    27.334179  ]], shape=(1, 18), dtype=float32)"
74,[9 1 0 0 0 0 0 5 3 6 1 3 0 0 0 4 5 0 0 0 0 0 0 0 17],"tf.Tensor([0.27703696 0.5849614  0.10107578 0.5011029  0.12368913 9.        ], shape=(6,), dtype=float32)",0.0,[9 2 0 0 0 0 0 3 1 3 3 4 0 0 0 4 5 0 0 0 0 0 0 0 17],False,"tf.Tensor(
[[ 0.27703696  0.5849614   0.10107578  0.5011029   0.12368913 25.256266
  25.228647   25.362915   23.075428   24.695871   24.596992   25.103157
  25.691216   25.23991    25.712515   25.689114   25.069023   24.264755  ]], shape=(1, 18), dtype=float32)"
75,[9 2 0 0 0 0 0 3 1 3 3 4 0 0 0 4 5 0 0 0 0 0 0 0 17],"tf.Tensor([ 0.4382971   0.72945786  0.25151646  0.2285901  -0.16490714  2.        ], shape=(6,), dtype=float32)",0.0,[9 3 0 0 0 0 0 3 6 4 2 2 0 0 0 4 5 0 0 0 0 0 0 0 17],False,"tf.Tensor(
[[ 0.4382971   0.72945786  0.25151646  0.2285901  -0.16490714 23.372297
  23.051807   23.738724   22.125078   23.005594   22.86447    23.52397
  22.898151   22.912533   23.463095   23.367315   23.178566   22.384068  ]], shape=(1, 18), dtype=float32)"
76,[9 3 0 0 0 0 0 3 6 4 2 2 0 0 0 4 5 0 0 0 0 0 0 0 17],[1 1 1 0 1 7],0.0,[10 1 0 0 0 0 0 6 6 1 5 6 0 0 0 4 5 0 0 0 0 0 0 0 17],False,"tf.Tensor(
[[ 1.0973103e-01  1.2498021e-02 -4.8008549e-01  2.0814988e-01
   1.9251898e-02  2.5601387e+01  2.6236212e+01  2.5676275e+01
   2.3747816e+01  2.5402477e+01  2.5231165e+01  2.5335520e+01
   2.6061892e+01  2.5506453e+01  2.6040842e+01  2.6465322e+01
   2.4749737e+01  2.4972618e+01]], shape=(1, 18), dtype=float32)"
77,[10 1 0 0 0 0 0 6 6 1 5 6 0 0 0 4 5 0 0 0 0 0 0 0 17],[0 1 0 1 0 8],0.2,[10 2 6 4 0 0 0 1 0 4 0 6 0 0 0 4 5 0 0 0 0 0 0 0 17],False,"tf.Tensor(
[[ 0.7087719   1.2200311   0.24091269  0.6314595   1.0820744  28.365187
  28.27468    28.299416   26.106428   26.965864   27.640572   27.574825
  28.97218    28.745132   28.196835   28.518785   28.3449     26.923952  ]], shape=(1, 18), dtype=float32)"
78,[10 2 6 4 0 0 0 1 0 4 0 6 0 0 0 4 5 0 0 0 0 0 0 0 17],"tf.Tensor([0.10637541 0.63226914 0.3972001  0.15461525 0.88128656 4.        ], shape=(6,), dtype=float32)",0.0,[10 3 6 4 0 0 0 1 0 2 0 4 0 0 0 4 5 0 0 0 0 0 0 0 17],False,"tf.Tensor(
[[ 0.10637541  0.63226914  0.3972001   0.15461525  0.88128656 28.400856
  28.878216   28.657269   27.692015   29.476969   28.249125   28.66106
  28.992027   28.691566   29.269472   29.124851   28.160648   27.729256  ]], shape=(1, 18), dtype=float32)"
79,[10 3 6 4 0 0 0 1 0 2 0 4 0 0 0 4 5 0 0 0 0 0 0 0 17],"tf.Tensor([-0.19512181  0.09247494  0.19219472 -0.1644409   0.56236833  4.        ], shape=(6,), dtype=float32)",-10.0,[11 1 0 0 0 0 0 4 6 1 4 4 0 0 0 4 0 0 0 0 0 0 0 0 17],False,"tf.Tensor(
[[-0.19512181  0.09247494  0.19219472 -0.1644409   0.56236833 27.12786
  27.692965   27.264256   27.000408   28.615921   27.070124   27.394754
  27.246834   26.810165   28.15116    27.629154   26.565641   26.791527  ]], shape=(1, 18), dtype=float32)"
80,[11 1 0 0 0 0 0 4 6 1 4 4 0 0 0 4 0 0 0 0 0 0 0 0 17],[1 0 0 0 1 3],0.2,[11 2 6 6 0 0 0 0 5 1 2 0 0 0 0 4 0 0 0 0 0 0 0 0 17],False,"tf.Tensor(
[[ 0.57820576  0.5918313  -0.31615937  0.7012013   0.10384519 25.814047
  25.655115   26.244986   23.606098   24.869183   25.400658   25.9748
  25.530235   25.539543   25.553154   26.407639   25.445145   25.06035   ]], shape=(1, 18), dtype=float32)"
81,[11 2 6 6 0 0 0 0 5 1 2 0 0 0 0 4 0 0 0 0 0 0 0 0 17],"tf.Tensor([ 0.19868809  0.08541961 -0.612836   -0.36030892  0.78161913 10.        ], shape=(6,), dtype=float32)",0.0,[11 3 6 6 0 0 0 0 6 5 1 0 0 0 0 4 0 0 0 0 0 0 0 0 17],False,"tf.Tensor(
[[ 0.19868809  0.08541961 -0.612836   -0.36030892  0.78161913 29.822565
  30.456497   29.564268   29.733196   31.239016   29.460436   30.297894
  29.579182   29.07209    30.353561   31.250347   28.86963    29.564306  ]], shape=(1, 18), dtype=float32)"
82,[11 3 6 6 0 0 0 0 6 5 1 0 0 0 0 4 0 0 0 0 0 0 0 0 17],"tf.Tensor([ 0.27509353  0.24510796 -0.35538733 -0.20462236  1.4565557  10.        ], shape=(6,), dtype=float32)",0.0,[12 1 0 0 0 0 0 6 2 2 1 6 0 0 0 4 0 0 0 0 0 0 0 0 17],False,"tf.Tensor(
[[ 0.27509353  0.24510796 -0.35538733 -0.20462236  1.4565557  33.651466
  34.395214   32.69264    33.124283   34.42372    32.876137   33.607944
  33.843433   33.08487    33.97387    35.1913     32.73884    32.905582  ]], shape=(1, 18), dtype=float32)"
83,[12 1 0 0 0 0 0 6 2 2 1 6 0 0 0 4 0 0 0 0 0 0 0 0 17],"tf.Tensor([ 0.4546047   0.322093    0.35417914  0.72167337 -0.37461513  2.        ], shape=(6,), dtype=float32)",0.0,[12 2 0 0 0 0 0 3 4 4 6 2 0 0 0 4 0 0 0 0 0 0 0 0 17],False,"tf.Tensor(
[[ 0.4546047   0.322093    0.35417914  0.72167337 -0.37461513 24.711918
  24.315493   25.2676     22.527903   23.776228   24.386915   25.01193
  24.27938    24.223684   24.727638   24.730173   24.591496   23.959887  ]], shape=(1, 18), dtype=float32)"
84,[12 2 0 0 0 0 0 3 4 4 6 2 0 0 0 4 0 0 0 0 0 0 0 0 17],"tf.Tensor([ 0.30969113  0.4450128  -0.49974835  0.5215647  -0.20800762  6.        ], shape=(6,), dtype=float32)",0.0,[12 3 0 0 0 0 0 4 1 1 3 2 0 0 0 4 0 0 0 0 0 0 0 0 17],False,"tf.Tensor(
[[ 0.30969113  0.4450128  -0.49974835  0.5215647  -0.20800762 26.982056
  26.626677   27.216557   24.854853   26.182405   26.321297   27.720917
  26.409346   25.98506    26.847942   27.715775   26.499073   26.296515  ]], shape=(1, 18), dtype=float32)"
85,[12 3 0 0 0 0 0 4 1 1 3 2 0 0 0 4 0 0 0 0 0 0 0 0 17],"tf.Tensor([ 0.18266673 -0.34710717 -0.06492971  0.1390383  -0.7567881   6.        ], shape=(6,), dtype=float32)",0.0,[13 1 0 0 0 0 0 1 1 1 5 5 0 0 0 4 0 0 0 0 0 0 0 0 17],False,"tf.Tensor(
[[ 0.18266673 -0.34710717 -0.06492971  0.1390383  -0.7567881  23.645138
  23.002117   24.136053   22.595774   23.429338   23.2453     24.34929
  22.030289   22.188671   23.483713   23.235666   23.071112   23.481537  ]], shape=(1, 18), dtype=float32)"
86,[13 1 0 0 0 0 0 1 1 1 5 5 0 0 0 4 0 0 0 0 0 0 0 0 17],"tf.Tensor([ 0.67795795  0.6230322  -0.04624711  0.50872266 -0.3088433   6.        ], shape=(6,), dtype=float32)",0.0,[13 2 0 0 0 0 0 6 6 5 3 6 0 0 0 4 0 0 0 0 0 0 0 0 17],False,"tf.Tensor(
[[ 0.67795795  0.6230322  -0.04624711  0.50872266 -0.3088433  24.943321
  24.051785   25.32095    24.011906   24.321194   24.573595   25.656214
  23.092127   23.515196   24.247263   24.963537   24.438519   24.363932  ]], shape=(1, 18), dtype=float32)"
87,[13 2 0 0 0 0 0 6 6 5 3 6 0 0 0 4 0 0 0 0 0 0 0 0 17],"tf.Tensor([ 0.35476857  0.5133821  -0.16502117  0.84544706  0.13331087 10.        ], shape=(6,), dtype=float32)",0.0,[13 3 0 0 0 0 0 6 1 3 2 3 0 0 0 4 0 0 0 0 0 0 0 0 17],False,"tf.Tensor(
[[ 0.35476857  0.5133821  -0.16502117  0.84544706  0.13331087 30.351341
  30.67271    30.60222    26.704844   28.726294   29.706066   30.235106
  31.195282   31.000582   30.46142    31.316595   29.8042     29.14412   ]], shape=(1, 18), dtype=float32)"
88,[13 3 0 0 0 0 0 6 1 3 2 3 0 0 0 4 0 0 0 0 0 0 0 0 17],"tf.Tensor([-0.09250014 -0.47448838  0.00962318  0.33079705 -0.71069485  6.        ], shape=(6,), dtype=float32)",0.0,[14 1 0 0 0 0 0 3 5 5 3 2 0 0 0 4 0 0 0 0 0 0 0 0 17],True,"tf.Tensor(
[[-9.2500135e-02 -4.7448838e-01  9.6231848e-03  3.3079705e-01
  -7.1069485e-01  2.5422075e+01  2.5258654e+01  2.5733101e+01
   2.3396326e+01  2.4863504e+01  2.4967712e+01  2.5985611e+01
   2.4551197e+01  2.4427368e+01  2.5633982e+01  2.5268190e+01
   2.4814308e+01  2.5055431e+01]], shape=(1, 18), dtype=float32)"
89,[1 1 0 0 0 0 0 5 3 2 1 5 0 0 0 0 0 0 0 0 0 0 0 0 0],"tf.Tensor([ 2.6667006  3.984743   0.9113118  2.6026025  4.9228497 11.       ], shape=(6,), dtype=float32)",0.5,[1 2 5 3 2 1 5 0 0 0 0 0 0 0 0 0 0 0 0 0 0 0 0 0 0],False,"tf.Tensor(
[[ 2.6667006  3.984743   0.9113118  2.6026025  4.9228497 16.415808
  13.894008  16.004591  14.663871  13.908876  15.9749775 14.810755
  16.36133   17.490864  14.784994  16.082481  17.70473   15.103412 ]], shape=(1, 18), dtype=float32)"
90,[1 2 5 3 2 1 5 0 0 0 0 0 0 0 0 0 0 0 0 0 0 0 0 0 0],"tf.Tensor([ 3.2169778  3.485645   1.8495879  3.1625266  4.3080435 10.       ], shape=(6,), dtype=float32)",0.0,[1 3 5 3 2 1 5 0 0 0 0 0 0 0 0 0 0 0 0 0 0 0 0 0 0],False,"tf.Tensor(
[[ 3.2169778  3.485645   1.8495879  3.1625266  4.3080435 18.16714
  15.086841  18.9613    16.928516  17.682459  19.279491  18.573902
  19.450165  18.761244  17.577778  20.191135  19.40711   19.972929 ]], shape=(1, 18), dtype=float32)"
91,[1 3 5 3 2 1 5 0 0 0 0 0 0 0 0 0 0 0 0 0 0 0 0 0 0],[1 0 1 1 0 5],0.0,[2 1 0 0 0 0 0 5 3 2 1 5 0 0 0 0 0 0 0 0 0 0 0 0 0],False,"tf.Tensor(
[[ 3.2625506  3.4400394  1.8748744  3.2414637  4.3891296 18.813606
  15.728823  19.588133  17.61122   18.340536  19.986542  19.191069
  20.078817  19.341284  18.188015  20.834894  20.034412  20.692568 ]], shape=(1, 18), dtype=float32)"
92,[2 1 0 0 0 0 0 5 3 2 1 5 0 0 0 0 0 0 0 0 0 0 0 0 0],"tf.Tensor([ 2.6337986   3.8258467   0.83792055  2.5326324   4.7191496  11.        ], shape=(6,), dtype=float32)",0.4,[2 2 2 2 4 4 0 0 0 3 0 0 0 0 0 0 0 0 0 0 0 0 0 0 0],False,"tf.Tensor(
[[ 2.6337986   3.8258467   0.83792055  2.5326324   4.7191496  16.270681
  13.8986635  15.967909   14.414084   13.82323    15.842209   14.662594
  16.28101    17.467485   14.69545    15.98434    17.51137    14.909449  ]], shape=(1, 18), dtype=float32)"
93,[2 2 2 2 4 4 0 0 0 3 0 0 0 0 0 0 0 0 0 0 0 0 0 0 0],"tf.Tensor([ 2.861095   3.3489726  1.6635792  2.9604292  3.5352523 10.       ], shape=(6,), dtype=float32)",0.1,[2 3 2 2 4 4 3 0 0 0 0 0 0 0 0 0 0 0 0 0 0 0 0 0 0],False,"tf.Tensor(
[[ 2.861095   3.3489726  1.6635792  2.9604292  3.5352523 17.734753
  14.861881  18.920822  16.618057  17.28426   18.914585  18.578629
  18.54597   18.082165  17.393595  19.792276  18.797379  19.712927 ]], shape=(1, 18), dtype=float32)"
94,[2 3 2 2 4 4 3 0 0 0 0 0 0 0 0 0 0 0 0 0 0 0 0 0 0],"tf.Tensor([ 2.8545563  3.290629   1.786361   3.213958   3.3774822 12.       ], shape=(6,), dtype=float32)",30.0,[3 1 0 0 0 0 0 2 2 3 4 4 0 0 0 0 0 0 0 0 0 0 0 0 15],False,"tf.Tensor(
[[ 2.8545563  3.290629   1.786361   3.213958   3.3774822 18.596329
  15.52903   20.148125  17.34794   18.38502   20.15898   19.47384
  19.616623  18.845238  18.485136  20.639658  19.652752  20.935884 ]], shape=(1, 18), dtype=float32)"
95,[3 1 0 0 0 0 0 2 2 3 4 4 0 0 0 0 0 0 0 0 0 0 0 0 15],"tf.Tensor([ 1.473694   2.4220614  1.7405982  1.2955408  1.6149207 11.       ], shape=(6,), dtype=float32)",0.5,[3 2 6 3 6 2 3 0 0 0 0 0 0 0 0 0 0 0 0 0 0 0 0 0 15],False,"tf.Tensor(
[[ 1.473694   2.4220614  1.7405982  1.2955408  1.6149207 22.801373
  22.018072  22.635891  21.892427  21.452211  22.07381   22.155046
  22.74301   23.156506  21.874744  22.826439  23.821768  20.909552 ]], shape=(1, 18), dtype=float32)"
96,[3 2 6 3 6 2 3 0 0 0 0 0 0 0 0 0 0 0 0 0 0 0 0 0 15],"tf.Tensor([1.2595391 2.1809192 1.8251584 2.3117301 2.9009516 5.       ], shape=(6,), dtype=float32)",0.0,[3 3 6 3 6 2 3 0 0 0 0 0 0 0 0 0 0 0 0 0 0 0 0 0 15],False,"tf.Tensor(
[[ 1.2595391  2.1809192  1.8251584  2.3117301  2.9009516 31.76933
  29.80556   31.405918  32.03906   31.951     32.45695   31.056128
  30.39012   31.623657  31.360191  31.478632  32.129787  32.028206 ]], shape=(1, 18), dtype=float32)"
97,[3 3 6 3 6 2 3 0 0 0 0 0 0 0 0 0 0 0 0 0 0 0 0 0 15],"tf.Tensor([1.2410164 2.1019533 1.8510604 2.2923484 2.9225802 5.       ], shape=(6,), dtype=float32)",24.0,[4 1 0 0 0 0 0 6 3 6 2 3 0 0 0 0 0 12 0 0 0 0 0 0 15],False,"tf.Tensor(
[[ 1.2410164  2.1019533  1.8510604  2.2923484  2.9225802 32.191708
  30.356327  31.97032   32.49053   32.580097  33.040874  31.644354
  31.056479  32.02812   31.973495  32.0818    32.574802  32.569614 ]], shape=(1, 18), dtype=float32)"
98,[4 1 0 0 0 0 0 6 3 6 2 3 0 0 0 0 0 12 0 0 0 0 0 0 15],"tf.Tensor([1.2105508 1.4392809 1.8725264 1.5215868 1.1369455 7.       ], shape=(6,), dtype=float32)",0.5,[4 2 1 5 2 5 1 0 0 0 0 0 0 0 0 0 0 12 0 0 0 0 0 0 15],False,"tf.Tensor(
[[ 1.2105508  1.4392809  1.8725264  1.5215868  1.1369455 28.642921
  28.010256  28.855974  25.845623  26.820818  28.182478  27.899591
  29.989723  29.003235  28.632156  28.414606  29.8562    26.28115  ]], shape=(1, 18), dtype=float32)"
99,[4 2 1 5 2 5 1 0 0 0 0 0 0 0 0 0 0 12 0 0 0 0 0 0 15],"tf.Tensor([0.9578125  0.7083876  1.5306611  0.81127447 0.7132124  9.        ], shape=(6,), dtype=float32)",0.0,[4 3 1 5 2 5 1 0 0 0 0 0 0 0 0 0 0 12 0 0 0 0 0 0 15],False,"tf.Tensor(
[[ 0.9578125   0.7083876   1.5306611   0.81127447  0.7132124  28.198599
  26.787922   28.283682   27.699184   28.216702   28.116228   27.472048
  27.895227   27.046633   28.316618   27.6669     27.773458   28.008404  ]], shape=(1, 18), dtype=float32)"
100,[4 3 1 5 2 5 1 0 0 0 0 0 0 0 0 0 0 12 0 0 0 0 0 0 15],"tf.Tensor([0.78569025 0.51272094 1.5450983  0.7545031  0.6821754  9.        ], shape=(6,), dtype=float32)",0.0,[5 1 0 0 0 0 0 1 5 2 5 1 0 0 0 0 0 12 0 0 0 0 0 0 15],False,"tf.Tensor(
[[ 0.78569025  0.51272094  1.5450983   0.7545031   0.6821754  28.575705
  27.430044   28.644838   28.078142   28.762342   28.602913   27.879564
  28.534134   27.389141   28.941086   28.203705   28.07532    28.482315  ]], shape=(1, 18), dtype=float32)"
101,[5 1 0 0 0 0 0 1 5 2 5 1 0 0 0 0 0 12 0 0 0 0 0 0 15],"tf.Tensor([1.6153376  0.8990921  0.93176895 0.93012184 0.3773625  2.        ], shape=(6,), dtype=float32)",0.30000000000000004,[5 2 4 3 5 0 0 0 2 0 0 5 0 0 0 0 0 12 0 0 0 0 0 0 15],False,"tf.Tensor(
[[ 1.6153376   0.8990921   0.93176895  0.93012184  0.3773625  25.050095
  24.118986   25.492287   23.116589   23.426733   24.599262   24.822712
  24.972761   24.49967    24.044271   25.070332   25.284359   23.311922  ]], shape=(1, 18), dtype=float32)"
102,[5 2 4 3 5 0 0 0 2 0 0 5 0 0 0 0 0 12 0 0 0 0 0 0 15],"tf.Tensor([1.2766342 1.2960206 1.7061937 1.2002299 1.1922948 5.       ], shape=(6,), dtype=float32)",0.2,[5 3 4 3 5 2 5 0 0 0 0 0 0 0 0 0 0 12 0 0 0 0 0 0 15],False,"tf.Tensor(
[[ 1.2766342  1.2960206  1.7061937  1.2002299  1.1922948 28.864168
  27.981115  29.73518   28.405859  29.454252  29.770063  29.033852
  29.710035  28.425423  29.320877  29.714306  29.049068  28.42694  ]], shape=(1, 18), dtype=float32)"
103,[5 3 4 3 5 2 5 0 0 0 0 0 0 0 0 0 0 12 0 0 0 0 0 0 15],[ 1  1  1  0  0 10],0.0,[6 1 0 0 0 0 0 4 2 3 5 5 0 0 0 0 0 12 0 0 0 0 0 0 15],False,"tf.Tensor(
[[ 1.115225    0.95708084  1.7976243   1.1714429   1.4385237  32.63003
  30.932623   32.294445   32.09047    32.329502   32.74035    31.849447
  32.26253    31.433552   32.63506    32.14906    32.210182   32.091114  ]], shape=(1, 18), dtype=float32)"
104,[6 1 0 0 0 0 0 4 2 3 5 5 0 0 0 0 0 12 0 0 0 0 0 0 15],"tf.Tensor([ 1.4667487   1.1567622   1.7908387   0.85589105  0.4006374  11.        ], shape=(6,), dtype=float32)",0.30000000000000004,[6 2 1 5 5 0 0 0 0 0 3 3 0 0 0 0 0 12 0 0 0 0 0 0 15],False,"tf.Tensor(
[[ 1.4667487   1.1567622   1.7908387   0.85589105  0.4006374  26.84658
  26.167149   27.335543   24.447193   24.963015   26.11646    26.287397
  27.529764   27.075356   26.401957   26.459417   27.58608    24.277994  ]], shape=(1, 18), dtype=float32)"
105,[6 2 1 5 5 0 0 0 0 0 3 3 0 0 0 0 0 12 0 0 0 0 0 0 15],"tf.Tensor([1.201147   1.0965624  1.020298   0.7536966  0.48521137 2.        ], shape=(6,), dtype=float32)",0.0,[6 3 1 5 5 0 0 0 0 0 6 4 0 0 0 0 0 12 0 0 0 0 0 0 15],False,"tf.Tensor(
[[ 1.201147    1.0965624   1.020298    0.7536966   0.48521137 28.761328
  27.423409   29.152674   28.018745   28.665018   28.830996   28.645054
  28.432814   27.69502    28.568817   28.784853   28.391943   27.85918   ]], shape=(1, 18), dtype=float32)"
106,[6 3 1 5 5 0 0 0 0 0 6 4 0 0 0 0 0 12 0 0 0 0 0 0 15],"tf.Tensor([1.3292755  1.6266277  1.2172716  0.94905525 0.78723073 2.        ], shape=(6,), dtype=float32)",0.0,[7 1 0 0 0 0 0 1 5 5 5 5 0 0 0 0 0 12 0 0 0 0 0 0 15],False,"tf.Tensor(
[[ 1.3292755   1.6266277   1.2172716   0.94905525  0.78723073 30.69793
  29.283373   31.108828   29.698914   30.257198   30.74661    30.524282
  30.743385   29.843754   30.45665    30.90123    30.600172   29.520569  ]], shape=(1, 18), dtype=float32)"
107,[7 1 0 0 0 0 0 1 5 5 5 5 0 0 0 0 0 12 0 0 0 0 0 0 15],"tf.Tensor([1.4813348  1.2356213  1.1891341  0.90508634 0.54293156 7.        ], shape=(6,), dtype=float32)",0.4,[7 2 3 6 2 6 0 0 0 0 0 2 0 0 0 0 0 12 0 0 0 0 0 0 15],False,"tf.Tensor(
[[ 1.4813348   1.2356213   1.1891341   0.90508634  0.54293156 28.28409
  27.753399   28.41618    25.831894   26.182247   27.692293   27.61607
  28.821512   28.596327   27.331905   28.61349    28.293777   25.988173  ]], shape=(1, 18), dtype=float32)"
108,[7 2 3 6 2 6 0 0 0 0 0 2 0 0 0 0 0 12 0 0 0 0 0 0 15],"tf.Tensor([0.6901956  0.47446644 1.4667861  0.58127815 0.7824855  4.        ], shape=(6,), dtype=float32)",0.0,[7 3 3 6 2 6 0 0 0 0 0 5 0 0 0 0 0 12 0 0 0 0 0 0 15],False,"tf.Tensor(
[[ 0.6901956   0.47446644  1.4667861   0.58127815  0.7824855  30.827099
  29.949137   31.342115   30.47924    31.702486   31.18252    30.731493
  31.051996   29.924812   31.56757    30.807447   30.272299   30.948536  ]], shape=(1, 18), dtype=float32)"
109,[7 3 3 6 2 6 0 0 0 0 0 5 0 0 0 0 0 12 0 0 0 0 0 0 15],"tf.Tensor([1.3964155 1.3193066 1.7439265 1.1287425 1.0703481 2.       ], shape=(6,), dtype=float32)",6.0,[8 1 0 0 0 0 0 3 6 2 6 1 0 0 3 0 0 12 0 0 0 0 0 0 15],False,"tf.Tensor(
[[ 1.3964155  1.3193066  1.7439265  1.1287425  1.0703481 32.016987
  31.04984   33.50205   31.402597  33.06281   32.971615  32.46838
  33.017357  31.499836  32.972782  32.926914  31.979967  32.22396  ]], shape=(1, 18), dtype=float32)"
110,[8 1 0 0 0 0 0 3 6 2 6 1 0 0 3 0 0 12 0 0 0 0 0 0 15],"tf.Tensor([ 1.19792     0.42075157  0.14835376  0.7991813  -0.07740343  2.        ], shape=(6,), dtype=float32)",0.1,[8 2 5 0 0 0 0 0 4 1 6 1 0 0 3 0 0 12 0 0 0 0 0 0 15],False,"tf.Tensor(
[[ 1.19792     0.42075157  0.14835376  0.7991813  -0.07740343 27.535892
  27.1499     28.192656   23.795134   25.385002   26.750607   27.137283
  27.98214    28.173237   26.856035   27.484892   27.146626   25.788809  ]], shape=(1, 18), dtype=float32)"
111,[8 2 5 0 0 0 0 0 4 1 6 1 0 0 3 0 0 12 0 0 0 0 0 0 15],"tf.Tensor([0.6121978  0.13572694 0.48201388 0.01286574 0.32650888 7.        ], shape=(6,), dtype=float32)",0.0,[8 3 5 0 0 0 0 0 3 1 6 4 0 0 3 0 0 12 0 0 0 0 0 0 15],False,"tf.Tensor(
[[6.1219782e-01 1.3572694e-01 4.8201388e-01 1.2865737e-02 3.2650888e-01
  2.7609196e+01 2.7708075e+01 2.7724394e+01 2.5437344e+01 2.6615250e+01
  2.6623953e+01 2.7288342e+01 2.7938507e+01 2.7759689e+01 2.7539768e+01
  2.7304556e+01 2.7245527e+01 2.5724083e+01]], shape=(1, 18), dtype=float32)"
112,[8 3 5 0 0 0 0 0 3 1 6 4 0 0 3 0 0 12 0 0 0 0 0 0 15],[ 1  1  0  1  1 12],6.0,[9 1 0 0 0 0 0 5 1 5 6 1 0 0 3 0 0 12 0 0 0 0 0 0 18],False,"tf.Tensor(
[[ 0.8882242   0.7351042   0.9984006   0.22623892  0.40538895 28.439442
  28.60491    28.973997   26.213078   27.256325   27.776588   28.138338
  29.239813   29.195438   28.429144   28.3004     28.492718   26.24198   ]], shape=(1, 18), dtype=float32)"
113,[9 1 0 0 0 0 0 5 1 5 6 1 0 0 3 0 0 12 0 0 0 0 0 0 18],[ 1  1  0  1  0 10],0.30000000000000004,[9 2 4 6 5 0 0 0 0 4 0 3 0 0 3 0 0 12 0 0 0 0 0 0 18],False,"tf.Tensor(
[[ 1.0768267   0.89013326  0.93549126  0.5263259   0.03699851 30.062227
  29.153934   30.731356   26.986135   28.470354   28.828152   30.383413
  30.29717    29.913965   29.848175   29.3788     30.73594    27.770441  ]], shape=(1, 18), dtype=float32)"
114,[9 2 4 6 5 0 0 0 0 4 0 3 0 0 3 0 0 12 0 0 0 0 0 0 18],"tf.Tensor([0.28211635 0.86717856 0.767224   0.01379855 1.021733   9.        ], shape=(6,), dtype=float32)",0.1,[9 3 4 6 5 3 0 0 0 1 0 0 0 0 3 0 0 12 0 0 0 0 0 0 18],False,"tf.Tensor(
[[2.8211635e-01 8.6717856e-01 7.6722401e-01 1.3798550e-02 1.0217330e+00
  3.5685581e+01 3.5069283e+01 3.5338383e+01 3.4662907e+01 3.6210667e+01
  3.4960567e+01 3.5298626e+01 3.5809715e+01 3.5279812e+01 3.6234493e+01
  3.5565807e+01 3.4647823e+01 3.4782616e+01]], shape=(1, 18), dtype=float32)"
115,[9 3 4 6 5 3 0 0 0 1 0 0 0 0 3 0 0 12 0 0 0 0 0 0 18],"tf.Tensor([-0.17716189 -0.19171451  0.91816777 -0.1536061   0.70276165  4.        ], shape=(6,), dtype=float32)",10.0,[10 1 0 0 0 0 0 4 6 5 5 2 0 0 3 0 5 12 0 0 0 0 0 0 18],False,"tf.Tensor(
[[-0.17716189 -0.19171451  0.91816777 -0.1536061   0.70276165 35.26142
  34.506874   34.852932   34.945004   36.157555   34.88258    34.75229
  34.764626   34.187477   36.02172    34.570423   33.773945   35.533154  ]], shape=(1, 18), dtype=float32)"
116,[10 1 0 0 0 0 0 4 6 5 5 2 0 0 3 0 5 12 0 0 0 0 0 0 18],"tf.Tensor([0.9044854  0.41403496 0.1323902  0.6701781  0.27974975 7.        ], shape=(6,), dtype=float32)",0.1,[10 2 1 0 0 0 0 0 4 4 4 6 0 0 3 0 5 12 0 0 0 0 0 0 18],False,"tf.Tensor(
[[ 0.9044854   0.41403496  0.1323902   0.6701781   0.27974975 32.444813
  32.0398     32.382603   28.355143   30.184713   31.225977   31.608112
  33.260635   32.960308   31.9086     32.283955   31.711622   30.528622  ]], shape=(1, 18), dtype=float32)"
117,[10 2 1 0 0 0 0 0 4 4 4 6 0 0 3 0 5 12 0 0 0 0 0 0 18],"tf.Tensor([ 0.74954134  0.37753892  0.6353277  -0.03476278 -0.09557176  8.        ], shape=(6,), dtype=float32)",0.0,[10 3 1 0 0 0 0 0 6 4 3 6 0 0 3 0 5 12 0 0 0 0 0 0 18],False,"tf.Tensor(
[[ 0.74954134  0.37753892  0.6353277  -0.03476278 -0.09557176 29.669971
  29.899462   29.81661    27.167625   28.18671    28.964277   29.274708
  30.200195   30.23573    29.20721    29.638044   28.741035   27.659578  ]], shape=(1, 18), dtype=float32)"
118,[10 3 1 0 0 0 0 0 6 4 3 6 0 0 3 0 5 12 0 0 0 0 0 0 18],"tf.Tensor([ 0.64652556  0.0890087   0.40508443  0.08059366 -0.01117456  8.        ], shape=(6,), dtype=float32)",0.0,[11 1 0 0 0 0 0 1 3 2 2 5 0 0 3 0 5 12 0 0 0 0 0 0 18],False,"tf.Tensor(
[[ 6.4652556e-01  8.9008704e-02  4.0508443e-01  8.0593660e-02
  -1.1174560e-02  3.0778194e+01  3.1529108e+01  3.0874123e+01
   2.7976095e+01  2.9337702e+01  3.0293785e+01  2.9997601e+01
   3.1680796e+01  3.1802919e+01  3.0427921e+01  3.1068262e+01
   2.9519718e+01  2.8940371e+01]], shape=(1, 18), dtype=float32)"
119,[11 1 0 0 0 0 0 1 3 2 2 5 0 0 3 0 5 12 0 0 0 0 0 0 18],"tf.Tensor([ 0.7422525  -0.22150551  0.3352725   0.0867209  -0.47497404  2.        ], shape=(6,), dtype=float32)",0.0,[11 2 0 0 0 0 0 2 1 2 6 1 0 0 3 0 5 12 0 0 0 0 0 0 18],False,"tf.Tensor(
[[ 0.7422525  -0.22150551  0.3352725   0.0867209  -0.47497404 25.85972
  26.200941   27.011105   23.852072   25.429596   26.129429   26.738457
  26.057564   26.18783    25.6172     26.052345   25.180466   24.90482   ]], shape=(1, 18), dtype=float32)"
120,[11 2 0 0 0 0 0 2 1 2 6 1 0 0 3 0 5 12 0 0 0 0 0 0 18],"tf.Tensor([ 0.61638194 -0.24210118  0.26171428 -0.17614107 -0.46357334  6.        ], shape=(6,), dtype=float32)",0.0,[11 3 0 0 0 0 0 3 3 6 1 6 0 0 3 0 5 12 0 0 0 0 0 0 18],False,"tf.Tensor(
[[ 0.61638194 -0.24210118  0.26171428 -0.17614107 -0.46357334 27.911234
  27.72066    28.503456   26.045004   27.171543   27.289545   28.51397
  27.331669   27.2228     27.570147   27.366793   27.297094   26.633034  ]], shape=(1, 18), dtype=float32)"
121,[11 3 0 0 0 0 0 3 3 6 1 6 0 0 3 0 5 12 0 0 0 0 0 0 18],"tf.Tensor([ 0.38062447  0.23827638  0.5192148   0.25701708 -0.15374196  7.        ], shape=(6,), dtype=float32)",0.0,[12 1 0 0 0 0 0 2 4 1 5 5 0 0 3 0 5 12 0 0 0 0 0 0 18],False,"tf.Tensor(
[[ 0.38062447  0.23827638  0.5192148   0.25701708 -0.15374196 30.4664
  31.272215   30.91201    27.378618   29.309431   30.073336   29.944136
  31.92184    31.565107   30.73624    30.726374   29.85567    28.823214  ]], shape=(1, 18), dtype=float32)"
122,[12 1 0 0 0 0 0 2 4 1 5 5 0 0 3 0 5 12 0 0 0 0 0 0 18],"tf.Tensor([ 0.87213236  0.0152197   0.17371804  0.23830374 -0.3504331   2.        ], shape=(6,), dtype=float32)",0.0,[12 2 0 0 0 0 0 3 5 6 6 1 0 0 3 0 5 12 0 0 0 0 0 0 18],False,"tf.Tensor(
[[ 8.7213236e-01  1.5219703e-02  1.7371804e-01  2.3830374e-01
  -3.5043311e-01  2.8893295e+01  2.9157791e+01  2.9754370e+01
   2.6110565e+01  2.7517296e+01  2.8733084e+01  2.9181568e+01
   2.9104450e+01  2.9466738e+01  2.8369205e+01  2.8994785e+01
   2.8062681e+01  2.7372833e+01]], shape=(1, 18), dtype=float32)"
123,[12 2 0 0 0 0 0 3 5 6 6 1 0 0 3 0 5 12 0 0 0 0 0 0 18],"tf.Tensor([ 0.50160867 -0.10115896 -0.20494276  0.17502208  0.03524029  7.        ], shape=(6,), dtype=float32)",0.0,[12 3 0 0 0 0 0 4 1 2 6 4 0 0 3 0 5 12 0 0 0 0 0 0 18],False,"tf.Tensor(
[[ 0.50160867 -0.10115896 -0.20494276  0.17502208  0.03524029 33.239407
  33.165615   32.964935   29.416325   31.304552   31.853794   32.72133
  33.759686   33.45519    32.814934   33.05749    32.053154   31.462286  ]], shape=(1, 18), dtype=float32)"
124,[12 3 0 0 0 0 0 4 1 2 6 4 0 0 3 0 5 12 0 0 0 0 0 0 18],"tf.Tensor([ 0.549545    0.14264645  0.54000825  0.09263153 -0.39998424  2.        ], shape=(6,), dtype=float32)",-6.0,[13 1 0 0 0 0 0 5 3 6 6 1 0 0 0 0 5 12 0 0 0 0 0 0 18],False,"tf.Tensor(
[[ 0.549545    0.14264645  0.54000825  0.09263153 -0.39998424 30.866917
  31.106012   31.413553   27.989841   29.300068   30.235392   30.739056
  31.32217    31.232294   30.825169   30.499062   30.345125   28.9387    ]], shape=(1, 18), dtype=float32)"
125,[13 1 0 0 0 0 0 5 3 6 6 1 0 0 0 0 5 12 0 0 0 0 0 0 18],"tf.Tensor([ 0.6679664  -0.12694     0.39464182  0.44935054 -0.1106652   7.        ], shape=(6,), dtype=float32)",0.0,[13 2 0 0 0 0 0 5 6 5 5 4 0 0 0 0 5 12 0 0 0 0 0 0 18],False,"tf.Tensor(
[[ 0.6679664  -0.12694     0.39464182  0.44935054 -0.1106652  33.042267
  32.610535   32.83403    29.637983   31.107683   31.93073    32.978508
  33.295757   32.702206   32.592583   32.635548   32.474033   31.050543  ]], shape=(1, 18), dtype=float32)"
126,[13 2 0 0 0 0 0 5 6 5 5 4 0 0 0 0 5 12 0 0 0 0 0 0 18],"tf.Tensor([0.83256274 0.15112855 0.38484794 0.788109   0.01702476 7.        ], shape=(6,), dtype=float32)",0.0,[13 3 0 0 0 0 0 6 4 3 4 6 0 0 0 0 5 12 0 0 0 0 0 0 18],False,"tf.Tensor(
[[8.3256274e-01 1.5112855e-01 3.8484794e-01 7.8810900e-01 1.7024755e-02
  3.5012478e+01 3.5322491e+01 3.4907486e+01 3.0952065e+01 3.2530697e+01
  3.4180786e+01 3.3931530e+01 3.6054592e+01 3.5832790e+01 3.4551678e+01
  3.5125687e+01 3.4165688e+01 3.2774380e+01]], shape=(1, 18), dtype=float32)"
127,[13 3 0 0 0 0 0 6 4 3 4 6 0 0 0 0 5 12 0 0 0 0 0 0 18],"tf.Tensor([ 0.7249251   0.14128686  0.68802565  0.6903363  -0.15292716  7.        ], shape=(6,), dtype=float32)",0.0,[14 1 0 0 0 0 0 4 6 3 2 5 0 0 0 0 5 12 0 0 0 0 0 0 18],True,"tf.Tensor(
[[ 0.7249251   0.14128686  0.68802565  0.6903363  -0.15292716 33.67084
  34.279896   34.272263   30.02369    31.79572    33.349934   32.918247
  34.98966    34.62645    33.76318    33.878017   33.206715   31.61903   ]], shape=(1, 18), dtype=float32)"
128,[1 1 0 0 0 0 0 4 2 3 3 3 0 0 0 0 0 0 0 0 0 0 0 0 0],"tf.Tensor([ 2.6078727  3.9367418  0.9945197  2.1825638  4.7143474 11.       ], shape=(6,), dtype=float32)",0.5,[1 2 4 2 3 3 3 0 0 0 0 0 0 0 0 0 0 0 0 0 0 0 0 0 0],False,"tf.Tensor(
[[ 2.6078727  3.9367418  0.9945197  2.1825638  4.7143474 15.589178
  12.954989  14.785914  13.93606   12.973693  14.710185  14.431088
  15.46513   16.623768  13.818762  15.257031  16.849527  14.068286 ]], shape=(1, 18), dtype=float32)"
129,[1 2 4 2 3 3 3 0 0 0 0 0 0 0 0 0 0 0 0 0 0 0 0 0 0],"tf.Tensor([ 2.9187348  3.309073   1.9018667  3.2569647  3.8814728 12.       ], shape=(6,), dtype=float32)",0.0,[1 3 4 2 3 3 3 0 0 0 0 0 0 0 0 0 0 0 0 0 0 0 0 0 0],False,"tf.Tensor(
[[ 2.9187348  3.309073   1.9018667  3.2569647  3.8814728 17.678215
  14.780472  18.9433    16.483244  17.152397  19.048819  18.2608
  18.66802   18.047033  17.265772  19.553185  18.979862  19.772152 ]], shape=(1, 18), dtype=float32)"
130,[1 3 4 2 3 3 3 0 0 0 0 0 0 0 0 0 0 0 0 0 0 0 0 0 0],"tf.Tensor([ 2.9355948  3.263348   1.9311835  3.272932   3.8760903 12.       ], shape=(6,), dtype=float32)",30.0,[2 1 0 0 0 0 0 4 2 3 3 3 0 0 0 0 0 0 0 0 0 0 0 0 15],False,"tf.Tensor(
[[ 2.9355948  3.263348   1.9311835  3.272932   3.8760903 18.308418
  15.431778  19.599648  17.195398  17.895914  19.728235  18.930809
  19.305605  18.595415  17.959991  20.209908  19.607813  20.423794 ]], shape=(1, 18), dtype=float32)"
131,[2 1 0 0 0 0 0 4 2 3 3 3 0 0 0 0 0 0 0 0 0 0 0 0 15],"tf.Tensor([ 1.5134264  2.3750381  1.9505798  1.4285711  1.8430979 11.       ], shape=(6,), dtype=float32)",0.5,[2 2 2 1 5 4 5 0 0 0 0 0 0 0 0 0 0 0 0 0 0 0 0 0 15],False,"tf.Tensor(
[[ 1.5134264  2.3750381  1.9505798  1.4285711  1.8430979 22.999376
  22.155142  22.787397  21.962233  21.684196  22.176516  22.120962
  23.131277  23.396732  22.273867  22.737942  24.36755   21.030735 ]], shape=(1, 18), dtype=float32)"
132,[2 2 2 1 5 4 5 0 0 0 0 0 0 0 0 0 0 0 0 0 0 0 0 0 15],"tf.Tensor([1.5569627 2.242042  1.7462504 2.4874012 2.052965  5.       ], shape=(6,), dtype=float32)",0.0,[2 3 2 1 5 4 5 0 0 0 0 0 0 0 0 0 0 0 0 0 0 0 0 0 15],False,"tf.Tensor(
[[ 1.5569627  2.242042   1.7462504  2.4874012  2.052965  28.724453
  26.463718  28.148851  28.10429   27.315535  29.089598  27.232841
  26.664885  28.76272   27.421202  27.837051  28.583544  28.564676 ]], shape=(1, 18), dtype=float32)"
133,[2 3 2 1 5 4 5 0 0 0 0 0 0 0 0 0 0 0 0 0 0 0 0 0 15],[1 1 1 1 1 1],4.0,[3 1 0 0 0 0 0 2 1 5 4 5 0 2 0 0 0 0 0 0 0 0 0 0 15],False,"tf.Tensor(
[[ 1.5343361  2.157443   1.7649825  2.4718418  2.0743532 29.151796
  27.019426  28.71522   28.560587  27.942783  29.671507  27.812674
  27.325632  29.158382  28.034353  28.433996  29.02948   29.104061 ]], shape=(1, 18), dtype=float32)"
134,[3 1 0 0 0 0 0 2 1 5 4 5 0 2 0 0 0 0 0 0 0 0 0 0 15],"tf.Tensor([ 1.3508956  2.5183153  2.0428786  1.5549265  1.5695555 11.       ], shape=(6,), dtype=float32)",0.5,[3 2 2 3 1 2 1 0 0 0 0 0 0 2 0 0 0 0 0 0 0 0 0 0 15],False,"tf.Tensor(
[[ 1.3508956  2.5183153  2.0428786  1.5549265  1.5695555 23.833252
  23.205944  23.895475  22.459986  22.37733   23.408028  23.443998
  24.250767  24.803879  23.074802  23.997534  25.108517  21.953526 ]], shape=(1, 18), dtype=float32)"
135,[3 2 2 3 1 2 1 0 0 0 0 0 0 2 0 0 0 0 0 0 0 0 0 0 15],"tf.Tensor([0.8854558  1.6632323  1.401196   1.204683   0.88731486 5.        ], shape=(6,), dtype=float32)",0.0,[3 3 2 3 1 2 1 0 0 0 0 0 0 2 0 0 0 0 0 0 0 0 0 0 15],False,"tf.Tensor(
[[ 0.8854558   1.6632323   1.401196    1.204683    0.88731486 22.60901
  21.906364   22.7601     22.657448   22.52633    22.930162   22.19281
  21.514767   22.801445   22.219648   22.452139   22.701103   22.168613  ]], shape=(1, 18), dtype=float32)"
136,[3 3 2 3 1 2 1 0 0 0 0 0 0 2 0 0 0 0 0 0 0 0 0 0 15],"tf.Tensor([0.85699433 1.5851629  1.4106045  1.1895636  0.9625867  5.        ], shape=(6,), dtype=float32)",0.0,[4 1 0 0 0 0 0 2 3 1 2 1 0 2 0 0 0 0 0 0 0 0 0 0 15],False,"tf.Tensor(
[[ 0.85699433  1.5851629   1.4106045   1.1895636   0.9625867  23.198353
  22.54444    23.367332   23.285028   23.214315   23.590643   22.807755
  22.211643   23.356016   22.879946   23.062744   23.294918   22.83082   ]], shape=(1, 18), dtype=float32)"
137,[4 1 0 0 0 0 0 2 3 1 2 1 0 2 0 0 0 0 0 0 0 0 0 0 15],"tf.Tensor([ 1.4474764   1.8245904   1.1158637   1.2774203   0.63654083 11.        ], shape=(6,), dtype=float32)",0.4,[4 2 3 2 6 4 0 0 0 0 0 5 0 2 0 0 0 0 0 0 0 0 0 0 15],False,"tf.Tensor(
[[ 1.4474764   1.8245904   1.1158637   1.2774203   0.63654083 20.481209
  19.731491   21.082296   19.776812   19.62836    20.562296   20.556398
  19.719086   20.53138    19.657234   20.736773   21.178024   19.345255  ]], shape=(1, 18), dtype=float32)"
138,[4 2 3 2 6 4 0 0 0 0 0 5 0 2 0 0 0 0 0 0 0 0 0 0 15],"tf.Tensor([2.07796   3.0513482 1.9457868 3.1144245 1.910948  5.       ], shape=(6,), dtype=float32)",0.1,[4 3 3 2 6 4 5 0 0 0 0 0 0 2 0 0 0 0 0 0 0 0 0 0 15],False,"tf.Tensor(
[[ 2.07796    3.0513482  1.9457868  3.1144245  1.910948  29.159758
  27.193432  30.82968   28.523901  29.1037    31.085932  29.47192
  28.267752  30.055748  28.75212   30.022213  29.816708  30.052937 ]], shape=(1, 18), dtype=float32)"
139,[4 3 3 2 6 4 5 0 0 0 0 0 0 2 0 0 0 0 0 0 0 0 0 0 15],"tf.Tensor([1.5538545 2.0726964 1.6039777 2.6185603 2.0811853 5.       ], shape=(6,), dtype=float32)",12.0,[5 1 0 0 0 0 0 3 2 6 4 5 0 2 0 0 0 6 0 0 0 0 0 0 15],False,"tf.Tensor(
[[ 1.5538545  2.0726964  1.6039777  2.6185603  2.0811853 31.885561
  29.778944  31.91149   31.052     30.897234  32.892075  31.063168
  30.22233   32.15334   30.968042  31.570087  31.65794   32.2553   ]], shape=(1, 18), dtype=float32)"
140,[5 1 0 0 0 0 0 3 2 6 4 5 0 2 0 0 0 6 0 0 0 0 0 0 15],[ 1  1  0  1  1 11],0.4,[5 2 4 2 6 6 0 0 0 3 0 0 0 2 0 0 0 6 0 0 0 0 0 0 15],False,"tf.Tensor(
[[ 1.1273603  1.8036542  1.7951444  1.2595078  1.1258633 26.056738
  25.6331    26.212849  23.894316  24.508778  25.574806  25.829128
  27.147018  26.802969  25.647377  26.310625  27.121698  23.996275 ]], shape=(1, 18), dtype=float32)"
141,[5 2 4 2 6 6 0 0 0 3 0 0 0 2 0 0 0 6 0 0 0 0 0 0 15],[1 1 0 0 0 7],0.0,[5 3 4 2 6 6 0 0 0 6 0 0 0 2 0 0 0 6 0 0 0 0 0 0 15],False,"tf.Tensor(
[[ 1.3035264  2.0407732  1.8216747  2.4136734  1.9569173 32.932972
  30.902454  33.916084  32.200684  33.279877  34.2486    33.21563
  32.52557   32.85453   33.308857  33.25676   33.346767  33.91341  ]], shape=(1, 18), dtype=float32)"
142,[5 3 4 2 6 6 0 0 0 6 0 0 0 2 0 0 0 6 0 0 0 0 0 0 15],"tf.Tensor([1.4528439 2.4860013 1.8133721 2.5673246 2.5226755 5.       ], shape=(6,), dtype=float32)",24.0,[6 1 0 0 0 0 0 4 2 2 6 6 0 2 0 0 0 18 0 0 0 0 0 0 15],False,"tf.Tensor(
[[ 1.4528439  2.4860013  1.8133721  2.5673246  2.5226755 35.70759
  33.60673   36.628345  34.56262   35.97434   36.803513  35.98331
  35.828064  35.87441   36.16006   36.283287  36.34303   36.49464  ]], shape=(1, 18), dtype=float32)"
143,[6 1 0 0 0 0 0 4 2 2 6 6 0 2 0 0 0 18 0 0 0 0 0 0 15],"tf.Tensor([ 1.5732558   0.94197106  1.7945535   0.8627684  -0.05269784  2.        ], shape=(6,), dtype=float32)",0.30000000000000004,[6 2 3 5 4 0 0 0 0 0 1 1 0 2 0 0 0 18 0 0 0 0 0 0 15],False,"tf.Tensor(
[[ 1.5732558   0.94197106  1.7945535   0.8627684  -0.05269784 28.50422
  27.810509   29.504223   25.447779   26.281984   28.143059   27.974241
  29.440716   29.170532   28.052326   27.983622   29.123316   25.740131  ]], shape=(1, 18), dtype=float32)"
144,[6 2 3 5 4 0 0 0 0 0 1 1 0 2 0 0 0 18 0 0 0 0 0 0 15],"tf.Tensor([ 1.3644887   0.38129088  1.4195437   0.08180986 -0.12110275  2.        ], shape=(6,), dtype=float32)",0.0,[6 3 3 5 4 0 0 0 0 0 4 6 0 2 0 0 0 18 0 0 0 0 0 0 15],False,"tf.Tensor(
[[ 1.3644887   0.38129088  1.4195437   0.08180986 -0.12110275 28.4581
  27.399698   29.596022   28.212732   28.884304   28.722734   28.882097
  28.558306   27.040648   28.926294   27.99614    28.648487   27.425564  ]], shape=(1, 18), dtype=float32)"
145,[6 3 3 5 4 0 0 0 0 0 4 6 0 2 0 0 0 18 0 0 0 0 0 0 15],"tf.Tensor([1.6176594  1.6070668  1.983068   0.81419826 0.782419   2.        ], shape=(6,), dtype=float32)",6.0,[7 1 0 0 0 0 0 3 5 4 6 4 0 2 3 0 0 18 0 0 0 0 0 0 15],False,"tf.Tensor(
[[ 1.6176594   1.6070668   1.983068    0.81419826  0.782419   31.821234
  30.772873   33.225006   30.706451   31.780212   32.39865    31.986069
  33.19345    31.504639   32.33968    32.41234    32.174805   30.628914  ]], shape=(1, 18), dtype=float32)"
146,[7 1 0 0 0 0 0 3 5 4 6 4 0 2 3 0 0 18 0 0 0 0 0 0 15],[ 1  0  0  0  1 10],0.2,[7 2 2 5 0 0 0 0 6 1 2 0 0 2 3 0 0 18 0 0 0 0 0 0 15],False,"tf.Tensor(
[[ 1.4386015   0.8341838   1.0288413   0.7790104  -0.20457143 30.164629
  29.924894   31.271591   26.137884   27.619791   29.675772   29.534962
  31.471073   31.493853   29.747812   30.007431   30.33843    27.607582  ]], shape=(1, 18), dtype=float32)"
147,[7 2 2 5 0 0 0 0 6 1 2 0 0 2 3 0 0 18 0 0 0 0 0 0 15],"tf.Tensor([ 1.6157581  -0.21520796  0.45820257  0.0247017   0.05788976  2.        ], shape=(6,), dtype=float32)",0.0,[7 3 2 5 0 0 0 0 6 3 4 0 0 2 3 0 0 18 0 0 0 0 0 0 15],False,"tf.Tensor(
[[ 1.6157581e+00 -2.1520796e-01  4.5820257e-01  2.4701700e-02
   5.7889760e-02  2.8738903e+01  2.8952433e+01  3.0170341e+01
   2.7093145e+01  2.8553318e+01  2.9054995e+01  2.8946651e+01
   2.9201511e+01  2.8920881e+01  2.8570662e+01  2.8687267e+01
   2.8393209e+01  2.7585695e+01]], shape=(1, 18), dtype=float32)"
148,[7 3 2 5 0 0 0 0 6 3 4 0 0 2 3 0 0 18 0 0 0 0 0 0 15],"tf.Tensor([1.5699407  0.2019473  0.61334753 0.02018188 0.23494238 2.        ], shape=(6,), dtype=float32)",-6.0,[8 1 0 0 0 0 0 2 6 6 6 5 0 2 0 0 0 18 0 0 0 0 0 0 15],False,"tf.Tensor(
[[1.5699407e+00 2.0194730e-01 6.1334753e-01 2.0181879e-02 2.3494238e-01
  3.1762367e+01 3.1918230e+01 3.2726635e+01 2.9626192e+01 3.0956776e+01
  3.1514317e+01 3.1375507e+01 3.2487045e+01 3.2101757e+01 3.1560801e+01
  3.1688740e+01 3.1348749e+01 3.0041782e+01]], shape=(1, 18), dtype=float32)"
149,[8 1 0 0 0 0 0 2 6 6 6 5 0 2 0 0 0 18 0 0 0 0 0 0 15],"tf.Tensor([ 1.4977025   0.73221743  1.3565104   1.0420576  -0.07536751  7.        ], shape=(6,), dtype=float32)",0.30000000000000004,[8 2 5 3 2 0 0 0 6 0 0 5 0 2 0 0 0 18 0 0 0 0 0 0 15],False,"tf.Tensor(
[[ 1.4977025   0.73221743  1.3565104   1.0420576  -0.07536751 32.457977
  32.20748    33.009396   28.70961    29.75579    32.084515   31.64539
  33.538834   33.44666    31.721436   32.71905    32.299057   29.751564  ]], shape=(1, 18), dtype=float32)"
150,[8 2 5 3 2 0 0 0 6 0 0 5 0 2 0 0 0 18 0 0 0 0 0 0 15],"tf.Tensor([ 1.2434113  -0.3120543   1.2010511   0.47040176 -0.0261479   7.        ], shape=(6,), dtype=float32)",0.0,[8 3 5 3 2 0 0 0 4 0 0 2 0 2 0 0 0 18 0 0 0 0 0 0 15],False,"tf.Tensor(
[[ 1.2434113e+00 -3.1205431e-01  1.2010511e+00  4.7040176e-01
  -2.6147902e-02  3.0469433e+01  3.1059113e+01  3.1493843e+01
   2.8711519e+01  3.0273638e+01  3.0992373e+01  2.9789268e+01
   3.1568743e+01  3.0878912e+01  3.0719109e+01  3.0903843e+01
   2.9795059e+01  2.9162354e+01]], shape=(1, 18), dtype=float32)"
151,[8 3 5 3 2 0 0 0 4 0 0 2 0 2 0 0 0 18 0 0 0 0 0 0 15],"tf.Tensor([ 0.97872883 -0.711143    1.1650753  -0.10394193 -0.55798525  2.        ], shape=(6,), dtype=float32)",6.0,[9 1 0 0 0 0 0 5 5 3 2 1 0 2 3 0 0 18 0 0 0 0 0 0 15],False,"tf.Tensor(
[[ 0.97872883 -0.711143    1.1650753  -0.10394193 -0.55798525 29.150791
  29.693853   30.143108   28.090487   29.358913   29.469315   28.94025
  29.682844   28.758186   29.695322   28.929445   28.600761   27.82262   ]], shape=(1, 18), dtype=float32)"
152,[9 1 0 0 0 0 0 5 5 3 2 1 0 2 3 0 0 18 0 0 0 0 0 0 15],"tf.Tensor([ 1.2754735  -0.24176374  0.46808007  0.9597304  -0.75850266  2.        ], shape=(6,), dtype=float32)",0.2,[9 2 4 3 0 0 0 0 3 3 0 5 0 2 3 0 0 18 0 0 0 0 0 0 15],False,"tf.Tensor(
[[ 1.2754735  -0.24176374  0.46808007  0.9597304  -0.75850266 27.535543
  27.997238   29.696434   23.67503    26.123987   28.14416    27.93457
  28.96418    28.651386   27.790962   27.88163    27.782782   26.412163  ]], shape=(1, 18), dtype=float32)"
153,[9 2 4 3 0 0 0 0 3 3 0 5 0 2 3 0 0 18 0 0 0 0 0 0 15],"tf.Tensor([ 1.2069086   0.13105509  1.09064    -0.37789726 -0.2828694   2.        ], shape=(6,), dtype=float32)",0.1,[9 3 4 3 3 0 0 0 5 0 0 3 0 2 3 0 0 18 0 0 0 0 0 0 15],False,"tf.Tensor(
[[ 1.2069086   0.13105509  1.09064    -0.37789726 -0.2828694  28.280468
  29.248913   29.716131   26.600437   27.940994   28.281273   28.142365
  29.470848   29.256842   28.697409   28.185755   28.108862   26.49855   ]], shape=(1, 18), dtype=float32)"
154,[9 3 4 3 3 0 0 0 5 0 0 3 0 2 3 0 0 18 0 0 0 0 0 0 15],"tf.Tensor([ 1.0477761  -0.51437056  0.6116841   0.13283955 -0.48892218  2.        ], shape=(6,), dtype=float32)",6.0,[10 1 0 0 0 0 0 4 3 1 3 2 0 2 6 0 0 18 0 0 0 0 0 0 15],False,"tf.Tensor(
[[ 1.0477761  -0.51437056  0.6116841   0.13283955 -0.48892218 29.974442
  30.588562   31.365467   27.868261   29.92708    30.469212   29.751883
  30.913328   30.421032   30.579231   30.26227    28.924767   29.130001  ]], shape=(1, 18), dtype=float32)"
155,[10 1 0 0 0 0 0 4 3 1 3 2 0 2 6 0 0 18 0 0 0 0 0 0 15],"tf.Tensor([ 1.406761    0.02964494  0.21897742  0.45479846 -0.6208932   2.        ], shape=(6,), dtype=float32)",0.1,[10 2 5 0 0 0 0 0 6 2 3 4 0 2 6 0 0 18 0 0 0 0 0 0 15],False,"tf.Tensor(
[[ 1.406761    0.02964494  0.21897742  0.45479846 -0.6208932  25.468794
  26.020916   28.176395   22.075993   24.469666   26.133583   26.440636
  26.721281   27.027515   25.720001   25.555138   25.938879   24.345469  ]], shape=(1, 18), dtype=float32)"
156,[10 2 5 0 0 0 0 0 6 2 3 4 0 2 6 0 0 18 0 0 0 0 0 0 15],"tf.Tensor([ 1.1948987   0.24572477  0.16192088  0.11681138 -0.06748062  8.        ], shape=(6,), dtype=float32)",0.0,[10 3 5 0 0 0 0 0 2 4 2 3 0 2 6 0 0 18 0 0 0 0 0 0 15],False,"tf.Tensor(
[[ 1.1948987   0.24572477  0.16192088  0.11681138 -0.06748062 29.676538
  30.696066   31.154581   26.225058   28.274008   29.371553   29.047565
  31.171844   31.631851   29.817167   29.65504    29.339016   27.811495  ]], shape=(1, 18), dtype=float32)"
157,[10 3 5 0 0 0 0 0 2 4 2 3 0 2 6 0 0 18 0 0 0 0 0 0 15],"tf.Tensor([ 0.95382375  0.24855742  0.58362794 -0.57182884 -0.43408042  2.        ], shape=(6,), dtype=float32)",-12.0,[11 1 0 0 0 0 0 5 4 5 5 4 0 2 0 0 0 18 0 0 0 0 0 0 15],False,"tf.Tensor(
[[ 0.95382375  0.24855742  0.58362794 -0.57182884 -0.43408042 27.604784
  28.89855    29.374947   25.21393    26.968012   27.231274   27.650572
  29.094873   29.04362    28.402185   27.229393   27.86041    25.739159  ]], shape=(1, 18), dtype=float32)"
158,[11 1 0 0 0 0 0 5 4 5 5 4 0 2 0 0 0 18 0 0 0 0 0 0 15],"tf.Tensor([ 1.1112688   0.15784368  0.99484754  0.9603677  -0.5958443   7.        ], shape=(6,), dtype=float32)",0.30000000000000004,[11 2 2 5 1 0 0 0 1 0 0 5 0 2 0 0 0 18 0 0 0 0 0 0 15],False,"tf.Tensor(
[[ 1.1112688   0.15784368  0.99484754  0.9603677  -0.5958443  31.66869
  32.093693   33.005936   27.60715    29.453688   31.695566   31.452856
  33.089687   32.888065   31.63092    31.857323   31.927954   29.395288  ]], shape=(1, 18), dtype=float32)"
159,[11 2 2 5 1 0 0 0 1 0 0 5 0 2 0 0 0 18 0 0 0 0 0 0 15],"tf.Tensor([ 1.1750306  -0.8820108   0.7809887  -0.28153265 -0.7333663   2.        ], shape=(6,), dtype=float32)",0.0,[11 3 2 5 1 0 0 0 6 0 0 1 0 2 0 0 0 18 0 0 0 0 0 0 15],False,"tf.Tensor(
[[ 1.1750306  -0.8820108   0.7809887  -0.28153265 -0.7333663  26.620497
  27.553705   28.58428    25.917856   27.199865   27.755728   27.695843
  26.893682   26.552313   26.866697   26.738949   26.428026   25.672413  ]], shape=(1, 18), dtype=float32)"
160,[11 3 2 5 1 0 0 0 6 0 0 1 0 2 0 0 0 18 0 0 0 0 0 0 15],"tf.Tensor([ 0.983362   -1.504465    0.1125395  -0.04237558 -0.5473458   2.        ], shape=(6,), dtype=float32)",0.0,[12 1 0 0 0 0 0 2 5 5 1 2 0 2 0 0 0 18 0 0 0 0 0 0 15],False,"tf.Tensor(
[[ 0.983362   -1.504465    0.1125395  -0.04237558 -0.5473458  29.012762
  30.454958   30.736645   27.73624    29.70684    30.295      29.686504
  29.466665   29.26378    29.256344   29.553476   28.117556   28.545313  ]], shape=(1, 18), dtype=float32)"
161,[12 1 0 0 0 0 0 2 5 5 1 2 0 2 0 0 0 18 0 0 0 0 0 0 15],"tf.Tensor([ 1.2254304  -0.8662913   0.42220673  0.60147464 -0.8547568   2.        ], shape=(6,), dtype=float32)",0.1,[12 2 4 0 0 0 0 0 5 3 2 6 0 2 0 0 0 18 0 0 0 0 0 0 15],False,"tf.Tensor(
[[ 1.2254304  -0.8662913   0.42220673  0.60147464 -0.8547568  27.730795
  28.583834   29.407833   24.80821    26.714638   28.396217   28.387516
  28.513506   28.415665   27.58766    28.15865    27.38255    26.688833  ]], shape=(1, 18), dtype=float32)"
162,[12 2 4 0 0 0 0 0 5 3 2 6 0 2 0 0 0 18 0 0 0 0 0 0 15],"tf.Tensor([ 0.9760464  -0.5306448   0.9319627   0.25502062 -0.59385914  2.        ], shape=(6,), dtype=float32)",0.1,[12 3 4 3 0 0 0 0 3 0 1 5 0 2 0 0 0 18 0 0 0 0 0 0 15],False,"tf.Tensor(
[[ 0.9760464  -0.5306448   0.9319627   0.25502062 -0.59385914 29.952997
  31.120392   31.13317    27.366165   28.890718   30.207222   29.663202
  30.997051   30.916372   30.023603   30.289318   29.38781    28.14978   ]], shape=(1, 18), dtype=float32)"
163,[12 3 4 3 0 0 0 0 3 0 1 5 0 2 0 0 0 18 0 0 0 0 0 0 15],"tf.Tensor([ 1.0928032  -1.0019839   0.87865245 -0.14157929 -0.8370134   2.        ], shape=(6,), dtype=float32)",6.0,[13 1 0 0 0 0 0 4 1 2 4 3 0 2 3 0 0 18 0 0 0 0 0 0 15],False,"tf.Tensor(
[[ 1.0928032  -1.0019839   0.87865245 -0.14157929 -0.8370134  28.34805
  29.497414   30.11426    26.931467   28.418966   29.214706   28.90492
  28.916145   28.662277   28.643291   28.526476   27.8178     27.162539  ]], shape=(1, 18), dtype=float32)"
164,[13 1 0 0 0 0 0 4 1 2 4 3 0 2 3 0 0 18 0 0 0 0 0 0 15],[0 1 0 1 0 8],0.2,[13 2 3 1 0 0 0 1 0 4 0 1 0 2 3 0 0 18 0 0 0 0 0 0 15],False,"tf.Tensor(
[[ 1.2949964  -0.41763487  0.44308254  0.2965715  -0.9965603  27.086552
  27.763699   29.4862     24.056726   25.946033   27.60502    28.265589
  27.826544   27.881418   27.200335   27.13808    27.388292   25.73626   ]], shape=(1, 18), dtype=float32)"
165,[13 2 3 1 0 0 0 1 0 4 0 1 0 2 3 0 0 18 0 0 0 0 0 0 15],"tf.Tensor([ 0.7571444  -0.85202324  0.48793468 -0.7452836  -1.1883135   2.        ], shape=(6,), dtype=float32)",0.0,[13 3 3 1 0 0 0 3 0 6 0 1 0 2 3 0 0 18 0 0 0 0 0 0 15],False,"tf.Tensor(
[[ 0.7571444  -0.85202324  0.48793468 -0.7452836  -1.1883135  25.213926
  26.389484   27.409122   23.61193    25.433506   25.482222   26.559479
  25.84119    25.409348   26.002848   24.893024   25.190495   24.258266  ]], shape=(1, 18), dtype=float32)"
166,[13 3 3 1 0 0 0 3 0 6 0 1 0 2 3 0 0 18 0 0 0 0 0 0 15],"tf.Tensor([ 0.6651568  -0.51815355  0.6020911  -0.5962074  -0.95644623  2.        ], shape=(6,), dtype=float32)",0.0,[14 1 0 0 0 0 0 6 3 1 1 2 0 2 3 0 0 18 0 0 0 0 0 0 15],True,"tf.Tensor(
[[ 0.6651568  -0.51815355  0.6020911  -0.5962074  -0.95644623 28.12012
  29.437592   29.92739    25.804514   27.845076   27.889778   28.625921
  29.460768   28.681816   29.16665    27.739616   28.240204   26.745338  ]], shape=(1, 18), dtype=float32)"
167,[1 1 0 0 0 0 0 3 2 5 1 6 0 0 0 0 0 0 0 0 0 0 0 0 0],"tf.Tensor([3.2793336 4.5094104 1.4988327 2.164841  4.281352  8.       ], shape=(6,), dtype=float32)",0.5,[1 2 3 2 5 1 6 0 0 0 0 0 0 0 0 0 0 0 0 0 0 0 0 0 0],False,"tf.Tensor(
[[ 3.2793336  4.5094104  1.4988327  2.164841   4.281352  15.404383
  12.642025  15.726393  13.531949  13.793034  15.463771  15.409584
  16.967339  17.55273   14.244453  17.003708  16.773603  15.152324 ]], shape=(1, 18), dtype=float32)"
168,[1 2 3 2 5 1 6 0 0 0 0 0 0 0 0 0 0 0 0 0 0 0 0 0 0],"tf.Tensor([ 3.1160078  3.7463095  1.9610035  3.4656084  4.162786  12.       ], shape=(6,), dtype=float32)",0.0,[1 3 3 2 5 1 6 0 0 0 0 0 0 0 0 0 0 0 0 0 0 0 0 0 0],False,"tf.Tensor(
[[ 3.1160078  3.7463095  1.9610035  3.4656084  4.162786  19.94535
  16.319763  20.926994  18.558222  19.293808  21.191786  20.273672
  20.893082  20.129988  19.495758  21.768148  21.073719  22.020393 ]], shape=(1, 18), dtype=float32)"
169,[1 3 3 2 5 1 6 0 0 0 0 0 0 0 0 0 0 0 0 0 0 0 0 0 0],"tf.Tensor([ 3.1684933  3.7249517  2.0061994  3.510689   4.224175  12.       ], shape=(6,), dtype=float32)",34.0,[2 1 0 0 0 0 0 3 2 5 1 6 0 0 0 0 0 0 0 0 0 0 0 0 17],False,"tf.Tensor(
[[ 3.1684933  3.7249517  2.0061994  3.510689   4.224175  20.587124
  16.964209  21.558332  19.227465  19.95602   21.88462   20.917896
  21.553259  20.754965  20.115358  22.440771  21.688492  22.712997 ]], shape=(1, 18), dtype=float32)"
170,[2 1 0 0 0 0 0 3 2 5 1 6 0 0 0 0 0 0 0 0 0 0 0 0 17],"tf.Tensor([ 1.5801836  2.5891712  2.207766   1.5657797  2.0159774 11.       ], shape=(6,), dtype=float32)",0.5,[2 2 3 1 4 6 1 0 0 0 0 0 0 0 0 0 0 0 0 0 0 0 0 0 17],False,"tf.Tensor(
[[ 1.5801836  2.5891712  2.207766   1.5657797  2.0159774 25.0479
  24.527145  24.843811  23.770514  23.64256   24.290657  23.977715
  25.606024  26.030193  24.280525  25.176882  26.3221    22.939318 ]], shape=(1, 18), dtype=float32)"
171,[2 2 3 1 4 6 1 0 0 0 0 0 0 0 0 0 0 0 0 0 0 0 0 0 17],[ 1  1  1  1  0 10],0.0,[2 3 3 1 4 6 1 0 0 0 0 0 0 0 0 0 0 0 0 0 0 0 0 0 17],False,"tf.Tensor(
[[ 1.0461345  1.9754835  2.0862238  2.2886996  1.79119   28.490799
  26.708767  28.366638  28.72634   28.288198  29.296333  27.514168
  26.54058   28.443365  27.916136  27.612253  28.825321  28.810663 ]], shape=(1, 18), dtype=float32)"
172,[2 3 3 1 4 6 1 0 0 0 0 0 0 0 0 0 0 0 0 0 0 0 0 0 17],"tf.Tensor([0.99471   1.8628434 2.0657015 2.2382991 1.779866  5.       ], shape=(6,), dtype=float32)",12.0,[3 1 0 0 0 0 0 3 1 4 6 1 0 0 0 0 0 6 0 0 0 0 0 0 17],False,"tf.Tensor(
[[ 0.99471    1.8628434  2.0657015  2.2382991  1.779866  28.91238
  27.276493  28.903236  29.19894   28.928307  29.850754  28.062069
  27.153275  28.854939  28.522127  28.153173  29.2581    29.30267  ]], shape=(1, 18), dtype=float32)"
173,[3 1 0 0 0 0 0 3 1 4 6 1 0 0 0 0 0 6 0 0 0 0 0 0 17],"tf.Tensor([ 1.7497333  2.1535127  1.9417273  1.3667202  1.4170573 11.       ], shape=(6,), dtype=float32)",0.5,[3 2 4 6 5 5 5 0 0 0 0 0 0 0 0 0 0 6 0 0 0 0 0 0 17],False,"tf.Tensor(
[[ 1.7497333  2.1535127  1.9417273  1.3667202  1.4170573 26.157372
  24.602802  26.265411  24.799454  24.757675  25.12644   26.096283
  26.012836  25.499193  25.337831  25.656025  27.766459  24.023026 ]], shape=(1, 18), dtype=float32)"
174,[3 2 4 6 5 5 5 0 0 0 0 0 0 0 0 0 0 6 0 0 0 0 0 0 17],"tf.Tensor([2.0698833 2.8479555 2.377211  2.5359378 3.0527496 5.       ], shape=(6,), dtype=float32)",0.0,[3 3 4 6 5 5 5 0 0 0 0 0 0 0 0 0 0 6 0 0 0 0 0 0 17],False,"tf.Tensor(
[[ 2.0698833  2.8479555  2.377211   2.5359378  3.0527496 38.063446
  35.129227  37.848755  37.4689    37.389977  38.344685  36.76356
  37.171448  37.618114  37.38638   37.690186  38.056957  38.19457  ]], shape=(1, 18), dtype=float32)"
175,[3 3 4 6 5 5 5 0 0 0 0 0 0 0 0 0 0 6 0 0 0 0 0 0 17],"tf.Tensor([1.9909104 2.6698167 2.3897395 2.4851775 3.0489619 5.       ], shape=(6,), dtype=float32)",0.0,[4 1 0 0 0 0 0 4 6 5 5 5 0 0 0 0 0 6 0 0 0 0 0 0 17],False,"tf.Tensor(
[[ 1.9909104  2.6698167  2.3897395  2.4851775  3.0489619 38.429634
  35.6688    38.294888  37.87492   37.954998  38.852592  37.24737
  37.753437  37.947437  37.93356   38.177834  38.416386  38.65836  ]], shape=(1, 18), dtype=float32)"
176,[4 1 0 0 0 0 0 4 6 5 5 5 0 0 0 0 0 6 0 0 0 0 0 0 17],[ 0  0  1  0  0 12],0.1,[4 2 2 0 0 0 0 1 6 0 2 2 0 0 0 0 0 6 0 0 0 0 0 0 17],False,"tf.Tensor(
[[ 1.738958   2.392357   1.7852144  1.5164033  2.1037633 30.584934
  29.917637  30.303146  28.241884  28.56501   29.57562   29.39924
  31.83076   31.267368  29.738077  30.979794  31.711464  27.957245 ]], shape=(1, 18), dtype=float32)"
177,[4 2 2 0 0 0 0 1 6 0 2 2 0 0 0 0 0 6 0 0 0 0 0 0 17],"tf.Tensor([ 1.4385637  1.3900375  1.03744    0.9770159  1.0755324 10.       ], shape=(6,), dtype=float32)",0.4,[4 3 2 1 6 2 2 0 0 0 0 0 0 0 0 0 0 6 0 0 0 0 0 0 17],False,"tf.Tensor(
[[ 1.4385637  1.3900375  1.03744    0.9770159  1.0755324 24.441746
  24.194372  24.93472   23.763031  24.022213  24.51431   24.263887
  24.700405  24.206587  23.947033  25.161116  25.019867  23.10627  ]], shape=(1, 18), dtype=float32)"
178,[4 3 2 1 6 2 2 0 0 0 0 0 0 0 0 0 0 6 0 0 0 0 0 0 17],"tf.Tensor([0.8015371  1.0972362  1.4631108  1.5293771  0.78258026 5.        ], shape=(6,), dtype=float32)",0.0,[5 1 0 0 0 0 0 2 5 2 2 2 0 0 0 0 0 6 0 0 0 0 0 0 17],False,"tf.Tensor(
[[ 0.8015371   1.0972362   1.4631108   1.5293771   0.78258026 28.945004
  27.536776   28.76442    28.65627    28.631325   29.48766    28.263142
  27.465027   28.140125   28.688665   28.416624   28.519222   28.751637  ]], shape=(1, 18), dtype=float32)"
179,[5 1 0 0 0 0 0 2 5 2 2 2 0 0 0 0 0 6 0 0 0 0 0 0 17],"tf.Tensor([ 1.5691693   1.4752024   0.9164307   0.9929994   0.81212246 11.        ], shape=(6,), dtype=float32)",0.4,[5 2 2 4 5 2 0 0 0 0 0 4 0 0 0 0 0 6 0 0 0 0 0 0 17],False,"tf.Tensor(
[[ 1.5691693   1.4752024   0.9164307   0.9929994   0.81212246 24.461246
  23.772879   24.819824   23.259644   23.434973   24.087687   24.274097
  24.31462    24.025843   23.616306   24.876856   24.967552   22.87491   ]], shape=(1, 18), dtype=float32)"
180,[5 2 2 4 5 2 0 0 0 0 0 4 0 0 0 0 0 6 0 0 0 0 0 0 17],"tf.Tensor([1.1197033 1.6112823 1.5561706 1.4342581 0.8348837 5.       ], shape=(6,), dtype=float32)",0.0,[5 3 2 4 5 2 0 0 0 0 0 1 0 0 0 0 0 6 0 0 0 0 0 0 17],False,"tf.Tensor(
[[ 1.1197033  1.6112823  1.5561706  1.4342581  0.8348837 29.46915
  28.305494  29.909134  29.196095  29.625448  30.15138   29.06792
  28.64095   29.285263  29.32046   29.518927  29.21395   29.128967 ]], shape=(1, 18), dtype=float32)"
181,[5 3 2 4 5 2 0 0 0 0 0 1 0 0 0 0 0 6 0 0 0 0 0 0 17],[0 0 0 1 0 6],0.0,[6 1 0 0 0 0 0 2 4 5 2 6 0 0 0 0 0 6 0 0 0 0 0 0 17],False,"tf.Tensor(
[[ 0.6213086   0.9865223   1.2914219   1.0511099   0.74775505 29.469383
  28.474016   29.43393    29.499502   29.883564   29.921698   28.952702
  28.408072   28.722622   29.529303   29.225224   28.899622   29.33255   ]], shape=(1, 18), dtype=float32)"
182,[6 1 0 0 0 0 0 2 4 5 2 6 0 0 0 0 0 6 0 0 0 0 0 0 17],"tf.Tensor([1.2933528 1.6458488 1.3769094 1.0200692 1.0560888 7.       ], shape=(6,), dtype=float32)",0.5,[6 2 1 1 6 2 2 0 0 0 0 0 0 0 0 0 0 6 0 0 0 0 0 0 17],False,"tf.Tensor(
[[ 1.2933528  1.6458488  1.3769094  1.0200692  1.0560888 26.75177
  26.474545  26.780828  24.965239  25.363144  26.199253  26.333933
  27.43359   27.07791   26.066742  27.38284   27.186964  24.798815 ]], shape=(1, 18), dtype=float32)"
183,[6 2 1 1 6 2 2 0 0 0 0 0 0 0 0 0 0 6 0 0 0 0 0 0 17],"tf.Tensor([0.7650209  0.6986214  0.9391941  1.2123728  0.22398295 5.        ], shape=(6,), dtype=float32)",0.0,[6 3 1 1 6 2 2 0 0 0 0 0 0 0 0 0 0 6 0 0 0 0 0 0 17],False,"tf.Tensor(
[[ 0.7650209   0.6986214   0.9391941   1.2123728   0.22398295 27.853853
  26.449871   27.690123   27.414127   27.307116   28.188227   27.261757
  25.823853   26.879694   27.28334    27.247478   26.922935   27.687922  ]], shape=(1, 18), dtype=float32)"
184,[6 3 1 1 6 2 2 0 0 0 0 0 0 0 0 0 0 6 0 0 0 0 0 0 17],"tf.Tensor([0.62343544 0.59933233 0.965045   1.1648054  0.24063624 5.        ], shape=(6,), dtype=float32)",0.0,[7 1 0 0 0 0 0 1 1 6 2 2 0 0 0 0 0 6 0 0 0 0 0 0 17],False,"tf.Tensor(
[[ 0.62343544  0.59933233  0.965045    1.1648054   0.24063624 28.378185
  27.15107    28.150965   27.944122   27.91263    28.766485   27.744621
  26.548359   27.396261   27.975996   27.845945   27.378593   28.265327  ]], shape=(1, 18), dtype=float32)"
185,[7 1 0 0 0 0 0 1 1 6 2 2 0 0 0 0 0 6 0 0 0 0 0 0 17],"tf.Tensor([1.041122   1.1135763  0.9600937  0.6703221  0.38377213 6.        ], shape=(6,), dtype=float32)",0.30000000000000004,[7 2 3 4 1 0 0 0 0 0 3 1 0 0 0 0 0 6 0 0 0 0 0 0 17],False,"tf.Tensor(
[[ 1.041122    1.1135763   0.9600937   0.6703221   0.38377213 24.910286
  24.218641   24.923283   23.457262   23.776636   24.12278    25.262968
  24.530083   24.305668   24.234085   25.048693   25.165737   23.267225  ]], shape=(1, 18), dtype=float32)"
186,[7 2 3 4 1 0 0 0 0 0 3 1 0 0 0 0 0 6 0 0 0 0 0 0 17],"tf.Tensor([0.87096494 1.0357413  0.8042859  0.19272108 0.5770711  4.        ], shape=(6,), dtype=float32)",0.0,[7 3 3 4 1 0 0 0 0 0 3 3 0 0 0 0 0 6 0 0 0 0 0 0 17],False,"tf.Tensor(
[[ 0.87096494  1.0357413   0.8042859   0.19272108  0.5770711  26.424906
  25.845058   26.707087   26.66331    26.930012   26.144373   26.774817
  25.54774    25.38336    26.265816   26.44942    26.451826   25.264458  ]], shape=(1, 18), dtype=float32)"
187,[7 3 3 4 1 0 0 0 0 0 3 3 0 0 0 0 0 6 0 0 0 0 0 0 17],[0 0 0 0 1 4],0.0,[8 1 0 0 0 0 0 3 4 1 4 6 0 0 0 0 0 6 0 0 0 0 0 0 17],False,"tf.Tensor(
[[ 0.8740254   1.2496504   1.1128118   0.33785576  0.71107066 27.371166
  26.957073   27.639107   27.399527   27.635569   27.2314     27.528658
  26.95347    26.712673   27.247423   27.553076   27.418667   26.126516  ]], shape=(1, 18), dtype=float32)"
188,[8 1 0 0 0 0 0 3 4 1 4 6 0 0 0 0 0 6 0 0 0 0 0 0 17],[1 0 1 0 1 7],0.30000000000000004,[8 2 2 2 5 0 0 0 2 0 2 0 0 0 0 0 0 6 0 0 0 0 0 0 17],False,"tf.Tensor(
[[ 1.460487    1.4249895   1.1347414   0.75416344  0.4079106  26.446033
  26.042448   26.926437   24.813314   24.975903   25.983013   26.173714
  26.374619   26.547667   25.638218   26.700054   26.69411    24.28099   ]], shape=(1, 18), dtype=float32)"
189,[8 2 2 2 5 0 0 0 2 0 2 0 0 0 0 0 0 6 0 0 0 0 0 0 17],"tf.Tensor([0.74580413 0.50679946 0.21137714 0.6348886  0.21470715 4.        ], shape=(6,), dtype=float32)",0.0,[8 3 2 2 5 0 0 0 1 0 1 0 0 0 0 0 0 6 0 0 0 0 0 0 17],False,"tf.Tensor(
[[ 0.74580413  0.50679946  0.21137714  0.6348886   0.21470715 27.62303
  26.813547   27.860666   27.562649   28.04438    27.95051    27.830011
  26.019938   26.338177   27.324451   27.829191   26.831123   27.272383  ]], shape=(1, 18), dtype=float32)"
190,[8 3 2 2 5 0 0 0 1 0 1 0 0 0 0 0 0 6 0 0 0 0 0 0 17],"tf.Tensor([0.51788384 0.2416222  0.34539628 0.51193196 0.1229638  4.        ], shape=(6,), dtype=float32)",10.0,[9 1 0 0 0 0 0 2 4 2 4 5 0 0 0 0 5 6 0 0 0 0 0 0 17],False,"tf.Tensor(
[[ 0.51788384  0.2416222   0.34539628  0.51193196  0.1229638  27.4443
  26.740137   27.584549   27.53845    27.984396   27.784544   27.618914
  25.829317   26.085451   27.31662    27.472898   26.54897    27.266567  ]], shape=(1, 18), dtype=float32)"
191,[9 1 0 0 0 0 0 2 4 2 4 5 0 0 0 0 5 6 0 0 0 0 0 0 17],"tf.Tensor([ 0.9668924   0.94697845  0.7001218   0.30151075  0.3883587  10.        ], shape=(6,), dtype=float32)",0.2,[9 2 2 1 0 0 0 0 0 2 5 5 0 0 0 0 5 6 0 0 0 0 0 0 17],False,"tf.Tensor(
[[ 0.9668924   0.94697845  0.7001218   0.30151075  0.3883587  26.512049
  26.406094   26.495548   25.044504   25.209171   25.977966   26.186323
  26.485388   26.470137   25.810724   26.653467   26.19158    24.575565  ]], shape=(1, 18), dtype=float32)"
192,[9 2 2 1 0 0 0 0 0 2 5 5 0 0 0 0 5 6 0 0 0 0 0 0 17],"tf.Tensor([0.8103859  1.2909025  1.2244959  0.19508834 0.35006368 6.        ], shape=(6,), dtype=float32)",0.1,[9 3 2 1 2 0 0 0 0 0 3 3 0 0 0 0 5 6 0 0 0 0 0 0 17],False,"tf.Tensor(
[[ 0.8103859   1.2909025   1.2244959   0.19508834  0.35006368 26.539864
  26.146797   26.67582    25.954746   25.88512    26.203516   26.836353
  26.260588   26.184473   26.15669    26.53685    26.499985   24.776724  ]], shape=(1, 18), dtype=float32)"
193,[9 3 2 1 2 0 0 0 0 0 3 3 0 0 0 0 5 6 0 0 0 0 0 0 17],"tf.Tensor([ 0.6498864   0.56176436  0.7899454   0.15924425 -0.02324258  2.        ], shape=(6,), dtype=float32)",0.0,[10 1 0 0 0 0 0 2 1 1 6 1 0 0 0 0 5 6 0 0 0 0 0 0 17],False,"tf.Tensor(
[[ 6.4988643e-01  5.6176436e-01  7.8994542e-01  1.5924425e-01
  -2.3242578e-02  2.5676537e+01  2.5203346e+01  2.5957424e+01
   2.5692675e+01  2.5783346e+01  2.5861877e+01  2.5940056e+01
   2.4556309e+01  2.4772991e+01  2.5421398e+01  2.5500179e+01
   2.5060371e+01  2.4775606e+01]], shape=(1, 18), dtype=float32)"
194,[10 1 0 0 0 0 0 2 1 1 6 1 0 0 0 0 5 6 0 0 0 0 0 0 17],"tf.Tensor([ 0.84873945  0.4585526   0.5086454   0.05091138 -0.12578867  6.        ], shape=(6,), dtype=float32)",0.0,[10 2 0 0 0 0 0 2 4 1 1 4 0 0 0 0 5 6 0 0 0 0 0 0 17],False,"tf.Tensor(
[[ 0.84873945  0.4585526   0.5086454   0.05091138 -0.12578867 24.982994
  24.314928   25.153286   24.306463   24.205742   24.42185    25.497627
  23.550135   23.76727    24.206236   24.424595   24.748175   23.480066  ]], shape=(1, 18), dtype=float32)"
195,[10 2 0 0 0 0 0 2 4 1 1 4 0 0 0 0 5 6 0 0 0 0 0 0 17],"tf.Tensor([ 0.56124705 -0.16307975  0.33768785  0.09738655 -0.15972553  1.        ], shape=(6,), dtype=float32)",0.0,[10 3 0 0 0 0 0 6 5 2 3 6 0 0 0 0 5 6 0 0 0 0 0 0 17],False,"tf.Tensor(
[[ 0.56124705 -0.16307975  0.33768785  0.09738655 -0.15972553 24.52853
  24.96435    24.908323   23.296396   24.14696    24.602308   24.708786
  24.501347   24.359257   24.311016   24.838959   23.695017   23.55108   ]], shape=(1, 18), dtype=float32)"
196,[10 3 0 0 0 0 0 6 5 2 3 6 0 0 0 0 5 6 0 0 0 0 0 0 17],"tf.Tensor([1.1568531  0.9166702  0.755139   0.83759755 0.6209507  7.        ], shape=(6,), dtype=float32)",0.0,[11 1 0 0 0 0 0 6 1 3 3 2 0 0 0 0 5 6 0 0 0 0 0 0 17],False,"tf.Tensor(
[[ 1.1568531   0.9166702   0.755139    0.83759755  0.6209507  30.866335
  30.84766    31.056915   27.85144    28.94045    30.246178   29.743687
  31.808994   31.707592   30.573034   31.056314   30.543001   28.728098  ]], shape=(1, 18), dtype=float32)"
197,[11 1 0 0 0 0 0 6 1 3 3 2 0 0 0 0 5 6 0 0 0 0 0 0 17],"tf.Tensor([0.41201288 0.08037792 0.81845933 0.43749255 0.04385997 6.        ], shape=(6,), dtype=float32)",0.0,[11 2 0 0 0 0 0 1 2 2 3 4 0 0 0 0 5 6 0 0 0 0 0 0 17],False,"tf.Tensor(
[[ 0.41201288  0.08037792  0.81845933  0.43749255  0.04385997 26.892826
  26.641817   26.961624   24.840351   25.7006     26.36931    27.022486
  26.743387   26.524597   26.798018   26.386536   26.757298   25.570501  ]], shape=(1, 18), dtype=float32)"
198,[11 2 0 0 0 0 0 1 2 2 3 4 0 0 0 0 5 6 0 0 0 0 0 0 17],"tf.Tensor([ 0.49366432  0.04270636  0.4408623  -0.14768533 -0.39351714  6.        ], shape=(6,), dtype=float32)",0.0,[11 3 0 0 0 0 0 3 6 2 2 6 0 0 0 0 5 6 0 0 0 0 0 0 17],False,"tf.Tensor(
[[ 0.49366432  0.04270636  0.4408623  -0.14768533 -0.39351714 25.00856
  25.126253   25.242165   24.009909   24.464281   24.782698   25.492617
  24.426006   24.479015   24.613008   25.016172   24.194807   23.703487  ]], shape=(1, 18), dtype=float32)"
199,[11 3 0 0 0 0 0 3 6 2 2 6 0 0 0 0 5 6 0 0 0 0 0 0 17],"tf.Tensor([0.74881536 0.11329506 0.34411407 0.4399199  0.06402709 8.        ], shape=(6,), dtype=float32)",0.0,[12 1 0 0 0 0 0 5 1 6 6 4 0 0 0 0 5 6 0 0 0 0 0 0 17],False,"tf.Tensor(
[[ 0.74881536  0.11329506  0.34411407  0.4399199   0.06402709 28.966602
  29.632124   29.14426    26.514027   27.613379   28.782131   28.317772
  29.582685   29.661894   28.656681   29.537584   27.881521   27.433796  ]], shape=(1, 18), dtype=float32)"
200,[12 1 0 0 0 0 0 5 1 6 6 4 0 0 0 0 5 6 0 0 0 0 0 0 17],"tf.Tensor([0.65387744 0.98688793 0.9231831  0.49742085 0.4522202  7.        ], shape=(6,), dtype=float32)",0.2,[12 2 6 1 0 0 0 1 0 0 5 5 0 0 0 0 5 6 0 0 0 0 0 0 17],False,"tf.Tensor(
[[ 0.65387744  0.98688793  0.9231831   0.49742085  0.4522202  31.285107
  30.789656   30.534964   28.67212    28.983686   29.99911    30.831053
  31.325113   31.289686   30.680798   30.828949   31.135918   28.738838  ]], shape=(1, 18), dtype=float32)"
201,[12 2 6 1 0 0 0 1 0 0 5 5 0 0 0 0 5 6 0 0 0 0 0 0 17],"tf.Tensor([0.14667825 0.3029734  1.1119654  0.0412894  0.6936836  6.        ], shape=(6,), dtype=float32)",0.0,[12 3 6 1 0 0 0 2 0 0 2 2 0 0 0 0 5 6 0 0 0 0 0 0 17],False,"tf.Tensor(
[[ 0.14667825  0.3029734   1.1119654   0.0412894   0.6936836  29.154293
  29.299196   28.931246   28.622002   28.873123   28.956926   29.579926
  28.835594   28.70578    29.12998    28.862186   28.980902   27.752674  ]], shape=(1, 18), dtype=float32)"
202,[12 3 6 1 0 0 0 2 0 0 2 2 0 0 0 0 5 6 0 0 0 0 0 0 17],"tf.Tensor([-0.32187074 -0.76415503  0.73928815 -0.22873811  0.29537797  9.        ], shape=(6,), dtype=float32)",0.0,[13 1 0 0 0 0 0 5 6 1 1 1 0 0 0 0 5 6 0 0 0 0 0 0 17],False,"tf.Tensor(
[[-0.32187074 -0.76415503  0.73928815 -0.22873811  0.29537797 27.868925
  28.192474   27.35307    27.471478   28.174454   27.556755   27.97755
  27.187002   26.884706   28.218828   27.250696   26.99553    27.141975  ]], shape=(1, 18), dtype=float32)"
203,[13 1 0 0 0 0 0 5 6 1 1 1 0 0 0 0 5 6 0 0 0 0 0 0 17],"tf.Tensor([ 0.18204932 -1.1659502  -0.4124719   0.45951992 -0.29539275  1.        ], shape=(6,), dtype=float32)",0.0,[13 2 0 0 0 0 0 4 5 1 6 3 0 0 0 0 5 6 0 0 0 0 0 0 17],False,"tf.Tensor(
[[ 0.18204932 -1.1659502  -0.4124719   0.45951992 -0.29539275 26.749367
  27.466335   26.998026   24.168398   25.955269   26.748121   26.772934
  26.773333   26.632448   26.598774   27.180683   25.260918   26.560862  ]], shape=(1, 18), dtype=float32)"
204,[13 2 0 0 0 0 0 4 5 1 6 3 0 0 0 0 5 6 0 0 0 0 0 0 17],"tf.Tensor([ 0.40805656 -0.23232915 -0.04178917  0.2090611  -0.2825414   1.        ], shape=(6,), dtype=float32)",0.0,[13 3 0 0 0 0 0 5 1 5 4 1 0 0 0 0 5 6 0 0 0 0 0 0 17],False,"tf.Tensor(
[[ 0.40805656 -0.23232915 -0.04178917  0.2090611  -0.2825414  29.76131
  30.161957   29.706598   26.896576   27.936417   29.119738   29.541431
  29.817438   29.881422   29.323374   29.938215   28.530474   28.113726  ]], shape=(1, 18), dtype=float32)"
205,[13 3 0 0 0 0 0 5 1 5 4 1 0 0 0 0 5 6 0 0 0 0 0 0 17],"tf.Tensor([-0.06628163 -0.45103407  0.3304708   0.05889745 -0.21011911  1.        ], shape=(6,), dtype=float32)",0.0,[14 1 0 0 0 0 0 2 2 3 4 1 0 0 0 0 5 6 0 0 0 0 0 0 17],True,"tf.Tensor(
[[-0.06628163 -0.45103407  0.3304708   0.05889745 -0.21011911 29.509146
  29.684875   29.03999    27.228662   28.332174   28.66911    29.523064
  29.318338   29.063025   29.494379   29.089802   28.640123   28.147831  ]], shape=(1, 18), dtype=float32)"
206,[1 1 0 0 0 0 0 1 1 1 6 3 0 0 0 0 0 0 0 0 0 0 0 0 0],"tf.Tensor([ 2.5667574  3.4107025  1.1634783  1.3649663  3.9568088 11.       ], shape=(6,), dtype=float32)",0.5,[1 2 1 1 1 6 3 0 0 0 0 0 0 0 0 0 0 0 0 0 0 0 0 0 0],False,"tf.Tensor(
[[ 2.5667574  3.4107025  1.1634783  1.3649663  3.9568088 13.164844
  10.730254  12.012593  12.171744  10.736289  12.0594635 12.444464
  12.974285  14.021757  11.174318  13.227498  14.054884  11.599348 ]], shape=(1, 18), dtype=float32)"
207,[1 2 1 1 1 6 3 0 0 0 0 0 0 0 0 0 0 0 0 0 0 0 0 0 0],[0 0 0 0 1 5],0.0,[1 3 1 1 1 6 3 0 0 0 0 0 0 0 0 0 0 0 0 0 0 0 0 0 0],False,"tf.Tensor(
[[ 2.6951761  2.8378642  1.5558568  2.96662    3.07133   14.501378
  12.005488  15.76153   13.528085  14.0409355 15.9335785 15.007199
  15.272446  14.793848  14.12847   16.28476   15.507154  16.480888 ]], shape=(1, 18), dtype=float32)"
208,[1 3 1 1 1 6 3 0 0 0 0 0 0 0 0 0 0 0 0 0 0 0 0 0 0],[1 0 0 0 0 3],0.0,[2 1 0 0 0 0 0 1 1 1 6 3 0 0 0 0 0 0 0 0 0 0 0 0 0],False,"tf.Tensor(
[[ 2.7074573  2.8222606  1.5549735  2.9382536  3.1009574 15.169307
  12.658337  16.39073   14.250091  14.742087  16.538301  15.626287
  15.912576  15.375092  14.816255  16.86828   16.168642  17.07126  ]], shape=(1, 18), dtype=float32)"
209,[2 1 0 0 0 0 0 1 1 1 6 3 0 0 0 0 0 0 0 0 0 0 0 0 0],"tf.Tensor([2.5796328 3.2994418 1.1109772 1.3583412 3.642682  8.       ], shape=(6,), dtype=float32)",0.5,[2 2 3 5 4 1 2 0 0 0 0 0 0 0 0 0 0 0 0 0 0 0 0 0 0],False,"tf.Tensor(
[[ 2.5796328  3.2994418  1.1109772  1.3583412  3.642682  13.240203
  10.881568  12.30228   12.200894  11.020241  12.27528   12.766505
  13.128023  14.1903715 11.427267  13.505842  14.124711  11.8238325]], shape=(1, 18), dtype=float32)"
210,[2 2 3 5 4 1 2 0 0 0 0 0 0 0 0 0 0 0 0 0 0 0 0 0 0],"tf.Tensor([ 2.8377743  3.0787058  1.714269   2.8567529  3.2551885 10.       ], shape=(6,), dtype=float32)",0.0,[2 3 3 5 4 1 2 0 0 0 0 0 0 0 0 0 0 0 0 0 0 0 0 0 0],False,"tf.Tensor(
[[ 2.8377743  3.0787058  1.714269   2.8567529  3.2551885 18.304
  15.273055  19.601263  17.332172  18.546467  19.756117  19.409939
  19.333897  18.388735  18.298796  20.677235  19.153522  20.467329 ]], shape=(1, 18), dtype=float32)"
211,[2 3 3 5 4 1 2 0 0 0 0 0 0 0 0 0 0 0 0 0 0 0 0 0 0],[1 0 0 0 0 4],10.0,[3 1 0 0 0 0 0 3 5 4 1 2 0 0 0 0 5 0 0 0 0 0 0 0 0],False,"tf.Tensor(
[[ 2.8388937  3.0265594  1.7159044  2.8145227  3.3400114 18.95111
  15.984027  20.173239  18.035643  19.18828   20.395391  20.018456
  19.977215  18.99869   18.903713  21.330189  19.742575  21.100939 ]], shape=(1, 18), dtype=float32)"
212,[3 1 0 0 0 0 0 3 5 4 1 2 0 0 0 0 5 0 0 0 0 0 0 0 0],"tf.Tensor([2.5265462  2.6282413  0.49398828 2.3851643  3.9224875  8.        ], shape=(6,), dtype=float32)",0.4,[3 2 5 3 2 4 0 0 0 3 0 0 0 0 0 0 5 0 0 0 0 0 0 0 0],False,"tf.Tensor(
[[ 2.5265462   2.6282413   0.49398828  2.3851643   3.9224875  16.052814
  14.115151   15.169303   14.077968   13.736058   15.415808   14.555057
  16.104826   16.926136   14.296103   16.44347    16.453156   15.34089   ]], shape=(1, 18), dtype=float32)"
213,[3 2 5 3 2 4 0 0 0 3 0 0 0 0 0 0 5 0 0 0 0 0 0 0 0],"tf.Tensor([ 2.8129995  2.9273355  1.676719   2.9679544  4.1638875 12.       ], shape=(6,), dtype=float32)",0.1,[3 3 5 3 2 4 3 0 0 0 0 0 0 0 0 0 5 0 0 0 0 0 0 0 0],False,"tf.Tensor(
[[ 2.8129995  2.9273355  1.676719   2.9679544  4.1638875 20.490713
  17.906927  21.162296  19.579172  19.726866  20.99994   20.394144
  21.126364  20.181467  19.79414   21.667921  21.550879  21.95183  ]], shape=(1, 18), dtype=float32)"
214,[3 3 5 3 2 4 3 0 0 0 0 0 0 0 0 0 5 0 0 0 0 0 0 0 0],[0 1 0 1 0 3],8.0,[4 1 0 0 0 0 0 5 3 3 2 4 0 0 0 4 5 0 0 0 0 0 0 0 0],False,"tf.Tensor(
[[ 2.7475514  2.5013297  1.4912671  3.161334   4.21347   21.13484
  18.911694  21.933157  19.90534   20.027454  21.857943  20.725357
  21.804144  20.704655  20.315811  22.212658  22.034512  22.830162 ]], shape=(1, 18), dtype=float32)"
215,[4 1 0 0 0 0 0 5 3 3 2 4 0 0 0 4 5 0 0 0 0 0 0 0 0],"tf.Tensor([ 2.2240465   3.1539137   0.28676698  2.025502    4.1456094  11.        ], shape=(6,), dtype=float32)",0.4,[4 2 2 2 4 4 0 0 0 2 0 0 0 0 0 4 5 0 0 0 0 0 0 0 0],False,"tf.Tensor(
[[ 2.2240465   3.1539137   0.28676698  2.025502    4.1456094  17.047525
  14.472436   16.163425   14.997752   14.565906   15.937422   14.892537
  16.838095   17.087246   15.650957   16.322447   17.308681   16.047222  ]], shape=(1, 18), dtype=float32)"
216,[4 2 2 2 4 4 0 0 0 2 0 0 0 0 0 4 5 0 0 0 0 0 0 0 0],"tf.Tensor([ 2.1659582   2.2420142   0.84953415  2.4676962   2.5248723  12.        ], shape=(6,), dtype=float32)",0.0,[4 3 2 2 4 4 0 0 0 6 0 0 0 0 0 4 5 0 0 0 0 0 0 0 0],False,"tf.Tensor(
[[ 2.1659582   2.2420142   0.84953415  2.4676962   2.5248723  17.446209
  14.711034   18.33445    16.169352   16.759363   17.852848   17.537462
  17.745335   16.567719   17.141863   18.599522   17.692226   19.3032    ]], shape=(1, 18), dtype=float32)"
217,[4 3 2 2 4 4 0 0 0 6 0 0 0 0 0 4 5 0 0 0 0 0 0 0 0],"tf.Tensor([ 2.7202318  2.9349413  0.8645686  2.634122   3.4927638 10.       ], shape=(6,), dtype=float32)",0.0,[5 1 0 0 0 0 0 2 2 5 4 4 0 0 0 4 5 0 0 0 0 0 0 0 0],False,"tf.Tensor(
[[ 2.7202318  2.9349413  0.8645686  2.634122   3.4927638 20.862633
  17.614252  21.104326  19.074467  19.452965  20.507957  20.580341
  21.295727  19.798956  20.081238  22.148844  21.133675  22.056595 ]], shape=(1, 18), dtype=float32)"
218,[5 1 0 0 0 0 0 2 2 5 4 4 0 0 0 4 5 0 0 0 0 0 0 0 0],"tf.Tensor([2.4116185 3.0358381 0.1358781 1.5235602 3.914951  8.       ], shape=(6,), dtype=float32)",0.4,[5 2 3 6 1 3 0 0 0 3 0 0 0 0 0 4 5 0 0 0 0 0 0 0 0],False,"tf.Tensor(
[[ 2.4116185  3.0358381  0.1358781  1.5235602  3.914951  16.693724
  14.185677  15.169233  14.827607  14.032063  15.006517  14.976216
  16.604551  16.93416   14.740186  16.671776  16.685127  15.686971 ]], shape=(1, 18), dtype=float32)"
219,[5 2 3 6 1 3 0 0 0 3 0 0 0 0 0 4 5 0 0 0 0 0 0 0 0],"tf.Tensor([ 2.2312076   1.8200731   0.48198107  1.8143897   2.8565333  12.        ], shape=(6,), dtype=float32)",0.0,[5 3 3 6 1 3 0 0 0 6 0 0 0 0 0 4 5 0 0 0 0 0 0 0 0],False,"tf.Tensor(
[[ 2.2312076   1.8200731   0.48198107  1.8143897   2.8565333  18.622023
  15.948568   18.688457   17.431408   17.89244    18.086311   18.211287
  18.896238   17.204674   17.991272   19.658255   18.358847   19.803343  ]], shape=(1, 18), dtype=float32)"
220,[5 3 3 6 1 3 0 0 0 6 0 0 0 0 0 4 5 0 0 0 0 0 0 0 0],"tf.Tensor([ 2.7746737   2.45605     0.57285714  2.1219578   3.395286   10.        ], shape=(6,), dtype=float32)",0.0,[6 1 0 0 0 0 0 3 6 1 1 3 0 0 0 4 5 0 0 0 0 0 0 0 0],False,"tf.Tensor(
[[ 2.7746737   2.45605     0.57285714  2.1219578   3.395286   21.380415
  18.470552   21.273373   19.93528    20.34826    20.612553   20.790796
  21.948895   20.064154   20.583782   22.58378    21.392826   22.14015   ]], shape=(1, 18), dtype=float32)"
221,[6 1 0 0 0 0 0 3 6 1 1 3 0 0 0 4 5 0 0 0 0 0 0 0 0],[ 0  1  1  1  1 12],0.4,[6 2 5 6 3 4 0 4 0 0 0 0 0 0 0 4 5 0 0 0 0 0 0 0 0],False,"tf.Tensor(
[[ 2.1193233   2.124126   -0.17653272  2.0674808   3.6434672  16.566406
  14.502529   15.744123   14.208467   14.230986   15.810665   14.44015
  16.419973   16.835783   14.939931   16.508762   16.002695   16.473951  ]], shape=(1, 18), dtype=float32)"
222,[6 2 5 6 3 4 0 4 0 0 0 0 0 0 0 4 5 0 0 0 0 0 0 0 0],"tf.Tensor([ 2.229788   2.0680335  1.0444815  3.0993252  3.9929652 12.       ], shape=(6,), dtype=float32)",0.1,[6 3 5 6 3 4 4 0 0 0 0 0 0 0 0 4 5 0 0 0 0 0 0 0 0],False,"tf.Tensor(
[[ 2.229788   2.0680335  1.0444815  3.0993252  3.9929652 24.741554
  21.19723   24.957682  22.839743  23.589678  24.665064  23.877138
  24.74312   23.851316  23.913809  24.938404  25.0927    26.804241 ]], shape=(1, 18), dtype=float32)"
223,[6 3 5 6 3 4 4 0 0 0 0 0 0 0 0 4 5 0 0 0 0 0 0 0 0],"tf.Tensor([ 3.0321894  2.797132   1.1419833  3.1264813  3.7843225 12.       ], shape=(6,), dtype=float32)",44.0,[7 1 0 0 0 0 0 5 5 6 3 4 0 0 0 4 5 0 0 0 0 0 0 0 22],False,"tf.Tensor(
[[ 3.0321894  2.797132   1.1419833  3.1264813  3.7843225 25.461334
  21.678553  26.432503  23.53244   24.633852  25.867027  25.578981
  26.205944  24.1861    24.957838  27.233479  25.582256  27.771112 ]], shape=(1, 18), dtype=float32)"
224,[7 1 0 0 0 0 0 5 5 6 3 4 0 0 0 4 5 0 0 0 0 0 0 0 22],"tf.Tensor([ 1.1460787   1.8959928   0.7838417   1.1080227   0.95504534 11.        ], shape=(6,), dtype=float32)",0.4,[7 2 2 4 3 5 0 0 0 4 0 0 0 0 0 4 5 0 0 0 0 0 0 0 22],False,"tf.Tensor(
[[ 1.1460787   1.8959928   0.7838417   1.1080227   0.95504534 31.45803
  30.937717   31.677982   29.268429   30.523842   30.630966   30.914225
  31.96008    31.691214   31.448496   31.964727   32.0732     29.647429  ]], shape=(1, 18), dtype=float32)"
225,[7 2 2 4 3 5 0 0 0 4 0 0 0 0 0 4 5 0 0 0 0 0 0 0 22],[0 1 1 0 1 7],0.1,[7 3 2 4 3 5 4 0 0 0 0 0 0 0 0 4 5 0 0 0 0 0 0 0 22],False,"tf.Tensor(
[[ 0.10054629  0.7170151   0.6335008   0.8813236   0.43139887 33.101604
  32.13621    32.727844   32.639885   33.56629    32.94733    32.13169
  31.431662   32.511654   33.2677     32.62928    31.881832   33.464245  ]], shape=(1, 18), dtype=float32)"
226,[7 3 2 4 3 5 4 0 0 0 0 0 0 0 0 4 5 0 0 0 0 0 0 0 22],"tf.Tensor([ 0.3302943   0.6816506   0.5635283   0.8881979   0.17686842 12.        ], shape=(6,), dtype=float32)",-8.0,[8 1 0 0 0 0 0 2 4 6 3 5 0 0 0 4 5 0 0 0 0 0 0 0 18],False,"tf.Tensor(
[[ 0.3302943   0.6816506   0.5635283   0.8881979   0.17686842 33.492332
  32.327785   33.195953   32.981457   33.50794    33.508034   32.158173
  31.519405   33.120396   33.41137    32.741066   31.843105   33.84295   ]], shape=(1, 18), dtype=float32)"
227,[8 1 0 0 0 0 0 2 4 6 3 5 0 0 0 4 5 0 0 0 0 0 0 0 18],"tf.Tensor([ 0.66514724  1.364244    0.23524675  0.69186485  0.43683016 10.        ], shape=(6,), dtype=float32)",0.1,[8 2 5 0 0 0 0 1 0 4 2 5 0 0 0 4 5 0 0 0 0 0 0 0 18],False,"tf.Tensor(
[[ 0.66514724  1.364244    0.23524675  0.69186485  0.43683016 26.48915
  26.37838    26.626034   24.384691   25.612608   25.856155   26.29428
  27.004732   26.828688   26.451345   27.324688   26.327158   25.183859  ]], shape=(1, 18), dtype=float32)"
228,[8 2 5 0 0 0 0 1 0 4 2 5 0 0 0 4 5 0 0 0 0 0 0 0 18],"tf.Tensor([0.14583509 1.0042671  0.9825318  0.59618723 0.66316795 9.        ], shape=(6,), dtype=float32)",0.1,[8 3 5 4 0 0 0 3 0 0 6 2 0 0 0 4 5 0 0 0 0 0 0 0 18],False,"tf.Tensor(
[[ 0.14583509  1.0042671   0.9825318   0.59618723  0.66316795 25.809967
  25.86829    26.108723   25.025043   26.209547   25.778381   26.22841
  26.104643   25.890089   26.504023   26.26444    26.134682   25.103275  ]], shape=(1, 18), dtype=float32)"
229,[8 3 5 4 0 0 0 3 0 0 6 2 0 0 0 4 5 0 0 0 0 0 0 0 18],"tf.Tensor([0.24654941 1.3358119  0.6268023  0.3658371  1.1760676  9.        ], shape=(6,), dtype=float32)",0.0,[9 1 0 0 0 0 0 5 5 2 6 6 0 0 0 4 5 0 0 0 0 0 0 0 18],False,"tf.Tensor(
[[ 0.24654941  1.3358119   0.6268023   0.3658371   1.1760676  29.60202
  29.200148   29.639585   29.206242   30.174707   29.06586    29.41045
  29.524578   29.123156   30.295387   29.533575   30.01389    28.708202  ]], shape=(1, 18), dtype=float32)"
230,[9 1 0 0 0 0 0 5 5 2 6 6 0 0 0 4 5 0 0 0 0 0 0 0 18],"tf.Tensor([0.95368725 1.821695   0.56932354 0.74163926 1.0835761  7.        ], shape=(6,), dtype=float32)",0.30000000000000004,[9 2 1 3 4 0 0 0 0 4 4 0 0 0 0 4 5 0 0 0 0 0 0 0 18],False,"tf.Tensor(
[[ 0.95368725  1.821695    0.56932354  0.74163926  1.0835761  28.842216
  28.484802   28.936697   26.91784    27.612623   28.062893   28.276077
  29.46497    29.033758   28.747028   29.178299   29.22754    27.121887  ]], shape=(1, 18), dtype=float32)"
231,[9 2 1 3 4 0 0 0 0 4 4 0 0 0 0 4 5 0 0 0 0 0 0 0 18],"tf.Tensor([ 0.14090721  0.4485504  -0.6304275   0.34864604 -0.02879764  4.        ], shape=(6,), dtype=float32)",0.0,[9 3 1 3 4 0 0 0 0 6 4 0 0 0 0 4 5 0 0 0 0 0 0 0 18],False,"tf.Tensor(
[[ 0.14090721  0.4485504  -0.6304275   0.34864604 -0.02879764 28.039865
  27.173756   27.980366   27.213135   28.502024   27.618086   28.059872
  26.435783   27.079021   28.058743   28.150442   26.73609    28.114113  ]], shape=(1, 18), dtype=float32)"
232,[9 3 1 3 4 0 0 0 0 6 4 0 0 0 0 4 5 0 0 0 0 0 0 0 18],"tf.Tensor([-0.14253254  0.40536696 -0.62443924  0.3073852   0.2158749   4.        ], shape=(6,), dtype=float32)",-10.0,[10 1 0 0 0 0 0 1 3 1 6 4 0 0 0 4 0 0 0 0 0 0 0 0 18],False,"tf.Tensor(
[[-0.14253254  0.40536696 -0.62443924  0.3073852   0.2158749  29.767561
  29.252977   29.35383    28.627172   30.205849   29.197622   29.62068
  28.707727   28.931446   30.0631     30.073984   28.400118   29.676807  ]], shape=(1, 18), dtype=float32)"
233,[10 1 0 0 0 0 0 1 3 1 6 4 0 0 0 4 0 0 0 0 0 0 0 0 18],"tf.Tensor([ 1.0258471   1.2710236   0.01123711  0.739014   -0.12295629  6.        ], shape=(6,), dtype=float32)",0.2,[10 2 6 3 0 0 0 0 0 5 2 1 0 0 0 4 0 0 0 0 0 0 0 0 18],False,"tf.Tensor(
[[ 1.0258471e+00  1.2710236e+00  1.1237115e-02  7.3901403e-01
  -1.2295629e-01  2.4824654e+01  2.3855003e+01  2.5619329e+01
   2.3623926e+01  2.4213774e+01  2.4512487e+01  2.5621805e+01
   2.3671459e+01  2.3764784e+01  2.4240631e+01  2.5287615e+01
   2.4859509e+01  2.3985832e+01]], shape=(1, 18), dtype=float32)"
234,[10 2 6 3 0 0 0 0 0 5 2 1 0 0 0 4 0 0 0 0 0 0 0 0 18],"tf.Tensor(
[-3.6721927e-01  2.2651386e-01  2.9634833e-03 -3.2464010e-01
  6.0673892e-01  4.0000000e+00], shape=(6,), dtype=float32)",0.0,[10 3 6 3 0 0 0 0 0 6 4 4 0 0 0 4 0 0 0 0 0 0 0 0 18],False,"tf.Tensor(
[[-3.6721927e-01  2.2651386e-01  2.9634833e-03 -3.2464010e-01
   6.0673892e-01  2.7661125e+01  2.8111820e+01  2.7549690e+01
   2.7509087e+01  2.9212608e+01  2.7106457e+01  2.8623384e+01
   2.7534725e+01  2.6933928e+01  2.8683399e+01  2.8451941e+01
   2.7450739e+01  2.7182566e+01]], shape=(1, 18), dtype=float32)"
235,[10 3 6 3 0 0 0 0 0 6 4 4 0 0 0 4 0 0 0 0 0 0 0 0 18],[ 0  0  1  0  0 11],0.0,[11 1 0 0 0 0 0 6 3 5 3 6 0 0 0 4 0 0 0 0 0 0 0 0 18],False,"tf.Tensor(
[[-0.20647378  0.8934149   0.37479994  0.16284658  1.1526953  30.74137
  31.151796   30.588415   29.866629   31.488419   30.120394   31.400473
  31.352863   30.544285   31.601166   31.687202   30.8697     29.806686  ]], shape=(1, 18), dtype=float32)"
236,[11 1 0 0 0 0 0 6 3 5 3 6 0 0 0 4 0 0 0 0 0 0 0 0 18],"tf.Tensor([ 0.5792605   0.87627894  0.5890895   0.93653643  0.01886545 10.        ], shape=(6,), dtype=float32)",0.1,[11 2 2 0 0 0 0 2 4 2 0 3 0 0 0 4 0 0 0 0 0 0 0 0 18],False,"tf.Tensor(
[[5.7926053e-01 8.7627894e-01 5.8908951e-01 9.3653643e-01 1.8865451e-02
  2.7925158e+01 2.7758825e+01 2.8342093e+01 2.5183273e+01 2.6674021e+01
  2.7300720e+01 2.8248720e+01 2.8316362e+01 2.7882841e+01 2.8045105e+01
  2.8500135e+01 2.8157953e+01 2.6622980e+01]], shape=(1, 18), dtype=float32)"
237,[11 2 2 0 0 0 0 2 4 2 0 3 0 0 0 4 0 0 0 0 0 0 0 0 18],"tf.Tensor([ 0.08831768 -0.23937269 -0.23671976  0.34652555 -0.30285418  6.        ], shape=(6,), dtype=float32)",0.0,[11 3 2 0 0 0 0 5 4 1 0 3 0 0 0 4 0 0 0 0 0 0 0 0 18],False,"tf.Tensor(
[[ 0.08831768 -0.23937269 -0.23671976  0.34652555 -0.30285418 24.135643
  24.38669    24.791967   23.053425   24.73386    24.28162    24.975384
  23.544067   23.460539   24.493237   24.845064   23.507633   24.198809  ]], shape=(1, 18), dtype=float32)"
238,[11 3 2 0 0 0 0 5 4 1 0 3 0 0 0 4 0 0 0 0 0 0 0 0 18],"tf.Tensor([ 0.08458106 -0.49013406 -0.04845205  0.5223317  -0.2760595   2.        ], shape=(6,), dtype=float32)",0.0,[12 1 0 0 0 0 0 3 3 2 2 2 0 0 0 4 0 0 0 0 0 0 0 0 18],False,"tf.Tensor(
[[ 0.08458106 -0.49013406 -0.04845205  0.5223317  -0.2760595  25.372316
  25.536608   25.799152   23.713182   25.401789   25.32773    25.696278
  24.956425   24.592758   25.758974   25.729769   24.766714   25.294176  ]], shape=(1, 18), dtype=float32)"
239,[12 1 0 0 0 0 0 3 3 2 2 2 0 0 0 4 0 0 0 0 0 0 0 0 18],"tf.Tensor([ 0.3230986  -0.18139704 -0.4504651   0.29400623 -0.73394835  6.        ], shape=(6,), dtype=float32)",0.0,[12 2 0 0 0 0 0 4 6 2 5 3 0 0 0 4 0 0 0 0 0 0 0 0 18],False,"tf.Tensor(
[[ 0.3230986  -0.18139704 -0.4504651   0.29400623 -0.73394835 23.753372
  23.392666   24.511383   22.448195   23.863977   23.566385   24.806532
  22.433205   22.516832   23.714462   24.017391   23.184036   23.57671   ]], shape=(1, 18), dtype=float32)"
240,[12 2 0 0 0 0 0 4 6 2 5 3 0 0 0 4 0 0 0 0 0 0 0 0 18],"tf.Tensor([ 0.4200247   0.29980296 -0.5283083   0.5896776  -0.1932844  10.        ], shape=(6,), dtype=float32)",0.0,[12 3 0 0 0 0 0 5 1 1 6 5 0 0 0 4 0 0 0 0 0 0 0 0 18],False,"tf.Tensor(
[[ 0.4200247   0.29980296 -0.5283083   0.5896776  -0.1932844  27.88586
  27.854488   28.275906   25.445925   26.950281   27.370142   28.253183
  27.551682   27.360815   27.739971   28.645552   27.295702   27.083239  ]], shape=(1, 18), dtype=float32)"
241,[12 3 0 0 0 0 0 5 1 1 6 5 0 0 0 4 0 0 0 0 0 0 0 0 18],"tf.Tensor([ 0.8135337   0.9615175   0.5079601   0.6804851  -0.06983425  2.        ], shape=(6,), dtype=float32)",0.0,[13 1 0 0 0 0 0 2 1 3 5 6 0 0 0 4 0 0 0 0 0 0 0 0 18],False,"tf.Tensor(
[[ 0.8135337   0.9615175   0.5079601   0.6804851  -0.06983425 28.269707
  27.419613   28.533087   26.751633   27.024126   27.61028    28.40566
  27.02879    27.062681   27.78923    28.088692   28.288929   26.993359  ]], shape=(1, 18), dtype=float32)"
242,[13 1 0 0 0 0 0 2 1 3 5 6 0 0 0 4 0 0 0 0 0 0 0 0 18],[ 1  1  1  1  1 12],0.5,[13 2 5 4 5 3 2 0 0 0 0 0 0 0 0 4 0 0 0 0 0 0 0 0 18],False,"tf.Tensor(
[[ 0.63808066  0.88146836  0.24851748  0.6929858  -0.22364856 27.129965
  26.381594   27.450836   25.542435   26.098967   26.633917   27.77985
  25.892143   26.152586   26.577778   27.351519   26.820919   26.222694  ]], shape=(1, 18), dtype=float32)"
243,[13 2 5 4 5 3 2 0 0 0 0 0 0 0 0 4 0 0 0 0 0 0 0 0 18],"tf.Tensor([-0.5658142  -0.7055679  -0.44666997  0.06952514  0.03049897 12.        ], shape=(6,), dtype=float32)",0.0,[13 3 5 4 5 3 2 0 0 0 0 0 0 0 0 4 0 0 0 0 0 0 0 0 18],False,"tf.Tensor(
[[-5.6581420e-01 -7.0556790e-01 -4.4666997e-01  6.9525138e-02
   3.0498967e-02  3.2389500e+01  3.1684902e+01  3.1609034e+01
   3.2413013e+01  3.2905922e+01  3.2107418e+01  3.1922632e+01
   2.9811634e+01  3.1026419e+01  3.2454716e+01  3.1809965e+01
   3.0255396e+01  3.3136410e+01]], shape=(1, 18), dtype=float32)"
244,[13 3 5 4 5 3 2 0 0 0 0 0 0 0 0 4 0 0 0 0 0 0 0 0 18],[1 1 0 0 0 6],0.0,[14 1 0 0 0 0 0 5 4 5 3 2 0 0 0 4 0 0 0 0 0 0 0 0 18],True,"tf.Tensor(
[[-0.58347374 -0.774188   -0.41249445  0.0493672   0.10185264 32.994545
  32.319813   32.22146    33.082554   33.592743   32.773247   32.543697
  30.497122   31.581755   33.109505   32.41742    30.864922   33.794876  ]], shape=(1, 18), dtype=float32)"
245,[1 1 0 0 0 0 0 4 4 3 2 2 0 0 0 0 0 0 0 0 0 0 0 0 0],"tf.Tensor([ 2.5806234  3.61153    0.926371   2.7514803  4.442689  11.       ], shape=(6,), dtype=float32)",0.5,[1 2 4 4 3 2 2 0 0 0 0 0 0 0 0 0 0 0 0 0 0 0 0 0 0],False,"tf.Tensor(
[[ 2.5806234  3.61153    0.926371   2.7514803  4.442689  15.936798
  13.687308  15.664767  14.144862  13.826518  15.751379  14.847391
  16.04525   17.147377  14.622264  16.009573  17.34625   14.956245 ]], shape=(1, 18), dtype=float32)"
246,[1 2 4 4 3 2 2 0 0 0 0 0 0 0 0 0 0 0 0 0 0 0 0 0 0],"tf.Tensor([ 2.9387484  3.3007772  1.9239511  3.1047661  3.639589  10.       ], shape=(6,), dtype=float32)",0.0,[1 3 4 4 3 2 2 0 0 0 0 0 0 0 0 0 0 0 0 0 0 0 0 0 0],False,"tf.Tensor(
[[ 2.9387484  3.3007772  1.9239511  3.1047661  3.639589  17.946733
  15.008287  19.282179  16.93102   17.9232    19.451283  18.85927
  19.067528  18.364025  17.777147  20.171947  19.175495  20.064978 ]], shape=(1, 18), dtype=float32)"
247,[1 3 4 4 3 2 2 0 0 0 0 0 0 0 0 0 0 0 0 0 0 0 0 0 0],"tf.Tensor([ 2.9712038  3.2854562  1.9372867  3.0664575  3.7190425 10.       ], shape=(6,), dtype=float32)",0.0,[2 1 0 0 0 0 0 4 4 3 2 2 0 0 0 0 0 0 0 0 0 0 0 0 0],False,"tf.Tensor(
[[ 2.9712038  3.2854562  1.9372867  3.0664575  3.7190425 18.588194
  15.691576  19.880013  17.649925  18.575338  20.095228  19.470072
  19.702549  18.976873  18.37506   20.818682  19.77834   20.659348 ]], shape=(1, 18), dtype=float32)"
248,[2 1 0 0 0 0 0 4 4 3 2 2 0 0 0 0 0 0 0 0 0 0 0 0 0],"tf.Tensor([ 2.4723997  3.429124   0.660116   2.7226703  4.294064  11.       ], shape=(6,), dtype=float32)",0.4,[2 2 3 3 1 1 0 0 0 6 0 0 0 0 0 0 0 0 0 0 0 0 0 0 0],False,"tf.Tensor(
[[ 2.4723997  3.429124   0.660116   2.7226703  4.294064  15.95615
  13.893681  15.649171  13.924031  13.667695  15.6554985 14.819442
  15.963417  17.248322  14.599018  15.958753  17.287271  14.835954 ]], shape=(1, 18), dtype=float32)"
249,[2 2 3 3 1 1 0 0 0 6 0 0 0 0 0 0 0 0 0 0 0 0 0 0 0],"tf.Tensor([ 2.8067386  3.23232    1.244947   2.047406   3.5031085 10.       ], shape=(6,), dtype=float32)",0.1,[2 3 3 3 1 1 6 0 0 0 0 0 0 0 0 0 0 0 0 0 0 0 0 0 0],False,"tf.Tensor(
[[ 2.8067386  3.23232    1.244947   2.047406   3.5031085 16.120281
  13.718163  16.167196  15.230287  15.5578375 16.178467  16.335562
  17.21501   16.876554  15.3866625 17.683458  17.244293  16.420229 ]], shape=(1, 18), dtype=float32)"
250,[2 3 3 3 1 1 6 0 0 0 0 0 0 0 0 0 0 0 0 0 0 0 0 0 0],"tf.Tensor([ 2.9330964  2.7943778  1.3153957  2.6095436  3.6659982 10.       ], shape=(6,), dtype=float32)",0.0,[3 1 0 0 0 0 0 3 3 1 1 1 0 0 0 0 0 0 0 0 0 0 0 0 0],False,"tf.Tensor(
[[ 2.9330964  2.7943778  1.3153957  2.6095436  3.6659982 16.644323
  13.67027   16.881067  15.354036  15.906744  17.1676    16.561857
  17.57132   16.803343  15.776342  18.04732   17.166235  18.029045 ]], shape=(1, 18), dtype=float32)"
251,[3 1 0 0 0 0 0 3 3 1 1 1 0 0 0 0 0 0 0 0 0 0 0 0 0],"tf.Tensor([1.7165816  2.090607   0.08456723 1.9770597  2.8271444  8.        ], shape=(6,), dtype=float32)",0.4,[3 2 2 4 4 6 0 0 0 5 0 0 0 0 0 0 0 0 0 0 0 0 0 0 0],False,"tf.Tensor(
[[ 1.7165816   2.090607    0.08456723  1.9770597   2.8271444  11.498804
  10.167989   11.236367    9.731005    9.69257    11.201855   10.38409
  11.187165   12.538917   10.380434   11.264923   12.040441   10.80496   ]], shape=(1, 18), dtype=float32)"
252,[3 2 2 4 4 6 0 0 0 5 0 0 0 0 0 0 0 0 0 0 0 0 0 0 0],"tf.Tensor([ 3.624457   4.228195   1.8992093  3.5942438  4.39702   10.       ], shape=(6,), dtype=float32)",0.1,[3 3 2 4 4 6 5 0 0 0 0 0 0 0 0 0 0 0 0 0 0 0 0 0 0],False,"tf.Tensor(
[[ 3.624457   4.228195   1.8992093  3.5942438  4.39702   23.034046
  19.423622  24.410793  21.441614  22.256536  24.263128  23.979507
  24.145658  23.45652   22.524235  25.697775  24.190664  25.412806 ]], shape=(1, 18), dtype=float32)"
253,[3 3 2 4 4 6 5 0 0 0 0 0 0 0 0 0 0 0 0 0 0 0 0 0 0],"tf.Tensor([ 3.5943298  4.0178757  2.105881   4.0244746  4.100762  12.       ], shape=(6,), dtype=float32)",42.0,[4 1 0 0 0 0 0 2 4 2 4 6 0 0 0 0 0 0 0 0 0 0 0 0 21],False,"tf.Tensor(
[[ 3.5943298  4.0178757  2.105881   4.0244746  4.100762  23.811636
  19.755896  25.69263   22.053123  23.406395  25.666801  24.744902
  25.108183  23.843859  23.64111   26.478413  24.85135   26.792986 ]], shape=(1, 18), dtype=float32)"
254,[4 1 0 0 0 0 0 2 4 2 4 6 0 0 0 0 0 0 0 0 0 0 0 0 21],"tf.Tensor([ 1.9507182  2.943081   1.9313408  1.4500613  1.7164242 11.       ], shape=(6,), dtype=float32)",0.5,[4 2 5 4 6 5 2 0 0 0 0 0 0 0 0 0 0 0 0 0 0 0 0 0 21],False,"tf.Tensor(
[[ 1.9507182  2.943081   1.9313408  1.4500613  1.7164242 28.885977
  28.158636  28.963612  28.11832   27.440893  28.24753   28.060577
  28.595459  29.25315   27.659328  29.224325  29.960222  26.514696 ]], shape=(1, 18), dtype=float32)"
255,[4 2 5 4 6 5 2 0 0 0 0 0 0 0 0 0 0 0 0 0 0 0 0 0 21],"tf.Tensor([1.1045821 2.3333118 2.1228666 2.3720176 2.4510012 5.       ], shape=(6,), dtype=float32)",0.0,[4 3 5 4 6 5 2 0 0 0 0 0 0 0 0 0 0 0 0 0 0 0 0 0 21],False,"tf.Tensor(
[[ 1.1045821  2.3333118  2.1228666  2.3720176  2.4510012 37.935707
  35.819237  37.39898   38.387524  37.99186   38.598114  36.699905
  35.58286   37.785526  37.292763  37.032635  37.935894  38.103916 ]], shape=(1, 18), dtype=float32)"
256,[4 3 5 4 6 5 2 0 0 0 0 0 0 0 0 0 0 0 0 0 0 0 0 0 21],"tf.Tensor([1.0819521 2.2487023 2.1416016 2.3564494 2.4723806 5.       ], shape=(6,), dtype=float32)",12.0,[5 1 0 0 0 0 0 5 4 6 5 2 0 0 0 0 0 6 0 0 0 0 0 0 21],False,"tf.Tensor(
[[ 1.0819521  2.2487023  2.1416016  2.3564494  2.4723806 38.36305
  36.37495   37.965347  38.84382   38.619095  39.180023  37.279736
  36.2436    38.18118   37.905914  37.62958   38.381813  38.643295 ]], shape=(1, 18), dtype=float32)"
257,[5 1 0 0 0 0 0 5 4 6 5 2 0 0 0 0 0 6 0 0 0 0 0 0 21],[0 0 1 0 1 0],0.2,[5 2 6 1 0 0 0 4 6 0 3 0 0 0 0 0 0 6 0 0 0 0 0 0 21],False,"tf.Tensor(
[[ 1.8222574  2.30342    1.9949391  1.6010633  1.6289642 33.00047
  31.755512  33.014732  30.931381  31.328571  31.95782   32.694256
  33.338146  32.731697  32.246475  32.95426   34.565838  30.481047 ]], shape=(1, 18), dtype=float32)"
258,[5 2 6 1 0 0 0 4 6 0 3 0 0 0 0 0 0 6 0 0 0 0 0 0 21],"tf.Tensor([ 1.1277325  1.4437296  1.6431878  1.3403728  1.8353817 11.       ], shape=(6,), dtype=float32)",0.30000000000000004,[5 3 6 1 4 6 3 0 0 0 0 0 0 0 0 0 0 6 0 0 0 0 0 0 21],False,"tf.Tensor(
[[ 1.1277325  1.4437296  1.6431878  1.3403728  1.8353817 32.527985
  32.347855  32.835377  31.755453  32.57946   32.618057  32.406773
  33.075478  32.340946  32.707333  33.009277  33.85839   31.060236 ]], shape=(1, 18), dtype=float32)"
259,[5 3 6 1 4 6 3 0 0 0 0 0 0 0 0 0 0 6 0 0 0 0 0 0 21],"tf.Tensor([0.7643323 1.3488288 2.4073973 1.7075522 1.707145  5.       ], shape=(6,), dtype=float32)",12.0,[6 1 0 0 0 0 0 3 3 6 6 1 0 0 0 0 0 12 0 0 0 0 0 0 21],False,"tf.Tensor(
[[ 0.7643323  1.3488288  2.4073973  1.7075522  1.707145  36.558357
  35.084877  36.336742  36.80996   36.66401   37.302406  35.945717
  35.21975   35.978287  36.59652   35.57727   36.872623  36.218796 ]], shape=(1, 18), dtype=float32)"
260,[6 1 0 0 0 0 0 3 3 6 6 1 0 0 0 0 0 12 0 0 0 0 0 0 21],"tf.Tensor([ 1.8268045   1.7054907   1.7413563   1.3310654   0.89483386 11.        ], shape=(6,), dtype=float32)",0.4,[6 2 4 3 2 4 0 0 0 0 0 6 0 0 0 0 0 12 0 0 0 0 0 0 21],False,"tf.Tensor(
[[ 1.8268045   1.7054907   1.7413563   1.3310654   0.89483386 32.987217
  31.458393   33.325054   30.846945   31.313112   32.072136   33.317406
  33.014915   31.87751    32.15135    32.871666   34.27346    30.647837  ]], shape=(1, 18), dtype=float32)"
261,[6 2 4 3 2 4 0 0 0 0 0 6 0 0 0 0 0 12 0 0 0 0 0 0 21],"tf.Tensor([1.039008   1.3012314  2.314236   1.0738784  0.51963836 2.        ], shape=(6,), dtype=float32)",0.0,[6 3 4 3 2 4 0 0 0 0 0 1 0 0 0 0 0 12 0 0 0 0 0 0 21],False,"tf.Tensor(
[[ 1.039008    1.3012314   2.314236    1.0738784   0.51963836 32.959633
  32.408466   33.834156   32.606014   33.356236   33.66575    32.98192
  33.158802   32.636116   33.475925   33.057076   33.400402   31.885002  ]], shape=(1, 18), dtype=float32)"
262,[6 3 4 3 2 4 0 0 0 0 0 1 0 0 0 0 0 12 0 0 0 0 0 0 21],"tf.Tensor([0.5556352  0.5165661  1.8941228  0.6197195  0.41632193 4.        ], shape=(6,), dtype=float32)",0.0,[7 1 0 0 0 0 0 4 3 2 4 5 0 0 0 0 0 12 0 0 0 0 0 0 21],False,"tf.Tensor(
[[ 0.5556352   0.5165661   1.8941228   0.6197195   0.41632193 32.717583
  32.12533    33.108406   32.82361    33.510895   33.118378   32.808422
  32.395267   31.429317   33.41666    32.385452   32.83746    32.010117  ]], shape=(1, 18), dtype=float32)"
263,[7 1 0 0 0 0 0 4 3 2 4 5 0 0 0 0 0 12 0 0 0 0 0 0 21],"tf.Tensor([ 1.831345   1.3214685  1.8445199  0.8991753  0.3976435 11.       ], shape=(6,), dtype=float32)",0.30000000000000004,[7 2 4 5 2 0 0 0 0 0 5 4 0 0 0 0 0 12 0 0 0 0 0 0 21],False,"tf.Tensor(
[[ 1.831345   1.3214685  1.8445199  0.8991753  0.3976435 30.770508
  29.926344  31.534142  28.900465  29.237795  30.128773  30.610773
  30.90231   30.248001  30.118258  30.527367  31.713097  28.213787 ]], shape=(1, 18), dtype=float32)"
264,[7 2 4 5 2 0 0 0 0 0 5 4 0 0 0 0 0 12 0 0 0 0 0 0 21],"tf.Tensor([ 1.4478457   1.8748218   1.7464956   0.64030886  0.90075463 11.        ], shape=(6,), dtype=float32)",0.1,[7 3 4 5 2 4 0 0 0 0 3 0 0 0 0 0 0 12 0 0 0 0 0 0 21],False,"tf.Tensor(
[[ 1.4478457   1.8748218   1.7464956   0.64030886  0.90075463 34.314312
  33.22175    34.95838    34.033657   34.408016   34.167137   34.667816
  34.215107   33.373013   34.185413   34.410934   34.987568   32.397373  ]], shape=(1, 18), dtype=float32)"
265,[7 3 4 5 2 4 0 0 0 0 3 0 0 0 0 0 0 12 0 0 0 0 0 0 21],"tf.Tensor([0.5693793  0.8054872  1.6769559  0.39526606 0.799473   4.        ], shape=(6,), dtype=float32)",10.0,[8 1 0 0 0 0 0 4 5 2 3 4 0 0 0 0 5 12 0 0 0 0 0 0 21],False,"tf.Tensor(
[[ 0.5693793   0.8054872   1.6769559   0.39526606  0.799473   35.72375
  34.78599    35.69693    35.878365   36.345665   35.63877    35.56512
  35.16723    34.20946    36.121872   35.13624    35.69826    34.725124  ]], shape=(1, 18), dtype=float32)"
266,[8 1 0 0 0 0 0 4 5 2 3 4 0 0 0 0 5 12 0 0 0 0 0 0 21],[0 0 1 1 1 1],0.30000000000000004,[8 2 4 2 6 0 0 3 4 0 0 0 0 0 0 0 5 12 0 0 0 0 0 0 21],False,"tf.Tensor(
[[ 1.428902    0.73928183  1.2147336   0.58103025  0.4484535  30.966175
  30.483067   31.403934   29.042727   29.690632   30.532091   30.562168
  31.328901   30.597534   30.39692    30.777643   31.193882   28.821203  ]], shape=(1, 18), dtype=float32)"
267,[8 2 4 2 6 0 0 3 4 0 0 0 0 0 0 0 5 12 0 0 0 0 0 0 21],"tf.Tensor([ 0.50764227 -0.3628276   0.9506487   0.87250423  0.36898214  5.        ], shape=(6,), dtype=float32)",0.0,[8 3 4 2 6 0 0 1 5 0 0 0 0 0 0 0 5 12 0 0 0 0 0 0 21],False,"tf.Tensor(
[[ 0.50764227 -0.3628276   0.9506487   0.87250423  0.36898214 35.2723
  34.662495   35.475235   34.29116    35.757046   35.93953    34.95089
  34.83146    34.46319    35.686733   35.02411    34.482143   34.953537  ]], shape=(1, 18), dtype=float32)"
268,[8 3 4 2 6 0 0 1 5 0 0 0 0 0 0 0 5 12 0 0 0 0 0 0 21],[1 0 0 0 1 9],0.0,[9 1 0 0 0 0 0 3 2 4 2 6 0 0 0 0 5 12 0 0 0 0 0 0 21],False,"tf.Tensor(
[[ 0.417711   -0.47560424  0.60686773  0.6201911   0.30683643 35.15704
  34.903828   35.335876   34.533012   36.07405    35.975296   34.953854
  34.834763   34.181717   35.666683   35.381298   33.986183   34.932972  ]], shape=(1, 18), dtype=float32)"
269,[9 1 0 0 0 0 0 3 2 4 2 6 0 0 0 0 5 12 0 0 0 0 0 0 21],"tf.Tensor([1.1983647  0.8250833  1.4852889  0.34889102 0.1359219  2.        ], shape=(6,), dtype=float32)",0.2,[9 2 3 4 0 0 0 0 6 0 6 6 0 0 0 0 5 12 0 0 0 0 0 0 21],False,"tf.Tensor(
[[ 1.1983647   0.8250833   1.4852889   0.34889102  0.1359219  30.296165
  29.983131   30.803278   28.705765   29.250118   29.896593   30.30559
  30.589325   29.937012   29.935286   30.165712   30.587984   28.068977  ]], shape=(1, 18), dtype=float32)"
270,[9 2 3 4 0 0 0 0 6 0 6 6 0 0 0 0 5 12 0 0 0 0 0 0 21],"tf.Tensor([1.4067047 1.3729693 1.1484809 0.3783574 1.1306534 7.       ], shape=(6,), dtype=float32)",0.2,[9 3 3 4 6 6 0 0 0 0 1 0 0 0 0 0 5 12 0 0 0 0 0 0 21],False,"tf.Tensor(
[[ 1.4067047  1.3729693  1.1484809  0.3783574  1.1306534 35.811943
  35.677925  35.87295   34.7158    34.974415  35.524635  35.08518
  36.42692   35.683167  35.14391   36.269714  35.53447   33.624245 ]], shape=(1, 18), dtype=float32)"
271,[9 3 3 4 6 6 0 0 0 0 1 0 0 0 0 0 5 12 0 0 0 0 0 0 21],"tf.Tensor([ 0.17480561 -0.18581693  1.4519728   0.66545534  0.36032647 12.        ], shape=(6,), dtype=float32)",-4.0,[10 1 0 0 0 0 0 3 6 4 4 4 0 0 0 0 5 12 0 0 0 0 0 0 19],False,"tf.Tensor(
[[ 0.17480561 -0.18581693  1.4519728   0.66545534  0.36032647 38.12327
  36.77798    38.042774   38.05931    38.698936   38.735596   37.41294
  36.852997   36.936073   38.560112   37.20906    36.671913   38.74131   ]], shape=(1, 18), dtype=float32)"
272,[10 1 0 0 0 0 0 3 6 4 4 4 0 0 0 0 5 12 0 0 0 0 0 0 19],"tf.Tensor([1.091299   0.22281773 0.80813986 0.5166911  0.12234586 7.        ], shape=(6,), dtype=float32)",0.1,[10 2 3 0 0 0 0 0 5 5 3 4 0 0 0 0 5 12 0 0 0 0 0 0 19],False,"tf.Tensor(
[[ 1.091299    0.22281773  0.80813986  0.5166911   0.12234586 31.725061
  31.659092   31.82393    28.945215   29.911564   31.14074    31.196522
  32.233337   31.810524   31.055573   31.760881   31.174175   29.647844  ]], shape=(1, 18), dtype=float32)"
273,[10 2 3 0 0 0 0 0 5 5 3 4 0 0 0 0 5 12 0 0 0 0 0 0 19],"tf.Tensor([0.7510332  0.20486327 1.0369941  0.28048658 0.3943538  7.        ], shape=(6,), dtype=float32)",0.1,[10 3 3 5 0 0 0 0 1 0 6 6 0 0 0 0 5 12 0 0 0 0 0 0 19],False,"tf.Tensor(
[[ 0.7510332   0.20486327  1.0369941   0.28048658  0.3943538  31.90829
  32.217087   31.76088    30.244883   31.048197   31.554785   31.700071
  32.494152   31.715107   31.625551   32.228645   31.371674   30.134035  ]], shape=(1, 18), dtype=float32)"
274,[10 3 3 5 0 0 0 0 1 0 6 6 0 0 0 0 5 12 0 0 0 0 0 0 19],[ 0  0  1  0  1 10],0.0,[11 1 0 0 0 0 0 3 4 3 4 2 0 0 0 0 5 12 0 0 0 0 0 0 19],False,"tf.Tensor(
[[ 1.0183992   1.0572333   1.3825549  -0.07781458  0.37838238 32.90524
  32.737286   33.290188   32.33574    32.638332   32.731224   32.881153
  33.273148   32.451458   32.81054    32.95993    32.670597   30.896921  ]], shape=(1, 18), dtype=float32)"
275,[11 1 0 0 0 0 0 3 4 3 4 2 0 0 0 0 5 12 0 0 0 0 0 0 19],[1 1 1 1 0 1],0.4,[11 2 1 4 4 1 0 0 0 0 0 4 0 0 0 0 5 12 0 0 0 0 0 0 19],False,"tf.Tensor(
[[ 0.7866703  -0.4426052   0.60491484  0.23454046 -0.43893152 29.307201
  29.318562   29.917334   27.093767   28.322216   29.143152   29.882578
  29.385216   28.795027   28.962706   29.251856   28.840452   27.867346  ]], shape=(1, 18), dtype=float32)"
276,[11 2 1 4 4 1 0 0 0 0 0 4 0 0 0 0 5 12 0 0 0 0 0 0 19],"tf.Tensor([ 0.5956813  -0.42169517  0.3337261  -0.17841935 -0.76978165  4.        ], shape=(6,), dtype=float32)",0.0,[11 3 1 4 4 1 0 0 0 0 0 3 0 0 0 0 5 12 0 0 0 0 0 0 19],False,"tf.Tensor(
[[ 0.5956813  -0.42169517  0.3337261  -0.17841935 -0.76978165 29.864899
  29.68906    30.642433   29.499466   30.67754    30.47174    30.312632
  28.9666     28.904657   30.047857   29.894592   28.424648   29.198969  ]], shape=(1, 18), dtype=float32)"
277,[11 3 1 4 4 1 0 0 0 0 0 3 0 0 0 0 5 12 0 0 0 0 0 0 19],"tf.Tensor([ 0.36394033 -0.7507321   0.25999695 -0.3553903  -0.82939655  4.        ], shape=(6,), dtype=float32)",-10.0,[12 1 0 0 0 0 0 1 4 4 1 1 0 0 0 0 0 12 0 0 0 0 0 0 19],False,"tf.Tensor(
[[ 0.36394033 -0.7507321   0.25999695 -0.3553903  -0.82939655 30.219912
  30.14513    30.82905    29.89724    31.105005   30.730885   30.603724
  29.344133   29.129492   30.533213   30.138292   28.586994   29.689754  ]], shape=(1, 18), dtype=float32)"
278,[12 1 0 0 0 0 0 1 4 4 1 1 0 0 0 0 0 12 0 0 0 0 0 0 19],"tf.Tensor(
[ 4.1773674e-01 -1.2119349e+00  7.6657578e-02 -1.6852617e-03
 -6.8720037e-01  6.0000000e+00], shape=(6,), dtype=float32)",0.0,[12 2 0 0 0 0 0 5 1 6 5 1 0 0 0 0 0 12 0 0 0 0 0 0 19],False,"tf.Tensor(
[[ 4.1773674e-01 -1.2119349e+00  7.6657578e-02 -1.6852617e-03
  -6.8720037e-01  2.7367144e+01  2.8108801e+01  2.8131926e+01
   2.5506256e+01  2.6991550e+01  2.7397537e+01  2.8573076e+01
   2.7193209e+01  2.6608843e+01  2.7153625e+01  2.7805744e+01
   2.6684366e+01  2.6563013e+01]], shape=(1, 18), dtype=float32)"
279,[12 2 0 0 0 0 0 5 1 6 5 1 0 0 0 0 0 12 0 0 0 0 0 0 19],"tf.Tensor([ 0.59484184 -0.06586246  0.93192583  0.33739424 -0.4870053   6.        ], shape=(6,), dtype=float32)",0.1,[12 3 6 0 0 0 0 3 2 0 1 2 0 0 0 0 0 12 0 0 0 0 0 0 19],False,"tf.Tensor(
[[ 0.59484184 -0.06586246  0.93192583  0.33739424 -0.4870053  32.013035
  31.892296   32.53118    29.130741   30.51433    31.25975    32.74929
  32.266663   31.524336   32.024376   31.80025    32.218212   29.904278  ]], shape=(1, 18), dtype=float32)"
280,[12 3 6 0 0 0 0 3 2 0 1 2 0 0 0 0 0 12 0 0 0 0 0 0 19],"tf.Tensor(
[ 2.4743113e-01 -1.0871319e+00  9.2533046e-01  7.2462559e-03
 -4.3575674e-01  9.0000000e+00], shape=(6,), dtype=float32)",0.0,[13 1 0 0 0 0 0 5 1 6 5 1 0 0 0 0 0 12 0 0 0 0 0 0 19],False,"tf.Tensor(
[[ 2.4743113e-01 -1.0871319e+00  9.2533046e-01  7.2462559e-03
  -4.3575674e-01  3.0193319e+01  3.0367720e+01  3.0541666e+01
   2.8644653e+01  3.0142012e+01  2.9910732e+01  3.0606857e+01
   3.0043308e+01  2.9134468e+01  3.0637438e+01  2.9850761e+01
   2.9543392e+01  2.8957003e+01]], shape=(1, 18), dtype=float32)"
281,[13 1 0 0 0 0 0 5 1 6 5 1 0 0 0 0 0 12 0 0 0 0 0 0 19],"tf.Tensor([ 0.54201734 -0.26593524  0.75828916  0.27514374 -0.5649676   6.        ], shape=(6,), dtype=float32)",0.0,[13 2 0 0 0 0 0 3 1 4 3 2 0 0 0 0 0 12 0 0 0 0 0 0 19],False,"tf.Tensor(
[[ 0.54201734 -0.26593524  0.75828916  0.27514374 -0.5649676  31.582294
  31.498903   32.193935   28.716705   30.20064    30.898481   32.634834
  31.671103   31.018393   31.521137   31.416185   31.722046   29.63882   ]], shape=(1, 18), dtype=float32)"
282,[13 2 0 0 0 0 0 3 1 4 3 2 0 0 0 0 0 12 0 0 0 0 0 0 19],"tf.Tensor(
[ 3.8901314e-01 -8.5499626e-01  5.6034893e-01  2.0039082e-04
 -9.5330495e-01  6.0000000e+00], shape=(6,), dtype=float32)",0.0,[13 3 0 0 0 0 0 5 4 4 6 3 0 0 0 0 0 12 0 0 0 0 0 0 19],False,"tf.Tensor(
[[ 3.8901314e-01 -8.5499626e-01  5.6034893e-01  2.0039082e-04
  -9.5330495e-01  2.8928408e+01  2.9358875e+01  2.9824936e+01
   2.6704643e+01  2.8116955e+01  2.8756840e+01  3.0271832e+01
   2.8837090e+01  2.8183523e+01  2.8923992e+01  2.9041817e+01
   2.8601223e+01  2.7591734e+01]], shape=(1, 18), dtype=float32)"
283,[13 3 0 0 0 0 0 5 4 4 6 3 0 0 0 0 0 12 0 0 0 0 0 0 19],"tf.Tensor([ 0.62322485 -0.18615393  0.70680374  0.5160774  -0.75222164  2.        ], shape=(6,), dtype=float32)",0.0,[14 1 0 0 0 0 0 4 5 6 5 1 0 0 0 0 0 12 0 0 0 0 0 0 19],True,"tf.Tensor(
[[ 0.62322485 -0.18615393  0.70680374  0.5160774  -0.75222164 34.0041
  34.5506     34.778343   30.446117   32.06388    33.671005   34.214787
  34.68362    34.478497   33.93608    34.17548    33.752037   31.743856  ]], shape=(1, 18), dtype=float32)"
284,[1 1 0 0 0 0 0 2 6 1 4 5 0 0 0 0 0 0 0 0 0 0 0 0 0],"tf.Tensor([ 3.342297   4.3874316  1.2588015  2.549374   5.268978  11.       ], shape=(6,), dtype=float32)",0.5,[1 2 2 6 1 4 5 0 0 0 0 0 0 0 0 0 0 0 0 0 0 0 0 0 0],False,"tf.Tensor(
[[ 3.342297   4.3874316  1.2588015  2.549374   5.268978  17.59564
  14.655414  16.969496  16.059635  15.213866  17.175652  16.709389
  18.016768  18.656296  15.772369  18.458359  19.030571  16.56507  ]], shape=(1, 18), dtype=float32)"
285,[1 2 2 6 1 4 5 0 0 0 0 0 0 0 0 0 0 0 0 0 0 0 0 0 0],"tf.Tensor([ 3.346806   3.538362   1.8410008  3.3397582  3.94922   12.       ], shape=(6,), dtype=float32)",0.0,[1 3 2 6 1 4 5 0 0 0 0 0 0 0 0 0 0 0 0 0 0 0 0 0 0],False,"tf.Tensor(
[[ 3.346806   3.538362   1.8410008  3.3397582  3.94922   19.820572
  16.196674  20.764149  18.392761  19.194344  20.905714  19.94668
  20.901876  19.928083  19.223112  21.851006  20.602783  21.870703 ]], shape=(1, 18), dtype=float32)"
286,[1 3 2 6 1 4 5 0 0 0 0 0 0 0 0 0 0 0 0 0 0 0 0 0 0],"tf.Tensor([ 3.417933   3.5500584  1.8520943  3.289248   4.0580177 10.       ], shape=(6,), dtype=float32)",0.0,[2 1 0 0 0 0 0 2 6 1 4 5 0 0 0 0 0 0 0 0 0 0 0 0 0],False,"tf.Tensor(
[[ 3.417933   3.5500584  1.8520943  3.289248   4.0580177 20.396996
  16.77413   21.308357  19.043703  19.835606  21.464191  20.516062
  21.50972   20.486673  19.788795  22.450203  21.135492  22.422867 ]], shape=(1, 18), dtype=float32)"
287,[2 1 0 0 0 0 0 2 6 1 4 5 0 0 0 0 0 0 0 0 0 0 0 0 0],"tf.Tensor([ 3.3050878  4.2412405  1.1401188  2.4440126  5.0039725 11.       ], shape=(6,), dtype=float32)",0.5,[2 2 6 6 6 6 2 0 0 0 0 0 0 0 0 0 0 0 0 0 0 0 0 0 0],False,"tf.Tensor(
[[ 3.3050878  4.2412405  1.1401188  2.4440126  5.0039725 17.4553
  14.674427  16.993635  15.806485  15.153748  17.054655  16.54395
  17.97059   18.65245   15.7095    18.393444  18.768877  16.3775   ]], shape=(1, 18), dtype=float32)"
288,[2 2 6 6 6 6 2 0 0 0 0 0 0 0 0 0 0 0 0 0 0 0 0 0 0],"tf.Tensor([ 4.5392013  5.163178   2.978144   5.30692    5.526309  12.       ], shape=(6,), dtype=float32)",0.0,[2 3 6 6 6 6 2 0 0 0 0 0 0 0 0 0 0 0 0 0 0 0 0 0 0],False,"tf.Tensor(
[[ 4.5392013  5.163178   2.978144   5.30692    5.526309  28.78961
  23.8968    31.415392  26.975847  28.615934  31.625422  30.6067
  30.424528  29.138454  28.743082  32.5251    30.784428  32.88653  ]], shape=(1, 18), dtype=float32)"
289,[2 3 6 6 6 6 2 0 0 0 0 0 0 0 0 0 0 0 0 0 0 0 0 0 0],"tf.Tensor([ 4.574297   5.1301994  3.0012724  5.2797446  5.569461  12.       ], shape=(6,), dtype=float32)",52.0,[3 1 0 0 0 0 0 6 6 6 6 2 0 0 0 0 0 0 0 0 0 0 0 0 26],False,"tf.Tensor(
[[ 4.574297   5.1301994  3.0012724  5.2797446  5.569461  29.388142
  24.52214   31.991728  27.63013   29.234701  32.227867  31.183765
  31.008444  29.698315  29.318737  33.125275  31.3309    33.452454 ]], shape=(1, 18), dtype=float32)"
290,[3 1 0 0 0 0 0 6 6 6 6 2 0 0 0 0 0 0 0 0 0 0 0 0 26],"tf.Tensor([ 2.474618   3.779261   2.5281985  2.355709   2.7533593 11.       ], shape=(6,), dtype=float32)",0.5,[3 2 6 3 1 3 4 0 0 0 0 0 0 0 0 0 0 0 0 0 0 0 0 0 26],False,"tf.Tensor(
[[ 2.474618   3.779261   2.5281985  2.355709   2.7533593 38.47494
  36.947357  38.302982  36.76565   36.621986  37.2443    37.498505
  38.359695  38.770985  37.258854  38.483593  40.754135  35.424603 ]], shape=(1, 18), dtype=float32)"
291,[3 2 6 3 1 3 4 0 0 0 0 0 0 0 0 0 0 0 0 0 0 0 0 0 26],"tf.Tensor([ 1.303757   2.933965   2.7130198  1.9201331  2.1783223 11.       ], shape=(6,), dtype=float32)",0.0,[3 3 6 3 1 3 4 0 0 0 0 0 0 0 0 0 0 0 0 0 0 0 0 0 26],False,"tf.Tensor(
[[ 1.303757   2.933965   2.7130198  1.9201331  2.1783223 37.404037
  36.011497  36.779125  38.03634   37.100845  37.309467  36.22965
  35.437458  37.275356  36.745598  36.720276  38.085907  36.080578 ]], shape=(1, 18), dtype=float32)"
292,[3 3 6 3 1 3 4 0 0 0 0 0 0 0 0 0 0 0 0 0 0 0 0 0 26],"tf.Tensor([ 1.2667181  2.8348877  2.7057703  1.8793347  2.1903813 11.       ], shape=(6,), dtype=float32)",0.0,[4 1 0 0 0 0 0 6 3 1 3 4 0 0 0 0 0 0 0 0 0 0 0 0 26],False,"tf.Tensor(
[[ 1.2667181  2.8348877  2.7057703  1.8793347  2.1903813 37.867622
  36.596603  37.352455  38.525345  37.72613   37.890602  36.80842
  36.106014  37.749195  37.363342  37.287807  38.570206  36.61528  ]], shape=(1, 18), dtype=float32)"
293,[4 1 0 0 0 0 0 6 3 1 3 4 0 0 0 0 0 0 0 0 0 0 0 0 26],"tf.Tensor([ 2.3290374  2.976242   2.4885259  1.7476311  1.4874666 11.       ], shape=(6,), dtype=float32)",0.5,[4 2 6 1 1 1 5 0 0 0 0 0 0 0 0 0 0 0 0 0 0 0 0 0 26],False,"tf.Tensor(
[[ 2.3290374  2.976242   2.4885259  1.7476311  1.4874666 33.56625
  32.440998  34.109886  32.77639   32.26132   32.90335   32.872566
  32.945564  33.31344   32.724293  33.36103   35.50773   30.778303 ]], shape=(1, 18), dtype=float32)"
294,[4 2 6 1 1 1 5 0 0 0 0 0 0 0 0 0 0 0 0 0 0 0 0 0 26],"tf.Tensor([ 1.4667556  2.7021515  2.3539677  1.7837739  1.8210318 11.       ], shape=(6,), dtype=float32)",0.0,[4 3 6 1 1 1 5 0 0 0 0 0 0 0 0 0 0 0 0 0 0 0 0 0 26],False,"tf.Tensor(
[[ 1.4667556  2.7021515  2.3539677  1.7837739  1.8210318 35.300365
  33.966953  34.86098   35.81192   34.75985   35.14048   34.556946
  33.030685  34.938843  34.395645  34.749535  36.005127  33.731236 ]], shape=(1, 18), dtype=float32)"
295,[4 3 6 1 1 1 5 0 0 0 0 0 0 0 0 0 0 0 0 0 0 0 0 0 26],"tf.Tensor([ 1.3398774  2.6117468  2.391247   1.744653   1.8671248 11.       ], shape=(6,), dtype=float32)",0.0,[5 1 0 0 0 0 0 6 1 1 1 5 0 0 0 0 0 0 0 0 0 0 0 0 26],False,"tf.Tensor(
[[ 1.3398774  2.6117468  2.391247   1.744653   1.8671248 35.878147
  34.67097   35.35031   36.40676   35.385227  35.749973  35.061264
  33.76338   35.504913  35.093086  35.35586   36.51542   34.372498 ]], shape=(1, 18), dtype=float32)"
296,[5 1 0 0 0 0 0 6 1 1 1 5 0 0 0 0 0 0 0 0 0 0 0 0 26],"tf.Tensor([ 2.1892397  2.625648   2.5559063  1.6561582  0.9840567 11.       ], shape=(6,), dtype=float32)",0.5,[5 2 2 2 2 3 3 0 0 0 0 0 0 0 0 0 0 0 0 0 0 0 0 0 26],False,"tf.Tensor(
[[ 2.1892397  2.625648   2.5559063  1.6561582  0.9840567 32.390934
  31.253128  33.018826  31.623432  31.084175  31.84221   31.82419
  31.537846  31.9367    31.64694   32.03563   34.099327  29.787981 ]], shape=(1, 18), dtype=float32)"
297,[5 2 2 2 2 3 3 0 0 0 0 0 0 0 0 0 0 0 0 0 0 0 0 0 26],"tf.Tensor([1.4921    2.2922869 1.7309461 1.8148973 0.9164107 3.       ], shape=(6,), dtype=float32)",0.0,[5 3 2 2 2 3 3 0 0 0 0 0 0 0 0 0 0 0 0 0 0 0 0 0 26],False,"tf.Tensor(
[[ 1.4921     2.2922869  1.7309461  1.8148973  0.9164107 34.11684
  32.64566   34.008755  34.1177    33.297714  34.097195  33.286205
  31.242765  33.544106  32.911255  33.585014  33.98948   33.20806  ]], shape=(1, 18), dtype=float32)"
298,[5 3 2 2 2 3 3 0 0 0 0 0 0 0 0 0 0 0 0 0 0 0 0 0 26],[ 1  0  1  1  1 10],0.0,[6 1 0 0 0 0 0 2 2 2 3 3 0 0 0 0 0 0 0 0 0 0 0 0 26],False,"tf.Tensor(
[[ 1.3321638  2.1778243  1.7585006  1.7441471  0.8920462 34.565994
  33.313114  34.434864  34.56583   33.84484   34.614662  33.726856
  31.95606   34.03232   33.575397  34.14723   34.369507  33.716614 ]], shape=(1, 18), dtype=float32)"
299,[6 1 0 0 0 0 0 2 2 2 3 3 0 0 0 0 0 0 0 0 0 0 0 0 26],"tf.Tensor([ 2.1349335  2.6553516  1.6873235  1.5190005  0.5406512 11.       ], shape=(6,), dtype=float32)",0.4,[6 2 3 4 4 3 0 0 0 0 0 6 0 0 0 0 0 0 0 0 0 0 0 0 26],False,"tf.Tensor(
[[ 2.1349335  2.6553516  1.6873235  1.5190005  0.5406512 31.787304
  30.573635  32.53412   31.202307  30.612297  31.411602  31.977169
  30.220741  31.019156  30.63155   32.076225  32.8691    29.606846 ]], shape=(1, 18), dtype=float32)"
300,[6 2 3 4 4 3 0 0 0 0 0 6 0 0 0 0 0 0 0 0 0 0 0 0 26],"tf.Tensor([1.4663005 2.873089  2.309707  2.0793648 1.194598  5.       ], shape=(6,), dtype=float32)",0.1,[6 3 3 4 4 3 6 0 0 0 0 0 0 0 0 0 0 0 0 0 0 0 0 0 26],False,"tf.Tensor(
[[ 1.4663005  2.873089   2.309707   2.0793648  1.194598  36.957157
  35.89115   37.470123  37.04802   36.793392  37.770214  36.330006
  35.169384  37.439854  36.291332  37.156315  37.039135  36.23097  ]], shape=(1, 18), dtype=float32)"
301,[6 3 3 4 4 3 6 0 0 0 0 0 0 0 0 0 0 0 0 0 0 0 0 0 26],"tf.Tensor([1.2297683 2.3588998 1.7081207 1.8020384 1.4770508 0.       ], shape=(6,), dtype=float32)",0.0,[7 1 0 0 0 0 0 3 4 4 3 1 0 0 0 0 0 0 0 0 0 0 0 0 26],False,"tf.Tensor(
[[ 1.2297683  2.3588998  1.7081207  1.8020384  1.4770508 40.752735
  39.151264  39.73022   40.604595  39.719048  40.542423  39.038696
  37.848537  40.402016  39.55718   39.954285  39.872185  39.610355 ]], shape=(1, 18), dtype=float32)"
302,[7 1 0 0 0 0 0 3 4 4 3 1 0 0 0 0 0 0 0 0 0 0 0 0 26],[1 1 0 0 1 2],0.30000000000000004,[7 2 4 3 1 0 0 0 0 2 4 0 0 0 0 0 0 0 0 0 0 0 0 0 26],False,"tf.Tensor(
[[ 1.8650393   2.4553561   1.2682395   1.5170176   0.91525435 33.798824
  32.637547   34.072357   32.854424   32.559883   33.163948   33.774605
  32.151176   33.080532   32.55516    34.105408   34.62605    31.778528  ]], shape=(1, 18), dtype=float32)"
303,[7 2 4 3 1 0 0 0 0 2 4 0 0 0 0 0 0 0 0 0 0 0 0 0 26],"tf.Tensor([ 1.2802258  2.3032985  1.3513858  1.2011943  1.1066902 11.       ], shape=(6,), dtype=float32)",0.2,[7 3 4 3 1 2 4 0 0 0 0 0 0 0 0 0 0 0 0 0 0 0 0 0 26],False,"tf.Tensor(
[[ 1.2802258  2.3032985  1.3513858  1.2011943  1.1066902 34.966743
  33.945545  35.204117  35.446003  35.209824  34.73132   35.228035
  32.712303  34.079426  34.276493  35.093216  35.56826   33.53379  ]], shape=(1, 18), dtype=float32)"
304,[7 3 4 3 1 2 4 0 0 0 0 0 0 0 0 0 0 0 0 0 0 0 0 0 26],"tf.Tensor([1.0610843 1.8709884 1.5321192 1.1376715 1.0896752 3.       ], shape=(6,), dtype=float32)",16.0,[8 1 0 0 0 0 0 4 3 1 1 1 0 0 0 8 0 0 0 0 0 0 0 0 26],False,"tf.Tensor(
[[ 1.0610843  1.8709884  1.5321192  1.1376715  1.0896752 36.169132
  35.29352   35.70445   36.559044  35.89821   35.906113  35.45167
  33.658253  35.502922  35.355434  35.74148   35.83021   34.936996 ]], shape=(1, 18), dtype=float32)"
305,[8 1 0 0 0 0 0 4 3 1 1 1 0 0 0 8 0 0 0 0 0 0 0 0 26],"tf.Tensor([ 1.3548739   0.5457162  -0.01096535  0.78772926 -1.1575109   2.        ], shape=(6,), dtype=float32)",0.1,[8 2 5 0 0 0 0 0 4 3 3 4 0 0 0 8 0 0 0 0 0 0 0 0 26],False,"tf.Tensor(
[[ 1.3548739e+00  5.4571623e-01 -1.0965347e-02  7.8772926e-01
  -1.1575109e+00  2.6340744e+01  2.5202284e+01  2.9156942e+01
   2.5946819e+01  2.8019857e+01  2.7035948e+01  2.8322037e+01
   2.5163122e+01  2.4460653e+01  2.6934008e+01  2.7082523e+01
   2.7407915e+01  2.6650448e+01]], shape=(1, 18), dtype=float32)"
306,[8 2 5 0 0 0 0 0 4 3 3 4 0 0 0 8 0 0 0 0 0 0 0 0 26],"tf.Tensor([ 0.91067517  1.093492    0.33649886  1.0694901  -0.2926018   2.        ], shape=(6,), dtype=float32)",0.2,[8 3 5 4 3 0 0 0 0 2 0 2 0 0 0 8 0 0 0 0 0 0 0 0 26],False,"tf.Tensor(
[[ 0.91067517  1.093492    0.33649886  1.0694901  -0.2926018  30.938593
  30.46506    32.8116     30.06738    32.374012   31.50023    32.59246
  30.834263   29.738888   31.842062   32.56959    31.620268   30.80918   ]], shape=(1, 18), dtype=float32)"
307,[8 3 5 4 3 0 0 0 0 2 0 2 0 0 0 8 0 0 0 0 0 0 0 0 26],"tf.Tensor([ 0.2938752   0.43047887  0.12176871  0.5728165  -0.5273005   4.        ], shape=(6,), dtype=float32)",10.0,[9 1 0 0 0 0 0 5 2 3 2 1 0 0 0 8 5 0 0 0 0 0 0 0 26],False,"tf.Tensor(
[[ 0.2938752   0.43047887  0.12176871  0.5728165  -0.5273005  31.873165
  31.20932    33.47738    32.074657   34.668568   32.506176   33.286285
  30.579712   30.32111    33.192905   32.695286   31.619246   32.633263  ]], shape=(1, 18), dtype=float32)"
308,[9 1 0 0 0 0 0 5 2 3 2 1 0 0 0 8 5 0 0 0 0 0 0 0 26],"tf.Tensor([ 0.87237155  0.49591416 -0.01635098  0.45580423 -0.8592291   2.        ], shape=(6,), dtype=float32)",0.0,[9 2 0 0 0 0 0 5 2 3 3 3 0 0 0 8 5 0 0 0 0 0 0 0 26],False,"tf.Tensor(
[[ 8.7237155e-01  4.9591416e-01 -1.6350985e-02  4.5580423e-01
  -8.5922909e-01  2.8155006e+01  2.7370871e+01  3.0416508e+01
   2.7446550e+01  2.9558361e+01  2.8431320e+01  2.9699036e+01
   2.7389412e+01  2.6850878e+01  2.8990547e+01  2.8577314e+01
   2.9038603e+01  2.8185991e+01]], shape=(1, 18), dtype=float32)"
309,[9 2 0 0 0 0 0 5 2 3 3 3 0 0 0 8 5 0 0 0 0 0 0 0 26],"tf.Tensor([ 0.9129839   0.86841863  0.2249173   0.51271605 -0.6973283   2.        ], shape=(6,), dtype=float32)",0.1,[9 3 5 0 0 0 0 0 3 2 5 3 0 0 0 8 5 0 0 0 0 0 0 0 26],False,"tf.Tensor(
[[ 0.9129839   0.86841863  0.2249173   0.51271605 -0.6973283  29.750317
  28.968353   31.677473   28.64286    30.585571   29.76164    30.847689
  29.250555   28.639605   30.507544   30.110155   30.553375   29.23523   ]], shape=(1, 18), dtype=float32)"
310,[9 3 5 0 0 0 0 0 3 2 5 3 0 0 0 8 5 0 0 0 0 0 0 0 26],"tf.Tensor([ 0.54561305  0.89667505  0.02503729  0.45017755 -0.19884893  4.        ], shape=(6,), dtype=float32)",0.0,[10 1 0 0 0 0 0 1 2 4 5 3 0 0 0 8 5 0 0 0 0 0 0 0 26],False,"tf.Tensor(
[[ 5.4561305e-01  8.9667505e-01  2.5037289e-02  4.5017755e-01
  -1.9884893e-01  3.1504227e+01  3.1112785e+01  3.2940575e+01
   3.1091888e+01  3.3110443e+01  3.1724627e+01  3.2836720e+01
   3.1043262e+01  3.0122332e+01  3.2495010e+01  3.2551125e+01
   3.1811934e+01  3.1222313e+01]], shape=(1, 18), dtype=float32)"
311,[10 1 0 0 0 0 0 1 2 4 5 3 0 0 0 8 5 0 0 0 0 0 0 0 26],"tf.Tensor([ 0.91078174  0.9231363  -0.26663256  0.4024433  -0.9654832   2.        ], shape=(6,), dtype=float32)",0.2,[10 2 3 1 0 0 0 0 0 2 6 6 0 0 0 8 5 0 0 0 0 0 0 0 26],False,"tf.Tensor(
[[ 0.91078174  0.9231363  -0.26663256  0.4024433  -0.9654832  29.437368
  28.507526   31.2659     28.41109    30.408792   29.422386   31.10049
  28.36349    27.956007   29.90411    30.114977   29.668358   28.910528  ]], shape=(1, 18), dtype=float32)"
312,[10 2 3 1 0 0 0 0 0 2 6 6 0 0 0 8 5 0 0 0 0 0 0 0 26],"tf.Tensor([ 0.8678645   1.3522922   0.37569904  0.4443022  -0.6569444   2.        ], shape=(6,), dtype=float32)",0.0,[10 3 3 1 0 0 0 0 0 2 3 4 0 0 0 8 5 0 0 0 0 0 0 0 26],False,"tf.Tensor(
[[ 0.8678645   1.3522922   0.37569904  0.4443022  -0.6569444  31.214457
  30.246168   32.8138     30.530577   32.1019     31.191454   32.573055
  30.349497   29.838688   31.758816   31.766443   31.554775   30.440918  ]], shape=(1, 18), dtype=float32)"
313,[10 3 3 1 0 0 0 0 0 2 3 4 0 0 0 8 5 0 0 0 0 0 0 0 26],"tf.Tensor([ 0.5005667   0.4683271   0.08507073  0.02177976 -1.0034468   4.        ], shape=(6,), dtype=float32)",-10.0,[11 1 0 0 0 0 0 3 1 2 6 3 0 0 0 8 0 0 0 0 0 0 0 0 26],False,"tf.Tensor(
[[ 5.0056672e-01  4.6832711e-01  8.5070729e-02  2.1779761e-02
  -1.0034468e+00  2.9326839e+01  2.8668324e+01  3.1009974e+01
   2.9224407e+01  3.1110428e+01  2.9503712e+01  3.0835291e+01
   2.8170443e+01  2.7728926e+01  3.0202396e+01  2.9746134e+01
   2.9245193e+01  2.9198931e+01]], shape=(1, 18), dtype=float32)"
314,[11 1 0 0 0 0 0 3 1 2 6 3 0 0 0 8 0 0 0 0 0 0 0 0 26],"tf.Tensor([ 1.2593118   0.9056018   0.01250362  0.765056   -1.3964655   2.        ], shape=(6,), dtype=float32)",0.2,[11 2 3 6 0 0 0 0 0 5 1 6 0 0 0 8 0 0 0 0 0 0 0 0 26],False,"tf.Tensor(
[[ 1.2593118e+00  9.0560180e-01  1.2503624e-02  7.6505601e-01
  -1.3964655e+00  2.9834770e+01  2.8167410e+01  3.2044186e+01
   2.8652721e+01  3.0341715e+01  2.9843832e+01  3.1888763e+01
   2.8216631e+01  2.7459686e+01  3.0019798e+01  3.0255629e+01
   3.0572704e+01  2.9359734e+01]], shape=(1, 18), dtype=float32)"
315,[11 2 3 6 0 0 0 0 0 5 1 6 0 0 0 8 0 0 0 0 0 0 0 0 26],"tf.Tensor([ 0.33732495  0.6855288  -0.12382758  0.02651285 -0.75733244  4.        ], shape=(6,), dtype=float32)",0.0,[11 3 3 6 0 0 0 0 0 6 1 4 0 0 0 8 0 0 0 0 0 0 0 0 26],False,"tf.Tensor(
[[ 3.3732495e-01  6.8552881e-01 -1.2382758e-01  2.6512846e-02
  -7.5733244e-01  3.2872589e+01  3.2851807e+01  3.4379150e+01
   3.1917044e+01  3.4783115e+01  3.2702156e+01  3.4303177e+01
   3.2597797e+01  3.2147587e+01  3.3941772e+01  3.4158657e+01
   3.2352592e+01  3.2594624e+01]], shape=(1, 18), dtype=float32)"
316,[11 3 3 6 0 0 0 0 0 6 1 4 0 0 0 8 0 0 0 0 0 0 0 0 26],"tf.Tensor([ 0.08378169  0.22610013 -0.36065912 -0.2353381  -0.85586333  4.        ], shape=(6,), dtype=float32)",0.0,[12 1 0 0 0 0 0 3 6 4 2 2 0 0 0 8 0 0 0 0 0 0 0 0 26],False,"tf.Tensor(
[[ 0.08378169  0.22610013 -0.36065912 -0.2353381  -0.85586333 33.24143
  33.421535   34.539303   32.457363   35.421627   32.95927    34.674515
  32.855938   32.187733   34.47857    34.486824   32.51008    33.085167  ]], shape=(1, 18), dtype=float32)"
317,[12 1 0 0 0 0 0 3 6 4 2 2 0 0 0 8 0 0 0 0 0 0 0 0 26],"tf.Tensor([ 0.69859195  0.1119899  -0.80476534  0.57048106 -1.1664548   2.        ], shape=(6,), dtype=float32)",0.0,[12 2 0 0 0 0 0 2 1 3 5 2 0 0 0 8 0 0 0 0 0 0 0 0 26],False,"tf.Tensor(
[[ 0.69859195  0.1119899  -0.80476534  0.57048106 -1.1664548  30.502172
  30.036797   32.353584   28.775791   31.515396   30.607311   32.15537
  29.599836   28.982822   31.111103   31.673504   30.310646   30.519753  ]], shape=(1, 18), dtype=float32)"
318,[12 2 0 0 0 0 0 2 1 3 5 2 0 0 0 8 0 0 0 0 0 0 0 0 26],[1 0 1 1 0 1],0.30000000000000004,[12 3 2 3 5 0 0 0 3 0 0 2 0 0 0 8 0 0 0 0 0 0 0 0 26],False,"tf.Tensor(
[[ 0.8018956   0.29003292 -0.3297999   0.4242593  -1.6019577  29.654696
  28.338423   31.712523   28.64859    30.672232   29.701849   31.91714
  27.91377    27.165825   30.069511   30.148785   29.847507   29.613995  ]], shape=(1, 18), dtype=float32)"
319,[12 3 2 3 5 0 0 0 3 0 0 2 0 0 0 8 0 0 0 0 0 0 0 0 26],"tf.Tensor([ 0.41622743 -0.40087956 -1.1795384   0.4923724  -1.3187791   4.        ], shape=(6,), dtype=float32)",10.0,[13 1 0 0 0 0 0 5 5 3 6 6 0 0 0 8 5 0 0 0 0 0 0 0 26],False,"tf.Tensor(
[[ 0.41622743 -0.40087956 -1.1795384   0.4923724  -1.3187791  31.714489
  30.836208   33.607044   31.45184    34.01303    32.65422    33.095833
  29.313398   30.02471    32.266514   32.62816    30.217545   33.255035  ]], shape=(1, 18), dtype=float32)"
320,[13 1 0 0 0 0 0 5 5 3 6 6 0 0 0 8 5 0 0 0 0 0 0 0 26],"tf.Tensor([ 0.8443371   1.1123008  -0.27640557  0.5659704  -0.5270972   2.        ], shape=(6,), dtype=float32)",0.1,[13 2 3 0 0 0 0 1 0 5 1 3 0 0 0 8 5 0 0 0 0 0 0 0 26],False,"tf.Tensor(
[[ 0.8443371   1.1123008  -0.27640557  0.5659704  -0.5270972  34.153057
  33.55777    35.419075   31.772415   33.791245   33.61619    34.836617
  33.86084    33.318466   34.528984   34.813515   34.27152    32.91124   ]], shape=(1, 18), dtype=float32)"
321,[13 2 3 0 0 0 0 1 0 5 1 3 0 0 0 8 5 0 0 0 0 0 0 0 26],"tf.Tensor([-0.13444498 -0.5239729  -0.2980882  -0.17651226 -1.5058099   6.        ], shape=(6,), dtype=float32)",0.0,[13 3 3 0 0 0 0 1 0 3 1 5 0 0 0 8 5 0 0 0 0 0 0 0 26],False,"tf.Tensor(
[[-0.13444498 -0.5239729  -0.2980882  -0.17651226 -1.5058099  29.73225
  29.452444   31.211817   29.0324     31.607979   29.853186   31.668028
  28.584831   28.02591    30.970549   30.202349   29.17135    29.955858  ]], shape=(1, 18), dtype=float32)"
322,[13 3 3 0 0 0 0 1 0 3 1 5 0 0 0 8 5 0 0 0 0 0 0 0 26],"tf.Tensor([-0.02390257 -0.2718175  -0.00788951 -0.15932645 -1.2872472   4.        ], shape=(6,), dtype=float32)",-10.0,[14 1 0 0 0 0 0 4 3 6 4 3 0 0 0 8 0 0 0 0 0 0 0 0 26],True,"tf.Tensor(
[[-2.3902565e-02 -2.7181751e-01 -7.8895092e-03 -1.5932645e-01
  -1.2872472e+00  2.9899448e+01  2.9603903e+01  3.1428652e+01
   2.9443268e+01  3.1639309e+01  3.0153349e+01  3.1521143e+01
   2.8821947e+01  2.8433218e+01  3.1026749e+01  3.0183924e+01
   2.9445662e+01  3.0053450e+01]], shape=(1, 18), dtype=float32)"
323,[1 1 0 0 0 0 0 1 6 1 1 2 0 0 0 0 0 0 0 0 0 0 0 0 0],"tf.Tensor([ 2.7846649   2.985301    0.89345145  2.4453075   3.5665917  10.        ], shape=(6,), dtype=float32)",0.4,[1 2 1 6 1 2 0 0 0 2 0 0 0 0 0 0 0 0 0 0 0 0 0 0 0],False,"tf.Tensor(
[[ 2.7846649   2.985301    0.89345145  2.4453075   3.5665917  12.383504
  10.653304   12.513689   11.341764   11.4904585  12.860143   12.048932
  13.117665   13.713175   11.357904   13.805063   13.608459   12.635657  ]], shape=(1, 18), dtype=float32)"
324,[1 2 1 6 1 2 0 0 0 2 0 0 0 0 0 0 0 0 0 0 0 0 0 0 0],"tf.Tensor([ 2.5477118  2.8201835  1.4144982  2.2157743  2.9488058 10.       ], shape=(6,), dtype=float32)",0.1,[1 3 1 6 1 2 2 0 0 0 0 0 0 0 0 0 0 0 0 0 0 0 0 0 0],False,"tf.Tensor(
[[ 2.5477118  2.8201835  1.4144982  2.2157743  2.9488058 14.961569
  12.68085   15.80026   14.031728  14.861177  15.834561  15.51418
  16.123545  15.464697  14.661418  17.041746  15.62359   16.417706 ]], shape=(1, 18), dtype=float32)"
325,[1 3 1 6 1 2 2 0 0 0 0 0 0 0 0 0 0 0 0 0 0 0 0 0 0],"tf.Tensor([ 2.5123928  2.5861158  1.3807557  2.202565   2.8710659 10.       ], shape=(6,), dtype=float32)",0.0,[2 1 0 0 0 0 0 1 6 1 1 2 0 0 0 0 0 0 0 0 0 0 0 0 0],False,"tf.Tensor(
[[ 2.5123928  2.5861158  1.3807557  2.202565   2.8710659 15.626566
  13.050397  16.299446  14.884823  15.640318  16.47089   15.9684305
  16.444529  15.655079  15.310723  17.370646  16.052526  17.069185 ]], shape=(1, 18), dtype=float32)"
326,[2 1 0 0 0 0 0 1 6 1 1 2 0 0 0 0 0 0 0 0 0 0 0 0 0],"tf.Tensor([2.726474   2.7578301  0.71049654 2.3755658  3.4079359  8.        ], shape=(6,), dtype=float32)",0.4,[2 2 4 3 1 4 0 0 0 3 0 0 0 0 0 0 0 0 0 0 0 0 0 0 0],False,"tf.Tensor(
[[ 2.726474    2.7578301   0.71049654  2.3755658   3.4079359  12.630965
  11.070608   12.731314   11.291205   11.547408   12.951165   12.262303
  13.3072195  14.094268   11.498687   14.002698   13.642068   12.836688  ]], shape=(1, 18), dtype=float32)"
327,[2 2 4 3 1 4 0 0 0 3 0 0 0 0 0 0 0 0 0 0 0 0 0 0 0],[1 0 0 0 1 1],0.0,[2 3 4 3 1 4 0 0 0 1 0 0 0 0 0 0 0 0 0 0 0 0 0 0 0],False,"tf.Tensor(
[[ 2.8227684  3.281505   1.7151726  2.9218912  3.772923  17.612019
  14.959645  18.66457   16.881147  17.470047  18.6421    18.135584
  18.531544  17.889433  17.32669   19.36824   19.096632  19.087591 ]], shape=(1, 18), dtype=float32)"
328,[2 3 4 3 1 4 0 0 0 1 0 0 0 0 0 0 0 0 0 0 0 0 0 0 0],"tf.Tensor([ 2.4946399  2.6722507  1.5973792  2.865204   3.4730074 12.       ], shape=(6,), dtype=float32)",26.0,[3 1 0 0 0 0 0 4 3 1 1 4 0 0 0 0 0 0 0 0 0 0 0 0 13],False,"tf.Tensor(
[[ 2.4946399  2.6722507  1.5973792  2.865204   3.4730074 17.063942
  14.623867  18.136065  16.448503  17.067581  18.237919  17.626186
  17.686792  16.943188  16.824364  18.54507   18.320898  18.750734 ]], shape=(1, 18), dtype=float32)"
329,[3 1 0 0 0 0 0 4 3 1 1 4 0 0 0 0 0 0 0 0 0 0 0 0 13],"tf.Tensor([ 1.358786   1.9229633  1.4892637  1.1578187  1.4642869 11.       ], shape=(6,), dtype=float32)",0.5,[3 2 1 4 3 1 4 0 0 0 0 0 0 0 0 0 0 0 0 0 0 0 0 0 13],False,"tf.Tensor(
[[ 1.358786   1.9229633  1.4892637  1.1578187  1.4642869 19.642956
  19.198326  19.65453   18.815475  18.640312  19.181519  18.726152
  19.81694   20.14449   19.066074  19.652744  20.535948  18.05592  ]], shape=(1, 18), dtype=float32)"
330,[3 2 1 4 3 1 4 0 0 0 0 0 0 0 0 0 0 0 0 0 0 0 0 0 13],"tf.Tensor([1.1169462  1.721094   0.87933874 1.2134451  1.413526   0.        ], shape=(6,), dtype=float32)",0.0,[3 3 1 4 3 1 4 0 0 0 0 0 0 0 0 0 0 0 0 0 0 0 0 0 13],False,"tf.Tensor(
[[ 1.1169462   1.721094    0.87933874  1.2134451   1.413526   24.506441
  23.139694   23.683348   24.240574   23.724947   24.130375   23.08559
  22.824919   24.420599   23.439741   23.88454    23.823082   23.74988   ]], shape=(1, 18), dtype=float32)"
331,[3 3 1 4 3 1 4 0 0 0 0 0 0 0 0 0 0 0 0 0 0 0 0 0 13],"tf.Tensor([1.0991155 1.6355515 0.8948227 1.1990274 1.4432741 0.       ], shape=(6,), dtype=float32)",2.0,[4 1 0 0 0 0 0 1 4 3 1 4 2 0 0 0 0 0 0 0 0 0 0 0 13],False,"tf.Tensor(
[[ 1.0991155  1.6355515  0.8948227  1.1990274  1.4432741 24.967907
  23.712143  24.280148  24.717373  24.351377  24.72799   23.685493
  23.518042  24.875055  24.0666    24.497395  24.30832   24.327032 ]], shape=(1, 18), dtype=float32)"
332,[4 1 0 0 0 0 0 1 4 3 1 4 2 0 0 0 0 0 0 0 0 0 0 0 13],"tf.Tensor([ 1.0693575  1.7831041  0.9508321  0.9849059  0.9990709 10.       ], shape=(6,), dtype=float32)",0.5,[4 2 6 1 2 5 1 0 0 0 0 0 2 0 0 0 0 0 0 0 0 0 0 0 13],False,"tf.Tensor(
[[ 1.0693575  1.7831041  0.9508321  0.9849059  0.9990709 19.930426
  19.904408  20.021101  18.855343  19.052885  19.608368  19.386396
  20.307735  20.57853   19.44089   20.679726  20.26422   18.659328 ]], shape=(1, 18), dtype=float32)"
333,[4 2 6 1 2 5 1 0 0 0 0 0 2 0 0 0 0 0 0 0 0 0 0 0 13],"tf.Tensor([ 0.5246017  1.1526988  1.6572644  1.4696323  1.9612454 11.       ], shape=(6,), dtype=float32)",0.0,[4 3 6 1 2 5 1 0 0 0 0 0 2 0 0 0 0 0 0 0 0 0 0 0 13],False,"tf.Tensor(
[[ 0.5246017  1.1526988  1.6572644  1.4696323  1.9612454 25.556221
  24.613903  25.546576  25.960247  26.12945   26.163465  25.281147
  24.760284  25.545855  25.755774  24.93939   26.24334   25.853588 ]], shape=(1, 18), dtype=float32)"
334,[4 3 6 1 2 5 1 0 0 0 0 0 2 0 0 0 0 0 0 0 0 0 0 0 13],"tf.Tensor([0.5061592 1.0791887 1.6997541 1.466581  2.0425892 5.       ], shape=(6,), dtype=float32)",12.0,[5 1 0 0 0 0 0 6 1 2 5 1 2 0 0 0 0 6 0 0 0 0 0 0 13],False,"tf.Tensor(
[[ 0.5061592  1.0791887  1.6997541  1.466581   2.0425892 26.107615
  25.204544  26.140305  26.562494  26.79769   26.807985  25.881155
  25.440052  26.048534  26.39228   25.54969   26.795927  26.524923 ]], shape=(1, 18), dtype=float32)"
335,[5 1 0 0 0 0 0 6 1 2 5 1 2 0 0 0 0 6 0 0 0 0 0 0 13],[0 0 1 1 0 4],0.2,[5 2 4 5 0 0 0 5 2 0 0 2 2 0 0 0 0 6 0 0 0 0 0 0 13],False,"tf.Tensor(
[[ 0.931463    1.6312762   1.1212624   0.86116546  0.8727838  23.413887
  22.372711   23.423717   21.53813    21.845446   22.449722   22.941399
  23.422955   23.052752   23.321688   22.188082   24.372316   20.911127  ]], shape=(1, 18), dtype=float32)"
336,[5 2 4 5 0 0 0 5 2 0 0 2 2 0 0 0 0 6 0 0 0 0 0 0 13],"tf.Tensor([0.8546045  1.0201168  1.420015   0.83747536 1.332347   7.        ], shape=(6,), dtype=float32)",0.2,[5 3 4 5 2 2 0 6 0 0 0 0 2 0 0 0 0 6 0 0 0 0 0 0 13],False,"tf.Tensor(
[[ 0.8546045   1.0201168   1.420015    0.83747536  1.332347   26.123236
  25.870663   26.488674   25.101131   26.501572   25.926752   25.623854
  27.334227   26.177221   26.861076   26.197933   26.936085   25.091354  ]], shape=(1, 18), dtype=float32)"
337,[5 3 4 5 2 2 0 6 0 0 0 0 2 0 0 0 0 6 0 0 0 0 0 0 13],"tf.Tensor([0.5863476  0.77766824 1.7751676  1.2108228  1.4560345  9.        ], shape=(6,), dtype=float32)",0.0,[6 1 0 0 0 0 0 5 1 4 5 4 2 0 0 0 0 6 0 0 0 0 0 0 13],False,"tf.Tensor(
[[ 0.5863476   0.77766824  1.7751676   1.2108228   1.4560345  29.098791
  28.185747   29.31291    28.18891    29.523872   29.11257    28.397453
  29.60449    28.873693   29.979837   28.330553   29.887543   28.790276  ]], shape=(1, 18), dtype=float32)"
338,[6 1 0 0 0 0 0 5 1 4 5 4 2 0 0 0 0 6 0 0 0 0 0 0 13],"tf.Tensor([ 0.9346467  1.6789732  1.3431859  0.870056   0.9967278 11.       ], shape=(6,), dtype=float32)",0.4,[6 2 4 4 5 3 0 0 0 0 4 0 2 0 0 0 0 6 0 0 0 0 0 0 13],False,"tf.Tensor(
[[ 0.9346467  1.6789732  1.3431859  0.870056   0.9967278 24.956272
  24.38217   24.953787  22.703775  23.192942  23.96952   24.360836
  25.75922   25.318304  24.82778   24.303328  25.980976  22.350033 ]], shape=(1, 18), dtype=float32)"
339,[6 2 4 4 5 3 0 0 0 0 4 0 2 0 0 0 0 6 0 0 0 0 0 0 13],"tf.Tensor([0.76330316 1.3359442  1.1312853  1.3075094  1.6145188  4.        ], shape=(6,), dtype=float32)",0.1,[6 3 4 4 5 3 4 0 0 0 0 0 2 0 0 0 0 6 0 0 0 0 0 0 13],False,"tf.Tensor(
[[ 0.76330316  1.3359442   1.1312853   1.3075094   1.6145188  30.080818
  28.59131    30.244621   29.724037   30.417728   30.382631   29.94263
  29.651459   29.278866   30.359556   30.028994   30.132097   30.323828  ]], shape=(1, 18), dtype=float32)"
340,[6 3 4 4 5 3 4 0 0 0 0 0 2 0 0 0 0 6 0 0 0 0 0 0 13],"tf.Tensor([ 1.0624665  1.127703   1.2577215  1.411433   1.71432   12.       ], shape=(6,), dtype=float32)",14.0,[7 1 0 0 0 0 0 4 4 5 4 3 2 0 0 0 0 6 0 0 0 0 0 0 20],False,"tf.Tensor(
[[ 1.0624665  1.127703   1.2577215  1.411433   1.71432   31.56833
  30.006968  31.639341  30.991465  31.690779  31.939217  31.088423
  31.181992  30.891144  31.752808  31.57715   31.07162   31.941595 ]], shape=(1, 18), dtype=float32)"
341,[7 1 0 0 0 0 0 4 4 5 4 3 2 0 0 0 0 6 0 0 0 0 0 0 20],"tf.Tensor([ 1.3237886   1.7446407   1.5416967   1.1331785   0.68976045 11.        ], shape=(6,), dtype=float32)",0.4,[7 2 5 4 6 3 0 0 0 0 0 3 2 0 0 0 0 6 0 0 0 0 0 0 20],False,"tf.Tensor(
[[ 1.3237886   1.7446407   1.5416967   1.1331785   0.68976045 30.882713
  30.313477   31.19396    28.838732   29.551876   30.137182   30.873358
  31.396845   30.653149   30.617992   31.277155   31.830116   28.729553  ]], shape=(1, 18), dtype=float32)"
342,[7 2 5 4 6 3 0 0 0 0 0 3 2 0 0 0 0 6 0 0 0 0 0 0 20],[0 1 0 0 0 6],0.0,[7 3 5 4 6 3 0 0 0 0 0 1 2 0 0 0 0 6 0 0 0 0 0 0 20],False,"tf.Tensor(
[[ 0.71073365  1.4043941   1.7453696   1.4195226   1.0134249  35.647263
  34.599297   36.141853   35.749744   36.583836   36.597946   35.56949
  34.768627   35.25758    36.157936   35.59601    35.557392   35.571598  ]], shape=(1, 18), dtype=float32)"
343,[7 3 5 4 6 3 0 0 0 0 0 1 2 0 0 0 0 6 0 0 0 0 0 0 20],"tf.Tensor([0.27907085 0.8123865  1.5811474  1.0965501  0.88271177 4.        ], shape=(6,), dtype=float32)",10.0,[8 1 0 0 0 0 0 5 4 6 3 3 2 0 0 0 5 6 0 0 0 0 0 0 20],False,"tf.Tensor(
[[ 0.27907085  0.8123865   1.5811474   1.0965501   0.88271177 35.586468
  34.755817   35.77482    36.017357   36.904667   36.45781    35.466694
  34.56462    34.770634   36.355938   35.38142    35.230286   35.74891   ]], shape=(1, 18), dtype=float32)"
344,[8 1 0 0 0 0 0 5 4 6 3 3 2 0 0 0 5 6 0 0 0 0 0 0 20],"tf.Tensor([1.0545601  1.5699823  1.3493242  0.79299873 0.83515835 7.        ], shape=(6,), dtype=float32)",0.30000000000000004,[8 2 1 6 4 0 0 0 0 0 3 1 2 0 0 0 5 6 0 0 0 0 0 0 20],False,"tf.Tensor(
[[ 1.0545601   1.5699823   1.3493242   0.79299873  0.83515835 32.084885
  31.597645   31.851185   29.974146   30.706968   31.10491    31.403433
  32.78021    32.08548    31.987444   32.112785   32.594784   29.735582  ]], shape=(1, 18), dtype=float32)"
345,[8 2 1 6 4 0 0 0 0 0 3 1 2 0 0 0 5 6 0 0 0 0 0 0 20],"tf.Tensor([0.8765001  1.069297   0.48503688 0.34614438 0.1285504  4.        ], shape=(6,), dtype=float32)",0.0,[8 3 1 6 4 0 0 0 0 0 2 1 2 0 0 0 5 6 0 0 0 0 0 0 20],False,"tf.Tensor(
[[ 0.8765001   1.069297    0.48503688  0.34614438  0.1285504  31.984894
  31.007526   32.189953   32.006985   32.62729    31.912794   31.615355
  30.389624   31.035946   31.788988   31.7849     30.942461   31.2372    ]], shape=(1, 18), dtype=float32)"
346,[8 3 1 6 4 0 0 0 0 0 2 1 2 0 0 0 5 6 0 0 0 0 0 0 20],"tf.Tensor([0.64482594 0.7873421  0.48586825 0.22798555 0.00843965 4.        ], shape=(6,), dtype=float32)",-10.0,[9 1 0 0 0 0 0 1 6 4 2 1 2 0 0 0 0 6 0 0 0 0 0 0 20],False,"tf.Tensor(
[[6.4482594e-01 7.8734207e-01 4.8586825e-01 2.2798555e-01 8.4396452e-03
  3.1990894e+01 3.1360458e+01 3.2193264e+01 3.2058334e+01 3.2871304e+01
  3.2060516e+01 3.1641380e+01 3.0682674e+01 3.1076275e+01 3.2112846e+01
  3.1941185e+01 3.0788872e+01 3.1392118e+01]], shape=(1, 18), dtype=float32)"
347,[9 1 0 0 0 0 0 1 6 4 2 1 2 0 0 0 0 6 0 0 0 0 0 0 20],"tf.Tensor([ 1.124793    0.64686084  0.3572885   0.68459743 -0.14972211 10.        ], shape=(6,), dtype=float32)",0.1,[9 2 3 0 0 0 0 0 1 3 3 1 2 0 0 0 0 6 0 0 0 0 0 0 20],False,"tf.Tensor(
[[ 1.124793    0.64686084  0.3572885   0.68459743 -0.14972211 28.449791
  28.218678   28.834402   26.983364   27.734304   28.107235   28.822765
  27.898027   27.595427   27.873026   29.255627   28.105305   27.23478   ]], shape=(1, 18), dtype=float32)"
348,[9 2 3 0 0 0 0 0 1 3 3 1 2 0 0 0 0 6 0 0 0 0 0 0 20],[0 0 1 1 0 0],0.2,[9 3 3 3 3 0 0 0 2 0 0 6 2 0 0 0 0 6 0 0 0 0 0 0 20],False,"tf.Tensor(
[[ 0.59852767  0.6852515   0.9225271   0.2577297   0.0553336  27.940508
  27.698803   28.278452   27.590174   28.05349    27.556566   28.824963
  27.14       26.655502   27.949787   28.189686   28.167313   26.68052   ]], shape=(1, 18), dtype=float32)"
349,[9 3 3 3 3 0 0 0 2 0 0 6 2 0 0 0 0 6 0 0 0 0 0 0 20],[1 0 0 0 1 4],0.0,[10 1 0 0 0 0 0 3 1 5 6 6 2 0 0 0 0 6 0 0 0 0 0 0 20],False,"tf.Tensor(
[[ 0.8120867   0.9983878   1.1272668   0.75284845  0.16602801 31.020222
  31.03021    31.60781    30.542456   31.291924   31.565468   31.016844
  30.706882   30.764954   31.090942   31.800943   30.463411   30.246088  ]], shape=(1, 18), dtype=float32)"
350,[10 1 0 0 0 0 0 3 1 5 6 6 2 0 0 0 0 6 0 0 0 0 0 0 20],"tf.Tensor([ 1.0668303   1.6745689   1.7163607   0.8193341   0.16402827 11.        ], shape=(6,), dtype=float32)",0.30000000000000004,[10 2 6 6 5 0 0 0 0 0 1 1 2 0 0 0 0 6 0 0 0 0 0 0 20],False,"tf.Tensor(
[[ 1.0668303   1.6745689   1.7163607   0.8193341   0.16402827 31.191233
  30.636368   31.526001   29.184622   29.578003   30.383299   31.626837
  31.309828   30.937717   30.77939    31.322588   31.868212   28.836967  ]], shape=(1, 18), dtype=float32)"
351,[10 2 6 6 5 0 0 0 0 0 1 1 2 0 0 0 0 6 0 0 0 0 0 0 20],"tf.Tensor([-0.091424    0.47767794  0.81638587  0.15242474  0.6378939   4.        ], shape=(6,), dtype=float32)",0.0,[10 3 6 6 5 0 0 0 0 0 3 3 2 0 0 0 0 6 0 0 0 0 0 0 20],False,"tf.Tensor(
[[-0.091424    0.47767794  0.81638587  0.15242474  0.6378939  35.527588
  35.29698    35.269516   36.20355    37.173435   35.660797   35.56477
  34.43395    34.35683    36.35929    35.602295   34.685642   35.08179   ]], shape=(1, 18), dtype=float32)"
352,[10 3 6 6 5 0 0 0 0 0 3 3 2 0 0 0 0 6 0 0 0 0 0 0 20],"tf.Tensor([0.33699083 1.0738909  1.0300988  0.53767604 1.1008857  4.        ], shape=(6,), dtype=float32)",10.0,[11 1 0 0 0 0 0 6 6 5 5 6 2 0 0 0 5 6 0 0 0 0 0 0 20],False,"tf.Tensor(
[[ 0.33699083  1.0738909   1.0300988   0.53767604  1.1008857  37.59238
  37.12232    37.564545   37.849648   38.753265   37.81488    37.657326
  36.878773   36.77025    38.144367   37.82339    37.18166    36.885674  ]], shape=(1, 18), dtype=float32)"
353,[11 1 0 0 0 0 0 6 6 5 5 6 2 0 0 0 5 6 0 0 0 0 0 0 20],"tf.Tensor([1.1425859 1.4324125 1.081864  0.8786177 0.8124373 7.       ], shape=(6,), dtype=float32)",0.30000000000000004,[11 2 4 3 1 0 0 0 0 0 1 6 2 0 0 0 5 6 0 0 0 0 0 0 20],False,"tf.Tensor(
[[ 1.1425859  1.4324125  1.081864   0.8786177  0.8124373 35.771923
  35.67152   35.579792  32.440777  33.382195  34.663887  34.730675
  36.895817  36.527916  35.416336  36.014923  35.850002  32.98179  ]], shape=(1, 18), dtype=float32)"
354,[11 2 4 3 1 0 0 0 0 0 1 6 2 0 0 0 5 6 0 0 0 0 0 0 20],"tf.Tensor([ 0.4568857   0.6346843   1.1321859  -0.04242571 -0.11743547  4.        ], shape=(6,), dtype=float32)",0.0,[11 3 4 3 1 0 0 0 0 0 4 5 2 0 0 0 5 6 0 0 0 0 0 0 20],False,"tf.Tensor(
[[ 0.4568857   0.6346843   1.1321859  -0.04242571 -0.11743547 29.763544
  29.938334   30.152546   29.80621    30.338938   29.949408   29.970272
  29.201303   29.337944   30.001411   29.920105   29.090618   28.629562  ]], shape=(1, 18), dtype=float32)"
355,[11 3 4 3 1 0 0 0 0 0 4 5 2 0 0 0 5 6 0 0 0 0 0 0 20],[1 0 1 0 1 0],-1.0,[12 1 0 0 0 0 0 4 3 1 1 4 1 0 0 0 5 6 0 0 0 0 0 0 20],False,"tf.Tensor(
[[4.1395414e-01 9.0123427e-01 1.1237895e+00 2.4334356e-02 1.9254707e-01
  3.1767202e+01 3.1754856e+01 3.1920221e+01 3.1687836e+01 3.2063316e+01
  3.1722229e+01 3.1908236e+01 3.1258680e+01 3.1139807e+01 3.1962988e+01
  3.1861532e+01 3.1263744e+01 3.0476126e+01]], shape=(1, 18), dtype=float32)"
356,[12 1 0 0 0 0 0 4 3 1 1 4 1 0 0 0 5 6 0 0 0 0 0 0 20],"tf.Tensor([ 0.65205526 -0.01293062  0.6120546   0.3051322  -0.31107867  2.        ], shape=(6,), dtype=float32)",0.0,[12 2 0 0 0 0 0 4 3 4 3 3 1 0 0 0 5 6 0 0 0 0 0 0 20],False,"tf.Tensor(
[[ 6.5205526e-01 -1.2930617e-02  6.1205459e-01  3.0513221e-01
  -3.1107867e-01  2.7480450e+01  2.7617105e+01  2.8090967e+01
   2.6188587e+01  2.6999207e+01  2.7574377e+01  2.7899525e+01
   2.7004152e+01  2.6990541e+01  2.7244457e+01  2.7542261e+01
   2.6974752e+01  2.6528208e+01]], shape=(1, 18), dtype=float32)"
357,[12 2 0 0 0 0 0 4 3 4 3 3 1 0 0 0 5 6 0 0 0 0 0 0 20],[1 0 0 0 1 1],0.2,[12 3 4 3 0 0 0 0 3 2 5 0 1 0 0 0 5 6 0 0 0 0 0 0 20],False,"tf.Tensor(
[[ 0.32816923  0.06330134  0.63795674  0.09383754 -0.26199877 30.500938
  30.798956   30.57245    28.680794   29.642223   30.022415   30.760733
  30.46852    30.083784   30.502274   30.603739   29.955498   28.9301    ]], shape=(1, 18), dtype=float32)"
358,[12 3 4 3 0 0 0 0 3 2 5 0 1 0 0 0 5 6 0 0 0 0 0 0 20],"tf.Tensor([-0.08027174 -0.18270086 -0.017634   -0.59436184  0.20711647  4.        ], shape=(6,), dtype=float32)",-10.0,[13 1 0 0 0 0 0 1 4 6 1 6 1 0 0 0 0 6 0 0 0 0 0 0 20],False,"tf.Tensor(
[[-8.0271736e-02 -1.8270086e-01 -1.7634004e-02 -5.9436184e-01
   2.0711647e-01  3.2749340e+01  3.3332039e+01  3.2430283e+01
   3.2421230e+01  3.3434780e+01  3.2209438e+01  3.3160660e+01
   3.2361897e+01  3.1661943e+01  3.3121239e+01  3.3151844e+01
   3.1693878e+01  3.1530035e+01]], shape=(1, 18), dtype=float32)"
359,[13 1 0 0 0 0 0 1 4 6 1 6 1 0 0 0 0 6 0 0 0 0 0 0 20],"tf.Tensor([ 0.5381061   0.49464393  0.63256896  0.31744534 -0.2914759  10.        ], shape=(6,), dtype=float32)",0.0,[13 2 0 0 0 0 0 2 5 5 4 3 1 0 0 0 0 6 0 0 0 0 0 0 20],False,"tf.Tensor(
[[ 0.5381061   0.49464393  0.63256896  0.31744534 -0.2914759  30.256903
  30.653656   30.53881    28.366144   29.34408    29.949554   30.894598
  30.293486   30.20124    29.9932     31.131857   29.614529   28.724047  ]], shape=(1, 18), dtype=float32)"
360,[13 2 0 0 0 0 0 2 5 5 4 3 1 0 0 0 0 6 0 0 0 0 0 0 20],"tf.Tensor([ 0.610294    0.17612089  0.3280504   0.29505473 -0.549827   10.        ], shape=(6,), dtype=float32)",0.0,[13 3 0 0 0 0 0 3 2 1 4 1 1 0 0 0 0 6 0 0 0 0 0 0 20],False,"tf.Tensor(
[[ 0.610294    0.17612089  0.3280504   0.29505473 -0.549827   31.670431
  31.879824   31.844603   29.48287    30.419945   31.153097   32.20409
  31.307127   31.21124    31.216974   32.36347    30.790003   30.037712  ]], shape=(1, 18), dtype=float32)"
361,[13 3 0 0 0 0 0 3 2 1 4 1 1 0 0 0 0 6 0 0 0 0 0 0 20],"tf.Tensor([ 0.44215703 -0.4754809   0.26875034  0.10796694 -0.91343415  6.        ], shape=(6,), dtype=float32)",0.0,[14 1 0 0 0 0 0 4 3 5 5 1 1 0 0 0 0 6 0 0 0 0 0 0 20],True,"tf.Tensor(
[[ 0.44215703 -0.4754809   0.26875034  0.10796694 -0.91343415 28.716038
  28.643597   29.236776   27.307762   28.044254   28.408657   29.721418
  27.246357   27.32206    28.270973   28.598036   28.008615   27.724712  ]], shape=(1, 18), dtype=float32)"
362,[1 1 0 0 0 0 0 6 1 5 3 2 0 0 0 0 0 0 0 0 0 0 0 0 0],"tf.Tensor([ 2.412702   4.2349186  0.800808   2.5597894  5.197629  11.       ], shape=(6,), dtype=float32)",0.4,[1 2 6 1 3 2 0 0 0 3 0 0 0 0 0 0 0 0 0 0 0 0 0 0 0],False,"tf.Tensor(
[[ 2.412702   4.2349186  0.800808   2.5597894  5.197629  18.113577
  15.092803  16.864042  16.20476   14.916992  16.826645  16.448921
  17.30792   18.829094  16.17641   16.672373  19.64195   15.895129 ]], shape=(1, 18), dtype=float32)"
363,[1 2 6 1 3 2 0 0 0 3 0 0 0 0 0 0 0 0 0 0 0 0 0 0 0],"tf.Tensor([ 2.7808552  3.5921373  2.0460074  3.0890713  4.3167267 11.       ], shape=(6,), dtype=float32)",0.1,[1 3 6 1 3 2 3 0 0 0 0 0 0 0 0 0 0 0 0 0 0 0 0 0 0],False,"tf.Tensor(
[[ 2.7808552  3.5921373  2.0460074  3.0890713  4.3167267 18.180317
  15.486875  18.988941  17.610353  17.888845  19.312035  18.802376
  18.972414  18.708107  17.760443  19.953182  20.083935  19.499783 ]], shape=(1, 18), dtype=float32)"
364,[1 3 6 1 3 2 3 0 0 0 0 0 0 0 0 0 0 0 0 0 0 0 0 0 0],"tf.Tensor([ 2.9458694  3.27672    2.0693157  3.6041822  4.398017  12.       ], shape=(6,), dtype=float32)",30.0,[2 1 0 0 0 0 0 6 1 5 3 2 0 0 0 0 0 0 0 0 0 0 0 0 15],False,"tf.Tensor(
[[ 2.9458694  3.27672    2.0693157  3.6041822  4.398017  18.81563
  15.945189  19.929077  17.85693   18.302917  20.340559  19.355988
  19.626997  19.001005  18.298506  20.560085  20.491335  20.904902 ]], shape=(1, 18), dtype=float32)"
365,[2 1 0 0 0 0 0 6 1 5 3 2 0 0 0 0 0 0 0 0 0 0 0 0 15],"tf.Tensor([ 1.327163   2.6466393  1.9669837  1.698249   2.3341799 11.       ], shape=(6,), dtype=float32)",0.5,[2 2 1 5 1 4 2 0 0 0 0 0 0 0 0 0 0 0 0 0 0 0 0 0 15],False,"tf.Tensor(
[[ 1.327163   2.6466393  1.9669837  1.698249   2.3341799 24.832172
  23.577787  24.185934  23.41389   23.15207   23.766678  23.789864
  24.868597  25.081503  24.177116  23.88179   26.44667   22.53982  ]], shape=(1, 18), dtype=float32)"
366,[2 2 1 5 1 4 2 0 0 0 0 0 0 0 0 0 0 0 0 0 0 0 0 0 15],"tf.Tensor([1.1275256 1.9825854 1.4583677 1.3622204 1.6165961 0.       ], shape=(6,), dtype=float32)",0.0,[2 3 1 5 1 4 2 0 0 0 0 0 0 0 0 0 0 0 0 0 0 0 0 0 15],False,"tf.Tensor(
[[ 1.1275256  1.9825854  1.4583677  1.3622204  1.6165961 25.794973
  24.448523  25.185526  25.784016  25.2995    25.519892  24.323544
  24.33636   25.779675  24.914309  25.037731  25.553411  25.253084 ]], shape=(1, 18), dtype=float32)"
367,[2 3 1 5 1 4 2 0 0 0 0 0 0 0 0 0 0 0 0 0 0 0 0 0 15],"tf.Tensor([1.0888953 1.8808485 1.447498  1.3209659 1.6258509 3.       ], shape=(6,), dtype=float32)",8.0,[3 1 0 0 0 0 0 1 5 1 4 2 0 0 0 4 0 0 0 0 0 0 0 0 15],False,"tf.Tensor(
[[ 1.0888953  1.8808485  1.447498   1.3209659  1.6258509 26.256567
  25.034285  25.75799   26.272894  25.929169  26.099789  24.901112
  25.000559  26.250122  25.533756  25.605621  26.034777  25.787214 ]], shape=(1, 18), dtype=float32)"
368,[3 1 0 0 0 0 0 1 5 1 4 2 0 0 0 4 0 0 0 0 0 0 0 0 15],"tf.Tensor([1.5127957 1.740611  0.3172601 1.1427484 0.6386361 2.       ], shape=(6,), dtype=float32)",0.30000000000000004,[3 2 2 6 6 0 0 0 0 6 0 4 0 0 0 4 0 0 0 0 0 0 0 0 15],False,"tf.Tensor(
[[ 1.5127957  1.740611   0.3172601  1.1427484  0.6386361 19.501
  18.6461    20.400934  18.50949   19.175     19.310411  19.580313
  19.283585  19.136467  19.038063  20.211176  20.196262  18.709345 ]], shape=(1, 18), dtype=float32)"
369,[3 2 2 6 6 0 0 0 0 6 0 4 0 0 0 4 0 0 0 0 0 0 0 0 15],"tf.Tensor([ 1.5660281  3.064398   1.0303509  2.0586085  2.0768418 10.       ], shape=(6,), dtype=float32)",0.2,[3 3 2 6 6 6 4 0 0 0 0 0 0 0 0 4 0 0 0 0 0 0 0 0 15],False,"tf.Tensor(
[[ 1.5660281  3.064398   1.0303509  2.0586085  2.0768418 30.87278
  28.937141  31.380602  29.463243  31.096785  30.994127  30.613123
  31.175224  31.552399  30.960146  31.99295   31.029156  31.069096 ]], shape=(1, 18), dtype=float32)"
370,[3 3 2 6 6 6 4 0 0 0 0 0 0 0 0 4 0 0 0 0 0 0 0 0 15],"tf.Tensor([ 1.5812593  2.0946844  1.3994076  2.682655   2.1955786 12.       ], shape=(6,), dtype=float32)",18.0,[4 1 0 0 0 0 0 2 6 1 6 5 0 0 0 4 0 0 0 0 0 0 0 0 24],False,"tf.Tensor(
[[ 1.5812593  2.0946844  1.3994076  2.682655   2.1955786 33.486015
  30.555555  33.788036  32.423073  33.18927   34.06694   32.42006
  32.438313  32.88959   33.25992   33.56704   32.822758  35.23606  ]], shape=(1, 18), dtype=float32)"
371,[4 1 0 0 0 0 0 2 6 1 6 5 0 0 0 4 0 0 0 0 0 0 0 0 24],"tf.Tensor([ 2.271776   2.824842   1.2068802  1.5180413  0.9642898 11.       ], shape=(6,), dtype=float32)",0.5,[4 2 4 1 2 4 5 0 0 0 0 0 0 0 0 4 0 0 0 0 0 0 0 0 24],False,"tf.Tensor(
[[ 2.271776   2.824842   1.2068802  1.5180413  0.9642898 30.101357
  28.951366  31.304678  29.10162   29.468996  29.776367  30.094353
  29.819948  29.69284   29.35602   30.922585  31.444994  28.198965 ]], shape=(1, 18), dtype=float32)"
372,[4 2 4 1 2 4 5 0 0 0 0 0 0 0 0 4 0 0 0 0 0 0 0 0 24],"tf.Tensor([0.9954202 1.730776  1.5931731 1.7144271 0.6431482 5.       ], shape=(6,), dtype=float32)",0.0,[4 3 4 1 2 4 5 0 0 0 0 0 0 0 0 4 0 0 0 0 0 0 0 0 24],False,"tf.Tensor(
[[ 0.9954202  1.730776   1.5931731  1.7144271  0.6431482 32.11333
  30.595768  32.287598  31.881062  32.068897  32.373714  31.534489
  30.050083  31.412056  31.906721  31.57285   32.099407  31.805647 ]], shape=(1, 18), dtype=float32)"
373,[4 3 4 1 2 4 5 0 0 0 0 0 0 0 0 4 0 0 0 0 0 0 0 0 24],"tf.Tensor([0.8706809 1.6387249 1.6362127 1.6664009 0.6812793 5.       ], shape=(6,), dtype=float32)",0.0,[5 1 0 0 0 0 0 4 1 2 4 5 0 0 0 4 0 0 0 0 0 0 0 0 24],False,"tf.Tensor(
[[ 0.8706809  1.6387249  1.6362127  1.6664009  0.6812793 32.65988
  31.264585  32.756504  32.467182  32.68642   32.96167   32.0195
  30.742933  31.943443  32.575104  32.14371   32.579678  32.41638  ]], shape=(1, 18), dtype=float32)"
374,[5 1 0 0 0 0 0 4 1 2 4 5 0 0 0 4 0 0 0 0 0 0 0 0 24],"tf.Tensor([ 1.9788566   2.2400947   1.7511538   1.3603592   0.08437678 11.        ], shape=(6,), dtype=float32)",0.4,[5 2 6 4 2 6 0 0 0 0 0 4 0 0 0 4 0 0 0 0 0 0 0 0 24],False,"tf.Tensor(
[[ 1.9788566   2.2400947   1.7511538   1.3603592   0.08437678 28.870094
  27.503824   30.373821   27.862862   28.485703   28.614088   29.4663
  28.387735   27.972961   28.70816    29.041113   30.500607   26.98138   ]], shape=(1, 18), dtype=float32)"
375,[5 2 6 4 2 6 0 0 0 0 0 4 0 0 0 4 0 0 0 0 0 0 0 0 24],"tf.Tensor([0.6891246 1.9181595 2.1113806 1.8148199 1.1512021 4.       ], shape=(6,), dtype=float32)",0.1,[5 3 6 4 2 6 4 0 0 0 0 0 0 0 0 4 0 0 0 0 0 0 0 0 24],False,"tf.Tensor(
[[ 0.6891246  1.9181595  2.1113806  1.8148199  1.1512021 34.792664
  33.906315  35.688637  34.902462  35.994244  35.828457  34.762787
  34.10566   34.822678  35.540264  34.94879   35.32008   35.12056  ]], shape=(1, 18), dtype=float32)"
376,[5 3 6 4 2 6 4 0 0 0 0 0 0 0 0 4 0 0 0 0 0 0 0 0 24],"tf.Tensor([0.49659014 1.5261023  1.6961035  1.5254558  1.358774   4.        ], shape=(6,), dtype=float32)",0.0,[6 1 0 0 0 0 0 6 4 2 6 4 0 0 0 4 0 0 0 0 0 0 0 0 24],False,"tf.Tensor(
[[ 0.49659014  1.5261023   1.6961035   1.5254558   1.358774   37.46137
  36.26011    37.345432   37.514458   38.163376   37.786537   36.689106
  36.08074    36.98457    37.907005   36.92936    37.3575     37.507206  ]], shape=(1, 18), dtype=float32)"
377,[6 1 0 0 0 0 0 6 4 2 6 4 0 0 0 4 0 0 0 0 0 0 0 0 24],"tf.Tensor([ 1.9482247   2.348332    1.5023104   1.534766    0.59260976 11.        ], shape=(6,), dtype=float32)",0.4,[6 2 4 2 6 1 0 0 0 0 0 2 0 0 0 4 0 0 0 0 0 0 0 0 24],False,"tf.Tensor(
[[ 1.9482247   2.348332    1.5023104   1.534766    0.59260976 31.97127
  30.8102     33.231483   30.306194   31.197876   31.4788     32.29296
  31.947392   31.375122   31.855438   32.32809    33.715714   29.878357  ]], shape=(1, 18), dtype=float32)"
378,[6 2 4 2 6 1 0 0 0 0 0 2 0 0 0 4 0 0 0 0 0 0 0 0 24],"tf.Tensor([0.77720225 1.4007303  1.1140172  1.6770694  0.20244583 4.        ], shape=(6,), dtype=float32)",0.0,[6 3 4 2 6 1 0 0 0 0 0 5 0 0 0 4 0 0 0 0 0 0 0 0 24],False,"tf.Tensor(
[[ 0.77720225  1.4007303   1.1140172   1.6770694   0.20244583 31.61952
  30.226944   32.61159    31.993347   32.969025   32.710808   32.05186
  29.345459   30.631794   31.87335    31.815546   31.430592   32.274296  ]], shape=(1, 18), dtype=float32)"
379,[6 3 4 2 6 1 0 0 0 0 0 5 0 0 0 4 0 0 0 0 0 0 0 0 24],[ 0  0  0  1  1 12],-12.0,[7 1 0 0 0 0 0 4 2 6 1 2 0 0 0 4 0 0 0 0 0 0 0 0 18],False,"tf.Tensor(
[[ 0.8373585   1.7727886   1.5370029   1.9469713   0.40959772 32.864666
  31.672163   33.83989    32.832268   33.743454   34.115623   33.00129
  31.233921   32.469982   33.10369    33.29805    32.735874   33.358772  ]], shape=(1, 18), dtype=float32)"
380,[7 1 0 0 0 0 0 4 2 6 1 2 0 0 0 4 0 0 0 0 0 0 0 0 18],[1 0 0 0 0 0],0.1,[7 2 6 0 0 0 0 0 3 1 5 3 0 0 0 4 0 0 0 0 0 0 0 0 18],False,"tf.Tensor(
[[ 0.687233    0.8732152   0.5020286   0.8771524  -0.10835829 23.995213
  23.499105   24.686707   22.180876   23.715328   23.583673   24.56872
  23.899014   23.545712   24.237553   24.528437   24.39833    23.173174  ]], shape=(1, 18), dtype=float32)"
381,[7 2 6 0 0 0 0 0 3 1 5 3 0 0 0 4 0 0 0 0 0 0 0 0 18],[0 1 0 1 0 8],0.2,[7 3 6 3 5 0 0 0 0 2 0 2 0 0 0 4 0 0 0 0 0 0 0 0 18],False,"tf.Tensor(
[[ 0.63563085  1.4671844   0.7027386   1.0595305   1.0323875  26.383732
  26.027803   26.923973   25.89017    26.788427   26.513058   27.089897
  26.335854   25.775784   26.678535   27.368816   27.137627   25.845604  ]], shape=(1, 18), dtype=float32)"
382,[7 3 6 3 5 0 0 0 0 2 0 2 0 0 0 4 0 0 0 0 0 0 0 0 18],"tf.Tensor([-0.11218069  0.649789    0.5836149   0.9163303   0.9265084   4.        ], shape=(6,), dtype=float32)",10.0,[8 1 0 0 0 0 0 6 4 1 5 2 0 0 0 4 5 0 0 0 0 0 0 0 18],False,"tf.Tensor(
[[-0.11218069  0.649789    0.5836149   0.9163303   0.9265084  29.731384
  29.321516   29.88077    29.852356   31.397095   30.290136   30.019361
  29.030209   29.092146   30.729706   30.220743   29.392748   30.239464  ]], shape=(1, 18), dtype=float32)"
383,[8 1 0 0 0 0 0 6 4 1 5 2 0 0 0 4 5 0 0 0 0 0 0 0 18],[ 0  1  1  0  0 10],0.2,[8 2 4 3 0 0 0 4 0 0 1 6 0 0 0 4 5 0 0 0 0 0 0 0 18],False,"tf.Tensor(
[[ 0.8581283   1.1104451   0.25287074  0.5924801   0.49809262 26.080835
  25.381311   26.418911   24.449352   25.270285   25.264053   25.717293
  25.827127   25.66918    26.0569     25.845324   26.485489   24.75832   ]], shape=(1, 18), dtype=float32)"
384,[8 2 4 3 0 0 0 4 0 0 1 6 0 0 0 4 5 0 0 0 0 0 0 0 18],"tf.Tensor([0.6024866  1.3647763  0.9923757  0.5620244  0.80090785 9.        ], shape=(6,), dtype=float32)",0.0,[8 3 4 3 0 0 0 4 0 0 6 4 0 0 0 4 5 0 0 0 0 0 0 0 18],False,"tf.Tensor(
[[ 0.6024866   1.3647763   0.9923757   0.5620244   0.80090785 26.595098
  26.255959   27.021852   25.969278   26.934849   26.416693   26.180576
  26.704033   26.62435    27.179232   26.564997   26.941395   25.63146   ]], shape=(1, 18), dtype=float32)"
385,[8 3 4 3 0 0 0 4 0 0 6 4 0 0 0 4 5 0 0 0 0 0 0 0 18],"tf.Tensor([ 0.5190171  1.6724309  0.934418   0.5845756  1.2280202 11.       ], shape=(6,), dtype=float32)",0.0,[9 1 0 0 0 0 0 2 4 3 2 6 0 0 0 4 5 0 0 0 0 0 0 0 18],False,"tf.Tensor(
[[ 0.5190171  1.6724309  0.934418   0.5845756  1.2280202 29.416899
  28.87427   29.565813  28.658152  29.38712   28.876749  29.073376
  29.465534  29.193907  29.87521   29.204779  30.133942  28.165562 ]], shape=(1, 18), dtype=float32)"
386,[9 1 0 0 0 0 0 2 4 3 2 6 0 0 0 4 5 0 0 0 0 0 0 0 18],"tf.Tensor([ 0.6423      1.1468114   0.1650712   0.456021    0.18286452 10.        ], shape=(6,), dtype=float32)",0.1,[9 2 2 0 0 0 0 1 0 4 2 2 0 0 0 4 5 0 0 0 0 0 0 0 18],False,"tf.Tensor(
[[ 0.6423      1.1468114   0.1650712   0.456021    0.18286452 24.84044
  24.87158    25.332516   23.264418   24.380503   24.5383     24.758633
  25.059372   25.150564   24.90192    25.494566   24.578331   23.734045  ]], shape=(1, 18), dtype=float32)"
387,[9 2 2 0 0 0 0 1 0 4 2 2 0 0 0 4 5 0 0 0 0 0 0 0 18],[1 1 1 1 0 5],0.30000000000000004,[9 3 2 1 4 2 0 0 0 0 0 2 0 0 0 4 5 0 0 0 0 0 0 0 18],False,"tf.Tensor(
[[ 0.10541715  0.24146369  0.15070124  0.0419728  -0.33950046 23.193613
  23.015274   23.610712   22.62846    23.80322    22.925879   23.947552
  22.350721   22.34795    23.599802   23.336851   22.796463   22.757349  ]], shape=(1, 18), dtype=float32)"
388,[9 3 2 1 4 2 0 0 0 0 0 2 0 0 0 4 5 0 0 0 0 0 0 0 18],"tf.Tensor([-0.0212283  -0.22117206 -0.06357329  0.40882593 -0.5693222  12.        ], shape=(6,), dtype=float32)",-18.0,[10 1 0 0 0 0 0 6 2 5 3 5 0 0 0 4 5 0 0 0 0 0 0 0 9],False,"tf.Tensor(
[[-2.1228299e-02 -2.2117206e-01 -6.3573286e-02  4.0882593e-01
  -5.6932223e-01  2.4610518e+01  2.4051067e+01  2.5096594e+01
   2.4524002e+01  2.5424059e+01  2.5185074e+01  2.4547144e+01
   2.2797489e+01  2.3925186e+01  2.4849939e+01  2.4445843e+01
   2.3127956e+01  2.5587706e+01]], shape=(1, 18), dtype=float32)"
389,[10 1 0 0 0 0 0 6 2 5 3 5 0 0 0 4 5 0 0 0 0 0 0 0 9],"tf.Tensor([ 0.8134352   1.1412278  -0.0321465   0.89510626  1.442415    8.        ], shape=(6,), dtype=float32)",0.2,[10 2 2 2 0 0 0 4 0 5 6 0 0 0 0 4 5 0 0 0 0 0 0 0 9],False,"tf.Tensor(
[[ 0.8134352   1.1412278  -0.0321465   0.89510626  1.442415   23.364697
  22.552996   22.60013    20.746056   21.476736   22.044827   21.899166
  23.426311   23.74751    22.762384   22.832045   22.98396    22.243883  ]], shape=(1, 18), dtype=float32)"
390,[10 2 2 2 0 0 0 4 0 5 6 0 0 0 0 4 5 0 0 0 0 0 0 0 9],"tf.Tensor([ 0.03282501  0.24459532 -0.5034887   0.30237168  1.0762092   0.        ], shape=(6,), dtype=float32)",0.0,[10 3 2 2 0 0 0 1 0 2 5 0 0 0 0 4 5 0 0 0 0 0 0 0 9],False,"tf.Tensor(
[[ 0.03282501  0.24459532 -0.5034887   0.30237168  1.0762092  23.591944
  22.971725   22.430138   21.794394   22.763432   22.005705   22.806358
  23.348282   22.89972    23.55729    23.180645   23.020533   22.987246  ]], shape=(1, 18), dtype=float32)"
391,[10 3 2 2 0 0 0 1 0 2 5 0 0 0 0 4 5 0 0 0 0 0 0 0 9],"tf.Tensor([-0.4173789  -0.62203085 -0.77900356 -0.43387955  0.2585635   9.        ], shape=(6,), dtype=float32)",0.0,[11 1 0 0 0 0 0 3 2 6 1 2 0 0 0 4 5 0 0 0 0 0 0 0 9],False,"tf.Tensor(
[[-0.4173789  -0.62203085 -0.77900356 -0.43387955  0.2585635  19.861149
  19.787144   18.93568    19.17499    19.727303   18.763113   19.500206
  19.049866   18.688925   19.906305   19.5864     18.532993   19.775654  ]], shape=(1, 18), dtype=float32)"
392,[11 1 0 0 0 0 0 3 2 6 1 2 0 0 0 4 5 0 0 0 0 0 0 0 9],"tf.Tensor([-0.12574671 -0.51788735 -0.7056958   0.2977265   0.28402653  1.        ], shape=(6,), dtype=float32)",0.0,[11 2 0 0 0 0 0 4 4 1 4 3 0 0 0 4 5 0 0 0 0 0 0 0 9],False,"tf.Tensor(
[[-0.12574671 -0.51788735 -0.7056958   0.2977265   0.28402653 19.597923
  19.711428   18.656513   17.383156   18.64099    18.49419    19.040922
  19.421627   19.230278   19.430315   19.57591    18.33554    19.321821  ]], shape=(1, 18), dtype=float32)"
393,[11 2 0 0 0 0 0 4 4 1 4 3 0 0 0 4 5 0 0 0 0 0 0 0 9],"tf.Tensor([ 0.23003222 -0.03391853 -0.61379474  0.2854709   0.75127566  8.        ], shape=(6,), dtype=float32)",0.0,[11 3 0 0 0 0 0 3 2 3 2 3 0 0 0 4 5 0 0 0 0 0 0 0 9],False,"tf.Tensor(
[[ 0.23003222 -0.03391853 -0.61379474  0.2854709   0.75127566 21.878304
  21.482664   21.10498    19.636238   20.333584   20.677555   20.33113
  21.376772   21.993294   21.271496   21.292028   20.33526    21.559729  ]], shape=(1, 18), dtype=float32)"
394,[11 3 0 0 0 0 0 3 2 3 2 3 0 0 0 4 5 0 0 0 0 0 0 0 9],"tf.Tensor([-0.17770438 -0.5451499  -0.59216607  0.06328855  0.15840933  1.        ], shape=(6,), dtype=float32)",0.0,[12 1 0 0 0 0 0 6 6 1 6 1 0 0 0 4 5 0 0 0 0 0 0 0 9],False,"tf.Tensor(
[[-0.17770438 -0.5451499  -0.59216607  0.06328855  0.15840933 20.084333
  20.097755   19.402464   18.112053   19.19704    19.092213   19.099182
  19.67998    19.848711   19.964262   19.689754   18.5292     19.915977  ]], shape=(1, 18), dtype=float32)"
395,[12 1 0 0 0 0 0 6 6 1 6 1 0 0 0 4 5 0 0 0 0 0 0 0 9],"tf.Tensor([ 0.5246341   0.01347461 -1.0799412   0.5049246   1.0681137   8.        ], shape=(6,), dtype=float32)",0.1,[12 2 1 0 0 0 0 4 4 1 5 0 0 0 0 4 5 0 0 0 0 0 0 0 9],False,"tf.Tensor(
[[ 5.2463412e-01  1.3474613e-02 -1.0799412e+00  5.0492460e-01
   1.0681137e+00  2.5017075e+01  2.4048525e+01  2.3428843e+01
   2.1787189e+01  2.2283304e+01  2.3003407e+01  2.2622896e+01
   2.4097536e+01  2.5152355e+01  2.3672447e+01  2.4028927e+01
   2.2968567e+01  2.4190063e+01]], shape=(1, 18), dtype=float32)"
396,[12 2 1 0 0 0 0 4 4 1 5 0 0 0 0 4 5 0 0 0 0 0 0 0 9],"tf.Tensor([-0.18374132 -0.8018732  -1.0361848   0.11645417  0.22581968  0.        ], shape=(6,), dtype=float32)",0.0,[12 3 1 0 0 0 0 6 3 2 4 0 0 0 0 4 5 0 0 0 0 0 0 0 9],False,"tf.Tensor(
[[-0.18374132 -0.8018732  -1.0361848   0.11645417  0.22581968 22.091705
  21.719797   20.880907   19.68769    20.593554   20.590988   20.585508
  21.172262   21.711437   21.54121    21.37152    19.967468   21.966326  ]], shape=(1, 18), dtype=float32)"
397,[12 3 1 0 0 0 0 6 3 2 4 0 0 0 0 4 5 0 0 0 0 0 0 0 9],"tf.Tensor([-0.0734943  -0.5280299  -0.69168514  0.36944848  0.3296393   0.        ], shape=(6,), dtype=float32)",1.0,[13 1 0 0 0 0 0 4 5 5 5 1 1 0 0 4 5 0 0 0 0 0 0 0 9],False,"tf.Tensor(
[[-0.0734943  -0.5280299  -0.69168514  0.36944848  0.3296393  23.545607
  22.987547   22.495234   20.77082    21.982145   21.96782    21.850746
  22.937635   23.33283    23.24604    22.702112   21.765594   23.29773   ]], shape=(1, 18), dtype=float32)"
398,[13 1 0 0 0 0 0 4 5 5 5 1 1 0 0 4 5 0 0 0 0 0 0 0 9],[0 0 0 0 0 3],0.0,[13 2 0 0 0 0 0 6 2 5 3 1 1 0 0 4 5 0 0 0 0 0 0 0 9],False,"tf.Tensor(
[[ 0.32763183 -0.37907395 -1.4144309   0.5216915   0.6796484  24.6407
  24.391035   23.241304   21.39735    22.76405    22.88986    23.396914
  24.274101   24.469013   23.906506   24.582098   22.852781   23.983414  ]], shape=(1, 18), dtype=float32)"
399,[13 2 0 0 0 0 0 6 2 5 3 1 1 0 0 4 5 0 0 0 0 0 0 0 9],"tf.Tensor([ 0.01033582 -0.48428896 -0.7912031   0.58132344  0.31240305  0.        ], shape=(6,), dtype=float32)",0.0,[13 3 0 0 0 0 0 2 4 4 6 1 1 0 0 4 5 0 0 0 0 0 0 0 9],False,"tf.Tensor(
[[ 1.0335818e-02 -4.8428896e-01 -7.9120308e-01  5.8132344e-01
   3.1240305e-01  2.3565783e+01  2.3289362e+01  2.2452271e+01
   2.0564157e+01  2.2013474e+01  2.2081362e+01  2.2323057e+01
   2.3253424e+01  2.3224295e+01  2.3328810e+01  2.3240883e+01
   2.2033409e+01  2.3243208e+01]], shape=(1, 18), dtype=float32)"
400,[13 3 0 0 0 0 0 2 4 4 6 1 1 0 0 4 5 0 0 0 0 0 0 0 9],[1 1 1 0 1 8],0.0,[14 1 0 0 0 0 0 6 1 6 2 6 1 0 0 4 5 0 0 0 0 0 0 0 9],True,"tf.Tensor(
[[ 0.1404201  -0.5875615  -1.4306531   0.13592283  0.3848779  24.23001
  23.974064   22.839285   21.648708   22.696337   22.611032   23.12683
  23.54427    23.617197   23.540373   24.106451   22.118238   23.649733  ]], shape=(1, 18), dtype=float32)"
401,[1 1 0 0 0 0 0 4 1 6 4 5 0 0 0 0 0 0 0 0 0 0 0 0 0],"tf.Tensor([3.4178345 5.1733103 1.5916368 2.3395097 5.4427996 8.       ], shape=(6,), dtype=float32)",0.5,[1 2 4 1 6 4 5 0 0 0 0 0 0 0 0 0 0 0 0 0 0 0 0 0 0],False,"tf.Tensor(
[[ 3.4178345  5.1733103  1.5916368  2.3395097  5.4427996 18.722122
  15.347243  18.010786  16.653818  15.897351  17.857756  18.135324
  19.47615   20.764214  16.73064   19.22436   20.34277   17.326973 ]], shape=(1, 18), dtype=float32)"
402,[1 2 4 1 6 4 5 0 0 0 0 0 0 0 0 0 0 0 0 0 0 0 0 0 0],"tf.Tensor([ 3.5845199  4.528663   2.5165055  4.3452373  4.9768724 12.       ], shape=(6,), dtype=float32)",0.0,[1 3 4 1 6 4 5 0 0 0 0 0 0 0 0 0 0 0 0 0 0 0 0 0 0],False,"tf.Tensor(
[[ 3.5845199  4.528663   2.5165055  4.3452373  4.9768724 23.1492
  19.152433  24.817362  21.52119   22.217323  25.040342  23.847109
  24.271297  23.58601   22.68664   25.480791  24.874262  25.965746 ]], shape=(1, 18), dtype=float32)"
403,[1 3 4 1 6 4 5 0 0 0 0 0 0 0 0 0 0 0 0 0 0 0 0 0 0],"tf.Tensor([ 3.6035874  4.49156    2.5321038  4.3521347  4.9887657 12.       ], shape=(6,), dtype=float32)",40.0,[2 1 0 0 0 0 0 4 1 6 4 5 0 0 0 0 0 0 0 0 0 0 0 0 20],False,"tf.Tensor(
[[ 3.6035874  4.49156    2.5321038  4.3521347  4.9887657 23.693401
  19.750406  25.386377  22.096233  22.819574  25.622368  24.404743
  24.862165  24.123274  23.260399  26.050243  25.405005  26.534573 ]], shape=(1, 18), dtype=float32)"
404,[2 1 0 0 0 0 0 4 1 6 4 5 0 0 0 0 0 0 0 0 0 0 0 0 20],"tf.Tensor([ 1.7544178  3.1044114  2.7168365  1.818036   2.3158784 11.       ], shape=(6,), dtype=float32)",0.5,[2 2 2 4 5 4 6 0 0 0 0 0 0 0 0 0 0 0 0 0 0 0 0 0 20],False,"tf.Tensor(
[[ 1.7544178  3.1044114  2.7168365  1.818036   2.3158784 29.955826
  28.880186  29.46328   28.478754  28.067562  28.742985  28.858742
  30.277727  30.567354  29.013918  29.63073   31.719797  27.291996 ]], shape=(1, 18), dtype=float32)"
405,[2 2 2 4 5 4 6 0 0 0 0 0 0 0 0 0 0 0 0 0 0 0 0 0 20],"tf.Tensor([1.7639787 2.9128706 2.01108   2.5421808 2.305902  8.       ], shape=(6,), dtype=float32)",0.0,[2 3 2 4 5 4 6 0 0 0 0 0 0 0 0 0 0 0 0 0 0 0 0 0 20],False,"tf.Tensor(
[[ 1.7639787  2.9128706  2.01108    2.5421808  2.305902  36.0603
  33.503185  35.035213  35.603626  34.575184  36.020714  33.88389
  33.450497  36.112854  34.45354   34.870865  35.681835  35.298836 ]], shape=(1, 18), dtype=float32)"
406,[2 3 2 4 5 4 6 0 0 0 0 0 0 0 0 0 0 0 0 0 0 0 0 0 20],"tf.Tensor([1.7431347 2.826907  2.0385249 2.521256  2.328182  5.       ], shape=(6,), dtype=float32)",12.0,[3 1 0 0 0 0 0 2 4 5 4 6 0 0 0 0 0 6 0 0 0 0 0 0 20],False,"tf.Tensor(
[[ 1.7431347  2.826907   2.0385249  2.521256   2.328182  36.48919
  34.043922  35.605488  36.06685   35.18862   36.59523   34.458622
  34.11097   36.530346  35.05604   35.455513  36.130077  35.850838 ]], shape=(1, 18), dtype=float32)"
407,[3 1 0 0 0 0 0 2 4 5 4 6 0 0 0 0 0 6 0 0 0 0 0 0 20],"tf.Tensor([ 1.8891687  2.6207347  2.1540818  1.4740534  2.0250165 11.       ], shape=(6,), dtype=float32)",0.5,[3 2 4 1 5 1 1 0 0 0 0 0 0 0 0 0 0 6 0 0 0 0 0 0 20],False,"tf.Tensor(
[[ 1.8891687  2.6207347  2.1540818  1.4740534  2.0250165 30.201204
  29.367163  30.054136  28.597012  28.538567  29.233896  29.274603
  30.901878  30.556087  29.159885  30.447094  31.463713  27.662859 ]], shape=(1, 18), dtype=float32)"
408,[3 2 4 1 5 1 1 0 0 0 0 0 0 0 0 0 0 6 0 0 0 0 0 0 20],"tf.Tensor([1.0457189 1.6719662 2.011756  1.6969106 1.1579568 5.       ], shape=(6,), dtype=float32)",0.0,[3 3 4 1 5 1 1 0 0 0 0 0 0 0 0 0 0 6 0 0 0 0 0 0 20],False,"tf.Tensor(
[[ 1.0457189  1.6719662  2.011756   1.6969106  1.1579568 30.18356
  28.687943  30.279272  30.439365  30.334206  30.732285  29.879303
  28.736982  29.326746  30.047447  29.764662  30.612785  29.724253 ]], shape=(1, 18), dtype=float32)"
409,[3 3 4 1 5 1 1 0 0 0 0 0 0 0 0 0 0 6 0 0 0 0 0 0 20],"tf.Tensor([0.8857806 1.5574949 2.0393064 1.6261514 1.1335887 5.       ], shape=(6,), dtype=float32)",-12.0,[4 1 0 0 0 0 0 4 1 5 1 1 0 0 0 0 0 0 0 0 0 0 0 0 20],False,"tf.Tensor(
[[ 0.8857806  1.5574949  2.0393064  1.6261514  1.1335887 30.632715
  29.355392  30.705374  30.887497  30.881325  31.249744  30.319946
  29.450264  29.814953  30.711586  30.326874  30.992794  30.23281  ]], shape=(1, 18), dtype=float32)"
410,[4 1 0 0 0 0 0 4 1 5 1 1 0 0 0 0 0 0 0 0 0 0 0 0 20],"tf.Tensor([ 1.4609692  2.0815318  1.7355162  1.5063657  1.1202726 11.       ], shape=(6,), dtype=float32)",0.5,[4 2 1 5 3 2 4 0 0 0 0 0 0 0 0 0 0 0 0 0 0 0 0 0 20],False,"tf.Tensor(
[[ 1.4609692  2.0815318  1.7355162  1.5063657  1.1202726 27.08174
  26.093336  27.105068  25.920303  25.898458  26.33862   26.74853
  26.38277   26.852003  26.415552  26.928522  28.25595   25.287027 ]], shape=(1, 18), dtype=float32)"
411,[4 2 1 5 3 2 4 0 0 0 0 0 0 0 0 0 0 0 0 0 0 0 0 0 20],"tf.Tensor([1.3074706 2.2033734 1.2496846 1.5134836 1.3375939 0.       ], shape=(6,), dtype=float32)",0.0,[4 3 1 5 3 2 4 0 0 0 0 0 0 0 0 0 0 0 0 0 0 0 0 0 20],False,"tf.Tensor(
[[ 1.3074706  2.2033734  1.2496846  1.5134836  1.3375939 31.930017
  30.356627  31.0787    31.694029  30.974997  31.477192  30.27777
  29.527996  31.658955  30.647978  31.235296  31.142515  30.98714  ]], shape=(1, 18), dtype=float32)"
412,[4 3 1 5 3 2 4 0 0 0 0 0 0 0 0 0 0 0 0 0 0 0 0 0 20],"tf.Tensor([1.1869487 2.0938373 1.2660716 1.452333  1.3249087 0.       ], shape=(6,), dtype=float32)",1.0,[5 1 0 0 0 0 0 1 5 3 2 4 1 0 0 0 0 0 0 0 0 0 0 0 20],False,"tf.Tensor(
[[ 1.1869487  2.0938373  1.2660716  1.452333   1.3249087 32.383804
  30.997671  31.552015  32.155266  31.547176  32.015076  30.762714
  30.22693   32.14255   31.297237  31.79921   31.555973  31.504078 ]], shape=(1, 18), dtype=float32)"
413,[5 1 0 0 0 0 0 1 5 3 2 4 1 0 0 0 0 0 0 0 0 0 0 0 20],"tf.Tensor([ 1.6055837  2.445239   1.2118924  1.3087878  1.1174295 10.       ], shape=(6,), dtype=float32)",0.5,[5 2 6 2 3 4 1 0 0 0 0 0 1 0 0 0 0 0 0 0 0 0 0 0 20],False,"tf.Tensor(
[[ 1.6055837  2.445239   1.2118924  1.3087878  1.1174295 26.965504
  26.549917  27.180643  26.028042  25.844288  26.569256  26.51691
  26.527048  27.307453  25.963875  27.756695  27.481133  25.216013 ]], shape=(1, 18), dtype=float32)"
414,[5 2 6 2 3 4 1 0 0 0 0 0 1 0 0 0 0 0 0 0 0 0 0 0 20],"tf.Tensor([0.55890346 1.631571   1.942091   1.5427307  1.6488866  3.        ], shape=(6,), dtype=float32)",0.0,[5 3 6 2 3 4 1 0 0 0 0 0 1 0 0 0 0 0 0 0 0 0 0 0 20],False,"tf.Tensor(
[[ 0.55890346  1.631571    1.942091    1.5427307   1.6488866  31.922125
  30.998325   31.793276   32.709072   32.680084   32.552296   31.561626
  30.315847   31.596375   32.051422   31.48277    32.26529    31.839462  ]], shape=(1, 18), dtype=float32)"
415,[5 3 6 2 3 4 1 0 0 0 0 0 1 0 0 0 0 0 0 0 0 0 0 0 20],"tf.Tensor([0.5241945 1.550786  1.9596342 1.5166451 1.7137046 4.       ], shape=(6,), dtype=float32)",0.0,[6 1 0 0 0 0 0 6 2 3 4 1 1 0 0 0 0 0 0 0 0 0 0 0 20],False,"tf.Tensor(
[[ 0.5241945  1.550786   1.9596342  1.5166451  1.7137046 32.479244
  31.60682   32.370026  33.325138  33.354862  33.186897  32.147827
  30.97592   32.117218  32.685814  32.057533  32.821945  32.469345 ]], shape=(1, 18), dtype=float32)"
416,[6 1 0 0 0 0 0 6 2 3 4 1 1 0 0 0 0 0 0 0 0 0 0 0 20],"tf.Tensor([ 1.3752631  2.0419195  1.6932787  1.287636   0.9989358 11.       ], shape=(6,), dtype=float32)",0.5,[6 2 1 3 4 6 5 0 0 0 0 0 1 0 0 0 0 0 0 0 0 0 0 0 20],False,"tf.Tensor(
[[ 1.3752631  2.0419195  1.6932787  1.287636   0.9989358 28.836388
  27.914501  29.003908  27.66839   27.712265  28.010643  28.630919
  28.168713  28.43784   28.396973  28.51233   30.176374  26.786476 ]], shape=(1, 18), dtype=float32)"
417,[6 2 1 3 4 6 5 0 0 0 0 0 1 0 0 0 0 0 0 0 0 0 0 0 20],[1 0 0 1 1 8],0.0,[6 3 1 3 4 6 5 0 0 0 0 0 1 0 0 0 0 0 0 0 0 0 0 0 20],False,"tf.Tensor(
[[ 1.0516893  1.6707195  1.2894256  1.7774935  1.05901   34.279827
  32.561047  33.46863   33.620827  32.93585   34.254482  32.521713
  31.520859  34.11035   33.0269    33.17389   33.123867  33.90326  ]], shape=(1, 18), dtype=float32)"
418,[6 3 1 3 4 6 5 0 0 0 0 0 1 0 0 0 0 0 0 0 0 0 0 0 20],"tf.Tensor([1.0032877 1.5633677 1.275502  1.7282919 1.0531458 5.       ], shape=(6,), dtype=float32)",12.0,[7 1 0 0 0 0 0 1 3 4 6 5 1 0 0 0 0 6 0 0 0 0 0 0 20],False,"tf.Tensor(
[[ 1.0032877  1.5633677  1.275502   1.7282919  1.0531458 34.70525
  33.128395  34.006683  34.09326   33.56812   34.811775  33.072292
  32.14213   34.52725   33.630188  33.71486   33.562252  34.39561  ]], shape=(1, 18), dtype=float32)"
419,[7 1 0 0 0 0 0 1 3 4 6 5 1 0 0 0 0 6 0 0 0 0 0 0 20],[0 0 1 1 1 1],0.30000000000000004,[7 2 4 4 5 0 0 2 6 0 0 0 1 0 0 0 0 6 0 0 0 0 0 0 20],False,"tf.Tensor(
[[ 1.5254854   2.098013    1.5584413   1.0127714   0.80075014 29.799755
  28.996384   30.046034   28.284603   28.279049   29.043512   29.90239
  29.762503   29.484955   28.884647   30.186277   30.481604   27.5812    ]], shape=(1, 18), dtype=float32)"
420,[7 2 4 4 5 0 0 2 6 0 0 0 1 0 0 0 0 6 0 0 0 0 0 0 20],"tf.Tensor([ 0.757499    0.8975634   0.62601477  1.2087263   1.11902    10.        ], shape=(6,), dtype=float32)",0.0,[7 3 4 4 5 0 0 2 1 0 0 0 1 0 0 0 0 6 0 0 0 0 0 0 20],False,"tf.Tensor(
[[ 0.757499    0.8975634   0.62601477  1.2087263   1.11902    35.009987
  34.582367   35.021084   34.527607   35.74401    35.520172   34.42536
  34.58443    34.390896   35.274467   35.78515    34.450333   34.6685    ]], shape=(1, 18), dtype=float32)"
421,[7 3 4 4 5 0 0 2 1 0 0 0 1 0 0 0 0 6 0 0 0 0 0 0 20],"tf.Tensor([0.4060302  0.76225084 1.2136815  0.87465227 0.68158746 4.        ], shape=(6,), dtype=float32)",10.0,[8 1 0 0 0 0 0 3 4 4 4 5 1 0 0 0 5 6 0 0 0 0 0 0 20],False,"tf.Tensor(
[[ 0.4060302   0.76225084  1.2136815   0.87465227  0.68158746 33.322678
  32.712425   33.42967    33.461037   34.357475   33.761257   33.178486
  32.420433   32.32755    33.94399    33.353752   33.03025    32.98889   ]], shape=(1, 18), dtype=float32)"
422,[8 1 0 0 0 0 0 3 4 4 4 5 1 0 0 0 5 6 0 0 0 0 0 0 20],"tf.Tensor([1.2127903 1.7294497 1.3308929 0.6062461 0.8391427 7.       ], shape=(6,), dtype=float32)",0.30000000000000004,[8 2 4 3 1 0 0 0 0 0 4 2 1 0 0 0 5 6 0 0 0 0 0 0 20],False,"tf.Tensor(
[[ 1.2127903  1.7294497  1.3308929  0.6062461  0.8391427 30.728247
  30.36122   30.663256  29.170744  29.35427   29.951141  30.139011
  31.063807  30.790876  30.197937  30.852228  31.056885  28.315216 ]], shape=(1, 18), dtype=float32)"
423,[8 2 4 3 1 0 0 0 0 0 4 2 1 0 0 0 5 6 0 0 0 0 0 0 20],"tf.Tensor([0.8012171  1.2258946  1.1572671  0.21559456 0.4672333  4.        ], shape=(6,), dtype=float32)",0.0,[8 3 4 3 1 0 0 0 0 0 1 4 1 0 0 0 5 6 0 0 0 0 0 0 20],False,"tf.Tensor(
[[ 0.8012171   1.2258946   1.1572671   0.21559456  0.4672333  29.680756
  29.184141   30.055826   30.018833   30.311773   29.63497    29.951975
  28.857      28.878471   29.75737    29.618454   29.692783   28.397356  ]], shape=(1, 18), dtype=float32)"
424,[8 3 4 3 1 0 0 0 0 0 1 4 1 0 0 0 5 6 0 0 0 0 0 0 20],"tf.Tensor([0.649742   0.9397251  1.3241804  0.12315241 0.3505621  4.        ], shape=(6,), dtype=float32)",-10.0,[9 1 0 0 0 0 0 4 3 1 1 3 1 0 0 0 0 6 0 0 0 0 0 0 20],False,"tf.Tensor(
[[ 0.649742    0.9397251   1.3241804   0.12315241  0.3505621  29.070486
  29.076504   29.489845   29.438828   29.892427   29.301743   29.128466
  28.680365   28.655727   29.380327   29.182056   28.832588   27.92776   ]], shape=(1, 18), dtype=float32)"
425,[9 1 0 0 0 0 0 4 3 1 1 3 1 0 0 0 0 6 0 0 0 0 0 0 20],[1 0 0 1 0 1],0.2,[9 2 2 4 0 0 0 0 2 6 0 2 1 0 0 0 0 6 0 0 0 0 0 0 20],False,"tf.Tensor(
[[ 1.1957488   0.7252621   0.9979572   0.76107967 -0.16332267 26.804834
  26.401943   27.543022   25.416225   25.885351   26.593609   27.182116
  26.101826   26.07653    26.296473   26.864986   27.08347    25.378504  ]], shape=(1, 18), dtype=float32)"
426,[9 2 2 4 0 0 0 0 2 6 0 2 1 0 0 0 0 6 0 0 0 0 0 0 20],"tf.Tensor([ 0.4940113   0.5943776   0.53444844 -0.02840289  0.47790515 10.        ], shape=(6,), dtype=float32)",0.0,[9 3 2 4 0 0 0 0 1 1 0 5 1 0 0 0 0 6 0 0 0 0 0 0 20],False,"tf.Tensor(
[[ 4.9401131e-01  5.9437758e-01  5.3444844e-01 -2.8402895e-02
   4.7790515e-01  3.1167685e+01  3.1506399e+01  3.0944036e+01
   3.0318705e+01  3.1345320e+01  3.0386354e+01  3.1199026e+01
   3.1159521e+01  3.0696238e+01  3.1204258e+01  3.1818649e+01
   3.0618826e+01  2.9664078e+01]], shape=(1, 18), dtype=float32)"
427,[9 3 2 4 0 0 0 0 1 1 0 5 1 0 0 0 0 6 0 0 0 0 0 0 20],[ 0  0  0  0  0 12],-28.0,[10 1 0 0 0 0 0 2 2 1 4 6 1 0 0 0 0 6 0 0 0 0 0 0 6],False,"tf.Tensor(
[[8.4590626e-01 8.3965677e-01 9.5889914e-01 1.6933587e-01 6.5938383e-03
  2.8857523e+01 2.9047110e+01 2.9383402e+01 2.8438063e+01 2.9062860e+01
  2.8759443e+01 2.9124582e+01 2.8608109e+01 2.8378069e+01 2.8795158e+01
  2.9489698e+01 2.8413731e+01 2.7598900e+01]], shape=(1, 18), dtype=float32)"
428,[10 1 0 0 0 0 0 2 2 1 4 6 1 0 0 0 0 6 0 0 0 0 0 0 6],"tf.Tensor([ 1.1562955   0.6310516  -0.01578371  0.68017185  0.5709469   8.        ], shape=(6,), dtype=float32)",0.1,[10 2 5 0 0 0 0 0 4 4 3 3 1 0 0 0 0 6 0 0 0 0 0 0 6],False,"tf.Tensor(
[[ 1.1562955e+00  6.3105160e-01 -1.5783712e-02  6.8017185e-01
   5.7094687e-01  1.9989496e+01  1.9753420e+01  2.0151953e+01
   1.7534626e+01  1.8133602e+01  1.9415915e+01  1.9241806e+01
   2.0075575e+01  2.0935225e+01  1.9095676e+01  1.9953976e+01
   1.9461014e+01  1.8402637e+01]], shape=(1, 18), dtype=float32)"
429,[10 2 5 0 0 0 0 0 4 4 3 3 1 0 0 0 0 6 0 0 0 0 0 0 6],[ 0  1  0  1  0 12],0.2,[10 3 5 4 3 0 0 0 0 6 0 5 1 0 0 0 0 6 0 0 0 0 0 0 6],False,"tf.Tensor(
[[ 1.2547308   0.5045481  -0.19492857  0.89201283  1.3730564  23.346247
  23.021563   22.91457    20.745218   21.839067   22.321527   22.155607
  23.633644   24.274824   22.401905   23.379509   22.618326   21.926905  ]], shape=(1, 18), dtype=float32)"
430,[10 3 5 4 3 0 0 0 0 6 0 5 1 0 0 0 0 6 0 0 0 0 0 0 6],[ 0  0  1  0  0 11],0.0,[11 1 0 0 0 0 0 5 3 1 2 4 1 0 0 0 0 6 0 0 0 0 0 0 6],False,"tf.Tensor(
[[ 1.990588    2.236473    0.81343716  1.1478093   2.4399893  28.095785
  26.95222    28.742586   26.72639    27.811356   27.755995   28.239555
  29.037123   28.455498   27.947487   29.33445    28.246206   27.545124  ]], shape=(1, 18), dtype=float32)"
431,[11 1 0 0 0 0 0 5 3 1 2 4 1 0 0 0 0 6 0 0 0 0 0 0 6],"tf.Tensor([ 0.97707486  0.32755595 -0.27755666  1.2475864   0.57937324  8.        ], shape=(6,), dtype=float32)",0.2,[11 2 1 3 0 0 0 0 2 4 0 6 1 0 0 0 0 6 0 0 0 0 0 0 6],False,"tf.Tensor(
[[ 0.97707486  0.32755595 -0.27755666  1.2475864   0.57937324 20.80947
  20.638527   21.039652   17.431038   18.748999   20.420834   19.545013
  21.205305   22.149101   20.055788   20.692736   20.184765   19.806412  ]], shape=(1, 18), dtype=float32)"
432,[11 2 1 3 0 0 0 0 2 4 0 6 1 0 0 0 0 6 0 0 0 0 0 0 6],"tf.Tensor([ 0.8135029   0.2536431  -0.15475391  0.25236323  0.66274154  8.        ], shape=(6,), dtype=float32)",0.0,[11 3 1 3 0 0 0 0 1 6 0 2 1 0 0 0 0 6 0 0 0 0 0 0 6],False,"tf.Tensor(
[[ 0.8135029   0.2536431  -0.15475391  0.25236323  0.66274154 20.937656
  21.493418   21.362867   18.969448   20.329624   20.526396   20.4589
  21.558317   22.016289   20.65477    21.45408    20.060959   20.10233   ]], shape=(1, 18), dtype=float32)"
433,[11 3 1 3 0 0 0 0 1 6 0 2 1 0 0 0 0 6 0 0 0 0 0 0 6],"tf.Tensor([ 0.49197152 -0.33329087 -0.20672373 -0.34465095  0.57227117  1.        ], shape=(6,), dtype=float32)",0.0,[12 1 0 0 0 0 0 1 2 5 3 5 1 0 0 0 0 6 0 0 0 0 0 0 6],False,"tf.Tensor(
[[ 0.49197152 -0.33329087 -0.20672373 -0.34465095  0.57227117 20.919985
  21.432024   20.150696   19.587545   20.15429    19.73       20.09068
  20.936172   21.034235   20.325857   20.682428   19.612036   19.716532  ]], shape=(1, 18), dtype=float32)"
434,[12 1 0 0 0 0 0 1 2 5 3 5 1 0 0 0 0 6 0 0 0 0 0 0 6],"tf.Tensor([ 0.9563843   0.34854722 -0.42515337  0.5760976   0.71465254  8.        ], shape=(6,), dtype=float32)",0.1,[12 2 2 0 0 0 0 0 5 2 2 4 1 0 0 0 0 6 0 0 0 0 0 0 6],False,"tf.Tensor(
[[ 0.9563843   0.34854722 -0.42515337  0.5760976   0.71465254 21.466154
  21.460703   21.039064   18.835392   19.65497    20.46652    20.53166
  21.554073   22.454832   20.47503    21.48847    20.558426   19.94095   ]], shape=(1, 18), dtype=float32)"
435,[12 2 2 0 0 0 0 0 5 2 2 4 1 0 0 0 0 6 0 0 0 0 0 0 6],"tf.Tensor([ 0.7673845  -0.08784296 -0.7924053   0.72926044  0.62690616  8.        ], shape=(6,), dtype=float32)",0.0,[12 3 2 0 0 0 0 0 5 5 5 1 1 0 0 0 0 6 0 0 0 0 0 0 6],False,"tf.Tensor(
[[ 0.7673845  -0.08784296 -0.7924053   0.72926044  0.62690616 21.458717
  21.668531   21.499723   18.492685   20.08614    20.934875   20.33969
  21.818422   22.631971   20.740849   21.779709   20.017012   20.654959  ]], shape=(1, 18), dtype=float32)"
436,[12 3 2 0 0 0 0 0 5 5 5 1 1 0 0 0 0 6 0 0 0 0 0 0 6],"tf.Tensor([ 1.1161559   0.13033503 -0.7643313   0.5190177   0.8860775   8.        ], shape=(6,), dtype=float32)",0.0,[13 1 0 0 0 0 0 2 3 1 5 6 1 0 0 0 0 6 0 0 0 0 0 0 6],False,"tf.Tensor(
[[ 1.1161559   0.13033503 -0.7643313   0.5190177   0.8860775  24.535847
  24.25713    23.508173   21.416838   22.50716    23.056276   23.084919
  24.516869   25.64351    23.286932   24.501873   22.860931   23.070305  ]], shape=(1, 18), dtype=float32)"
437,[13 1 0 0 0 0 0 2 3 1 5 6 1 0 0 0 0 6 0 0 0 0 0 0 6],"tf.Tensor([ 1.1395388   0.36815137 -0.52559537  0.6489327   0.7270499   8.        ], shape=(6,), dtype=float32)",0.1,[13 2 4 0 0 0 0 0 2 3 2 1 1 0 0 0 0 6 0 0 0 0 0 0 6],False,"tf.Tensor(
[[ 1.1395388   0.36815137 -0.52559537  0.6489327   0.7270499  23.02134
  22.757229   22.758242   20.100533   20.731094   22.101355   21.876
  22.739805   24.031628   21.744438   22.857714   21.799295   21.40808   ]], shape=(1, 18), dtype=float32)"
438,[13 2 4 0 0 0 0 0 2 3 2 1 1 0 0 0 0 6 0 0 0 0 0 0 6],"tf.Tensor([ 0.1857411  -0.5899786  -0.689709   -0.04529509  0.45757496  0.        ], shape=(6,), dtype=float32)",0.0,[13 3 4 0 0 0 0 0 2 4 4 2 1 0 0 0 0 6 0 0 0 0 0 0 6],False,"tf.Tensor(
[[ 0.1857411  -0.5899786  -0.689709   -0.04529509  0.45757496 21.37474
  21.323967   20.282124   19.452866   20.225304   19.981735   20.122786
  20.706835   21.327625   20.586048   20.734463   19.499847   20.181541  ]], shape=(1, 18), dtype=float32)"
439,[13 3 4 0 0 0 0 0 2 4 4 2 1 0 0 0 0 6 0 0 0 0 0 0 6],"tf.Tensor([ 0.59647596 -0.16521914 -0.6028984   0.10932544  0.68724096  8.        ], shape=(6,), dtype=float32)",0.0,[14 1 0 0 0 0 0 4 6 3 3 4 1 0 0 0 0 6 0 0 0 0 0 0 6],True,"tf.Tensor(
[[ 0.59647596 -0.16521914 -0.6028984   0.10932544  0.68724096 24.037584
  23.672245   22.844118   21.698069   22.444231   22.346645   22.530306
  23.482098   24.18748    23.02513    23.454432   22.240458   22.374369  ]], shape=(1, 18), dtype=float32)"
440,[1 1 0 0 0 0 0 6 4 3 3 2 0 0 0 0 0 0 0 0 0 0 0 0 0],"tf.Tensor([ 2.719053   4.2622037  0.9973804  3.1617172  5.5285597 11.       ], shape=(6,), dtype=float32)",0.5,[1 2 6 4 3 3 2 0 0 0 0 0 0 0 0 0 0 0 0 0 0 0 0 0 0],False,"tf.Tensor(
[[ 2.719053   4.2622037  0.9973804  3.1617172  5.5285597 19.275785
  16.519396  18.52284   17.246613  16.345846  18.755583  17.594393
  18.8122    20.425745  17.493765  18.529112  20.96705   17.595251 ]], shape=(1, 18), dtype=float32)"
441,[1 2 6 4 3 3 2 0 0 0 0 0 0 0 0 0 0 0 0 0 0 0 0 0 0],"tf.Tensor([ 3.339337   3.8577328  2.3187358  3.8426063  4.450296  12.       ], shape=(6,), dtype=float32)",0.0,[1 3 6 4 3 3 2 0 0 0 0 0 0 0 0 0 0 0 0 0 0 0 0 0 0],False,"tf.Tensor(
[[ 3.339337   3.8577328  2.3187358  3.8426063  4.450296  20.90906
  17.579905  22.53696   19.790648  20.848145  22.812475  21.993689
  22.204216  21.416603  20.742992  23.436438  22.6876    23.455233 ]], shape=(1, 18), dtype=float32)"
442,[1 3 6 4 3 3 2 0 0 0 0 0 0 0 0 0 0 0 0 0 0 0 0 0 0],"tf.Tensor([ 3.3588269  3.8378747  2.333774   3.8086789  4.5223002 10.       ], shape=(6,), dtype=float32)",0.0,[2 1 0 0 0 0 0 6 4 3 3 2 0 0 0 0 0 0 0 0 0 0 0 0 0],False,"tf.Tensor(
[[ 3.3588269  3.8378747  2.333774   3.8086789  4.5223002 21.585484
  18.283045  23.163132  20.581676  21.559206  23.485558  22.620785
  22.841396  22.024181  21.387474  24.081549  23.340998  24.05811  ]], shape=(1, 18), dtype=float32)"
443,[2 1 0 0 0 0 0 6 4 3 3 2 0 0 0 0 0 0 0 0 0 0 0 0 0],"tf.Tensor([ 2.6270819   4.0990987   0.77359223  3.1166828   5.3303     11.        ], shape=(6,), dtype=float32)",0.4,[2 2 1 4 1 4 0 0 0 6 0 0 0 0 0 0 0 0 0 0 0 0 0 0 0],False,"tf.Tensor(
[[ 2.6270819   4.0990987   0.77359223  3.1166828   5.3303     19.27273
  16.716862   18.56128    17.010916   16.239033   18.700834   17.616728
  18.796345   20.537308   17.526817   18.509325   20.92834    17.467478  ]], shape=(1, 18), dtype=float32)"
444,[2 2 1 4 1 4 0 0 0 6 0 0 0 0 0 0 0 0 0 0 0 0 0 0 0],"tf.Tensor([ 3.0512853  3.4666023  1.3859913  2.5572152  3.566156  10.       ], shape=(6,), dtype=float32)",0.1,[2 3 1 4 1 4 6 0 0 0 0 0 0 0 0 0 0 0 0 0 0 0 0 0 0],False,"tf.Tensor(
[[ 3.0512853  3.4666023  1.3859913  2.5572152  3.566156  17.886576
  15.084495  18.41664   16.518845  17.052345  18.215044  18.146025
  19.010536  18.496923  17.169085  19.731945  18.80886   18.920015 ]], shape=(1, 18), dtype=float32)"
445,[2 3 1 4 1 4 6 0 0 0 0 0 0 0 0 0 0 0 0 0 0 0 0 0 0],"tf.Tensor([ 3.1253955  3.0347555  1.4538696  2.9947321  3.4883873 12.       ], shape=(6,), dtype=float32)",32.0,[3 1 0 0 0 0 0 1 4 2 1 4 0 0 0 0 0 0 0 0 0 0 0 0 16],False,"tf.Tensor(
[[ 3.1253955  3.0347555  1.4538696  2.9947321  3.4883873 18.406174
  15.074365  19.017038  16.943878  17.50375   19.249556  18.342905
  19.264778  18.439594  17.554535  20.05692   18.826689  20.140167 ]], shape=(1, 18), dtype=float32)"
446,[3 1 0 0 0 0 0 1 4 2 1 4 0 0 0 0 0 0 0 0 0 0 0 0 16],"tf.Tensor([ 1.532003   2.2243752  1.2550899  1.2166191  1.4030749 11.       ], shape=(6,), dtype=float32)",0.5,[3 2 2 3 1 6 4 0 0 0 0 0 0 0 0 0 0 0 0 0 0 0 0 0 16],False,"tf.Tensor(
[[ 1.532003   2.2243752  1.2550899  1.2166191  1.4030749 21.759932
  21.334925  21.797392  21.105574  20.723782  21.383883  21.009045
  21.492544  22.23255   20.734118  22.24008   22.314426  20.221195 ]], shape=(1, 18), dtype=float32)"
447,[3 2 2 3 1 6 4 0 0 0 0 0 0 0 0 0 0 0 0 0 0 0 0 0 16],"tf.Tensor([1.1814461 1.8928206 1.6331893 1.6372838 1.7361007 8.       ], shape=(6,), dtype=float32)",0.0,[3 3 2 3 1 6 4 0 0 0 0 0 0 0 0 0 0 0 0 0 0 0 0 0 16],False,"tf.Tensor(
[[ 1.1814461  1.8928206  1.6331893  1.6372838  1.7361007 28.284245
  26.774294  27.597906  28.029945  27.347479  28.16974   26.75414
  26.530165  28.341839  27.255829  27.235035  28.09378   27.68096  ]], shape=(1, 18), dtype=float32)"
448,[3 3 2 3 1 6 4 0 0 0 0 0 0 0 0 0 0 0 0 0 0 0 0 0 16],"tf.Tensor([1.1257746 1.7743542 1.613437  1.5825078 1.7231055 8.       ], shape=(6,), dtype=float32)",0.0,[4 1 0 0 0 0 0 2 3 1 6 4 0 0 0 0 0 0 0 0 0 0 0 0 16],False,"tf.Tensor(
[[ 1.1257746  1.7743542  1.613437   1.5825078  1.7231055 28.702444
  27.348152  28.132084  28.501167  27.987223  28.722267  27.301325
  27.140297  28.75557   27.859661  27.771122  28.524656  28.168056 ]], shape=(1, 18), dtype=float32)"
449,[4 1 0 0 0 0 0 2 3 1 6 4 0 0 0 0 0 0 0 0 0 0 0 0 16],"tf.Tensor([ 1.6649933  2.552532   1.5506283  1.2446084  1.5676217 11.       ], shape=(6,), dtype=float32)",0.5,[4 2 4 5 4 4 1 0 0 0 0 0 0 0 0 0 0 0 0 0 0 0 0 0 16],False,"tf.Tensor(
[[ 1.6649933  2.552532   1.5506283  1.2446084  1.5676217 24.185328
  23.282068  24.151615  23.450232  22.76413   23.467197  23.623363
  23.798727  24.232937  23.059498  24.2413    25.196009  22.152147 ]], shape=(1, 18), dtype=float32)"
450,[4 2 4 5 4 4 1 0 0 0 0 0 0 0 0 0 0 0 0 0 0 0 0 0 16],"tf.Tensor([0.87920284 1.7700493  1.5427748  1.6413482  2.1675327  3.        ], shape=(6,), dtype=float32)",0.0,[4 3 4 5 4 4 1 0 0 0 0 0 0 0 0 0 0 0 0 0 0 0 0 0 16],False,"tf.Tensor(
[[ 0.87920284  1.7700493   1.5427748   1.6413482   2.1675327  30.900442
  29.378443   30.466389   31.350216   31.283327   31.263754   29.955648
  29.332735   30.722523   30.510757   30.348555   30.746094   31.123621  ]], shape=(1, 18), dtype=float32)"
451,[4 3 4 5 4 4 1 0 0 0 0 0 0 0 0 0 0 0 0 0 0 0 0 0 16],"tf.Tensor([0.85657525 1.6854265  1.5615115  1.625769   2.1889138  4.        ], shape=(6,), dtype=float32)",10.0,[5 1 0 0 0 0 0 4 5 4 4 1 0 0 0 0 5 0 0 0 0 0 0 0 16],False,"tf.Tensor(
[[ 0.85657525  1.6854265   1.5615115   1.625769    2.1889138  31.327785
  29.934153   31.032747   31.806507   31.91055    31.845661   30.535461
  29.99347    31.118158   31.123901   30.945492   31.192009   31.66299   ]], shape=(1, 18), dtype=float32)"
452,[5 1 0 0 0 0 0 4 5 4 4 1 0 0 0 0 5 0 0 0 0 0 0 0 16],"tf.Tensor([ 1.3547816   2.262774    0.90404165  1.2005236   2.0658927  11.        ], shape=(6,), dtype=float32)",0.5,[5 2 4 5 4 3 4 0 0 0 0 0 0 0 0 0 5 0 0 0 0 0 0 0 16],False,"tf.Tensor(
[[ 1.3547816   2.262774    0.90404165  1.2005236   2.0658927  26.956823
  26.071888   26.035954   25.615646   25.369282   25.786007   25.585186
  26.77976    27.245941   26.03085    26.823294   27.517857   24.956503  ]], shape=(1, 18), dtype=float32)"
453,[5 2 4 5 4 3 4 0 0 0 0 0 0 0 0 0 5 0 0 0 0 0 0 0 16],"tf.Tensor([1.2217664 1.7771845 1.2488447 1.5801375 2.429966  8.       ], shape=(6,), dtype=float32)",0.0,[5 3 4 5 4 3 4 0 0 0 0 0 0 0 0 0 5 0 0 0 0 0 0 0 16],False,"tf.Tensor(
[[ 1.2217664  1.7771845  1.2488447  1.5801375  2.429966  32.860092
  31.043482  32.098312  32.828857  32.54223   32.907425  31.361761
  31.230299  32.9518    32.020412  32.155388  32.129204  32.860607 ]], shape=(1, 18), dtype=float32)"
454,[5 3 4 5 4 3 4 0 0 0 0 0 0 0 0 0 5 0 0 0 0 0 0 0 16],"tf.Tensor([1.1991361 1.6925623 1.2675792 1.5645559 2.4513462 5.       ], shape=(6,), dtype=float32)",0.0,[6 1 0 0 0 0 0 4 5 4 3 4 0 0 0 0 5 0 0 0 0 0 0 0 16],False,"tf.Tensor(
[[ 1.1991361  1.6925623  1.2675792  1.5645559  2.4513462 33.287434
  31.599195  32.66467   33.285152  33.16945   33.489334  31.941582
  31.891033  33.347443  32.633553  32.752327  32.575115  33.399967 ]], shape=(1, 18), dtype=float32)"
455,[6 1 0 0 0 0 0 4 5 4 3 4 0 0 0 0 5 0 0 0 0 0 0 0 16],"tf.Tensor([1.4167225 2.2063632 1.0083274 1.1537367 1.9020175 8.       ], shape=(6,), dtype=float32)",0.5,[6 2 1 6 3 6 5 0 0 0 0 0 0 0 0 0 5 0 0 0 0 0 0 0 16],False,"tf.Tensor(
[[ 1.4167225  2.2063632  1.0083274  1.1537367  1.9020175 27.228943
  26.64331   26.657803  25.628168  25.567028  26.348053  25.98161
  27.530928  27.919827  26.331905  27.371794  27.690826  25.12572  ]], shape=(1, 18), dtype=float32)"
456,[6 2 1 6 3 6 5 0 0 0 0 0 0 0 0 0 5 0 0 0 0 0 0 0 16],"tf.Tensor([ 1.4030186  1.6523705  0.9904709  1.5806165  2.0250797 12.       ], shape=(6,), dtype=float32)",0.0,[6 3 1 6 3 6 5 0 0 0 0 0 0 0 0 0 5 0 0 0 0 0 0 0 16],False,"tf.Tensor(
[[ 1.4030186  1.6523705  0.9904709  1.5806165  2.0250797 33.446926
  31.273138  32.459457  32.703316  32.11285   33.12869   31.256798
  31.386532  33.557125  31.98576   32.39948   31.891459  33.59428  ]], shape=(1, 18), dtype=float32)"
457,[6 3 1 6 3 6 5 0 0 0 0 0 0 0 0 0 5 0 0 0 0 0 0 0 16],"tf.Tensor([ 1.3524011  1.5272477  1.0065651  1.5392481  2.0305934 12.       ], shape=(6,), dtype=float32)",10.0,[7 1 0 0 0 0 0 1 6 3 6 5 0 0 0 0 5 0 0 0 0 0 0 0 21],False,"tf.Tensor(
[[ 1.3524011  1.5272477  1.0065651  1.5392481  2.0305934 33.849083
  31.86523   33.011005  33.150803  32.74833   33.69674   31.830309
  32.02256   33.95736   32.590294  32.97062   32.318985  34.106487 ]], shape=(1, 18), dtype=float32)"
458,[7 1 0 0 0 0 0 1 6 3 6 5 0 0 0 0 5 0 0 0 0 0 0 0 21],"tf.Tensor([ 1.642031   2.8378456  1.0323063  1.0761989  1.7217906 10.       ], shape=(6,), dtype=float32)",0.5,[7 2 2 6 1 3 5 0 0 0 0 0 0 0 0 0 5 0 0 0 0 0 0 0 21],False,"tf.Tensor(
[[ 1.642031   2.8378456  1.0323063  1.0761989  1.7217906 31.541275
  30.934874  31.081865  30.501957  29.798819  30.690409  30.512314
  31.002016  31.97353   30.089964  32.003292  31.765305  29.113214 ]], shape=(1, 18), dtype=float32)"
459,[7 2 2 6 1 3 5 0 0 0 0 0 0 0 0 0 5 0 0 0 0 0 0 0 21],"tf.Tensor([0.9415506  1.6314759  0.8592926  0.66825527 1.1717958  0.        ], shape=(6,), dtype=float32)",0.0,[7 3 2 6 1 3 5 0 0 0 0 0 0 0 0 0 5 0 0 0 0 0 0 0 21],False,"tf.Tensor(
[[ 0.9415506   1.6314759   0.8592926   0.66825527  1.1717958  34.122986
  33.005993   32.873425   34.103424   33.447098   33.351868   32.148235
  31.77104    33.925182   33.009243   33.150127   32.58134    32.908207  ]], shape=(1, 18), dtype=float32)"
460,[7 3 2 6 1 3 5 0 0 0 0 0 0 0 0 0 5 0 0 0 0 0 0 0 21],"tf.Tensor([0.8701112  1.4940553  0.8584268  0.59308237 1.1622162  3.        ], shape=(6,), dtype=float32)",0.0,[8 1 0 0 0 0 0 2 6 1 3 5 0 0 0 0 5 0 0 0 0 0 0 0 21],False,"tf.Tensor(
[[ 0.8701112   1.4940553   0.8584268   0.59308237  1.1622162  34.531834
  33.61165    33.398148   34.566944   34.067505   33.900803   32.69771
  32.386936   34.362442   33.59564    33.660786   33.01485    33.370117  ]], shape=(1, 18), dtype=float32)"
461,[8 1 0 0 0 0 0 2 6 1 3 5 0 0 0 0 5 0 0 0 0 0 0 0 21],"tf.Tensor([ 1.5085552   2.2378843   0.79732347  0.7566605   1.0223302  10.        ], shape=(6,), dtype=float32)",0.30000000000000004,[8 2 3 1 3 0 0 0 0 3 5 0 0 0 0 0 5 0 0 0 0 0 0 0 21],False,"tf.Tensor(
[[ 1.5085552   2.2378843   0.79732347  0.7566605   1.0223302  29.060848
  28.82001    29.079895   28.416183   27.881857   28.666887   28.27321
  28.274782   29.395763   27.925554   29.54562    29.024988   26.950867  ]], shape=(1, 18), dtype=float32)"
462,[8 2 3 1 3 0 0 0 0 3 5 0 0 0 0 0 5 0 0 0 0 0 0 0 21],"tf.Tensor([0.6820625  1.7309313  0.87387645 0.9319088  1.0800335  3.        ], shape=(6,), dtype=float32)",0.1,[8 3 3 1 3 5 0 0 0 6 0 0 0 0 0 0 5 0 0 0 0 0 0 0 21],False,"tf.Tensor(
[[ 0.6820625   1.7309313   0.87387645  0.9319088   1.0800335  31.532248
  30.532019   31.087502   31.629969   31.36925    31.264132   31.369802
  29.425182   30.877026   30.870888   31.298561   31.279005   30.572878  ]], shape=(1, 18), dtype=float32)"
463,[8 3 3 1 3 5 0 0 0 6 0 0 0 0 0 0 5 0 0 0 0 0 0 0 21],"tf.Tensor([0.07658458 0.87103206 1.0661362  1.035578   1.3451031  4.        ], shape=(6,), dtype=float32)",0.0,[9 1 0 0 0 0 0 3 1 3 2 3 0 0 0 0 5 0 0 0 0 0 0 0 21],False,"tf.Tensor(
[[ 0.07658458  0.87103206  1.0661362   1.035578    1.3451031  34.287624
  33.837795   33.455788   33.97539    34.377625   34.358383   33.460613
  32.808544   34.21743    34.183266   33.852283   33.495285   34.05874   ]], shape=(1, 18), dtype=float32)"
464,[9 1 0 0 0 0 0 3 1 3 2 3 0 0 0 0 5 0 0 0 0 0 0 0 21],"tf.Tensor([1.0526594  1.5739269  1.0650101  0.5049245  0.28970563 2.        ], shape=(6,), dtype=float32)",0.30000000000000004,[9 2 3 3 2 0 0 0 0 0 3 3 0 0 0 0 5 0 0 0 0 0 0 0 21],False,"tf.Tensor(
[[ 1.0526594   1.5739269   1.0650101   0.5049245   0.28970563 27.559654
  26.955109   27.633434   27.11146    26.767082   27.026335   27.454987
  26.044336   27.215395   26.819128   27.26069    27.582556   25.756115  ]], shape=(1, 18), dtype=float32)"
465,[9 2 3 3 2 0 0 0 0 0 3 3 0 0 0 0 5 0 0 0 0 0 0 0 21],[0 0 0 1 0 9],0.1,[9 3 3 3 2 3 0 0 0 0 0 3 0 0 0 0 5 0 0 0 0 0 0 0 21],False,"tf.Tensor(
[[ 0.8120402   1.6053329   0.8815888   0.5246752   0.67859733 30.13705
  29.600561   30.119757   30.655626   30.370214   30.132212   29.953947
  28.194965   29.768559   29.548817   30.06384    29.576605   29.104858  ]], shape=(1, 18), dtype=float32)"
466,[9 3 3 3 2 3 0 0 0 0 0 3 0 0 0 0 5 0 0 0 0 0 0 0 21],"tf.Tensor([0.4147061 0.962635  0.9877808 0.5216015 0.5488378 4.       ], shape=(6,), dtype=float32)",-10.0,[10 1 0 0 0 0 0 3 3 2 6 4 0 0 0 0 0 0 0 0 0 0 0 0 21],False,"tf.Tensor(
[[ 0.4147061  0.962635   0.9877808  0.5216015  0.5488378 30.654827
  30.571436  30.603115  31.17047   31.210081  31.079819  30.126875
  28.970934  30.539825  30.494139  30.496859  29.660936  30.233164 ]], shape=(1, 18), dtype=float32)"
467,[10 1 0 0 0 0 0 3 3 2 6 4 0 0 0 0 0 0 0 0 0 0 0 0 21],"tf.Tensor([ 1.4803262   2.0739422   1.1186444   1.0646564   0.51287377 11.        ], shape=(6,), dtype=float32)",0.4,[10 2 2 4 2 3 0 0 0 0 0 5 0 0 0 0 0 0 0 0 0 0 0 0 21],False,"tf.Tensor(
[[ 1.4803262   2.0739422   1.1186444   1.0646564   0.51287377 30.410303
  29.499372   30.651352   29.348255   28.882778   29.849802   30.695276
  29.01703    29.822317   29.20636    30.623446   30.839787   28.379776  ]], shape=(1, 18), dtype=float32)"
468,[10 2 2 4 2 3 0 0 0 0 0 5 0 0 0 0 0 0 0 0 0 0 0 0 21],"tf.Tensor([0.6713797  1.2165685  0.9664295  0.78288764 0.23168398 5.        ], shape=(6,), dtype=float32)",0.0,[10 3 2 4 2 3 0 0 0 0 0 2 0 0 0 0 0 0 0 0 0 0 0 0 21],False,"tf.Tensor(
[[ 0.6713797   1.2165685   0.9664295   0.78288764  0.23168398 30.54476
  30.327291   30.685266   30.601992   30.604542   30.87542    30.217503
  28.593369   30.439283   29.96121    30.696894   29.508223   30.024372  ]], shape=(1, 18), dtype=float32)"
469,[10 3 2 4 2 3 0 0 0 0 0 2 0 0 0 0 0 0 0 0 0 0 0 0 21],[0 1 1 1 0 7],0.0,[11 1 0 0 0 0 0 2 4 2 3 2 0 0 0 0 0 0 0 0 0 0 0 0 21],False,"tf.Tensor(
[[ 0.33516562  0.70540994  0.6631236   0.46488196  0.17729618 30.59582
  30.435389   30.477415   30.97389    31.017878   30.767368   30.322426
  28.397247   29.916843   30.221123   30.550238   29.345625   30.334967  ]], shape=(1, 18), dtype=float32)"
470,[11 1 0 0 0 0 0 2 4 2 3 2 0 0 0 0 0 0 0 0 0 0 0 0 21],"tf.Tensor([ 1.1412864   1.1654046   0.34608302  0.6581792  -0.01671933  6.        ], shape=(6,), dtype=float32)",0.2,[11 2 3 5 0 0 0 0 0 1 5 3 0 0 0 0 0 0 0 0 0 0 0 0 21],False,"tf.Tensor(
[[ 1.1412864e+00  1.1654046e+00  3.4608302e-01  6.5817922e-01
  -1.6719326e-02  2.8237417e+01  2.7698017e+01  2.8544043e+01
   2.7581310e+01  2.7457296e+01  2.7919275e+01  2.8790773e+01
   2.6292082e+01  2.7309511e+01  2.7132778e+01  2.8660152e+01
   2.7890959e+01  2.6922739e+01]], shape=(1, 18), dtype=float32)"
471,[11 2 3 5 0 0 0 0 0 1 5 3 0 0 0 0 0 0 0 0 0 0 0 0 21],"tf.Tensor([0.77416134 1.6350727  0.6731112  0.21582763 0.6877123  6.        ], shape=(6,), dtype=float32)",0.0,[11 3 3 5 0 0 0 0 0 6 5 3 0 0 0 0 0 0 0 0 0 0 0 0 21],False,"tf.Tensor(
[[ 0.77416134  1.6350727   0.6731112   0.21582763  0.6877123  31.914425
  31.497175   31.813272   32.1986     32.005856   31.327972   32.232826
  30.06403    31.214056   31.170778   32.09719    31.508856   30.440355  ]], shape=(1, 18), dtype=float32)"
472,[11 3 3 5 0 0 0 0 0 6 5 3 0 0 0 0 0 0 0 0 0 0 0 0 21],"tf.Tensor([ 0.25064784  1.6625848   0.7479694   0.0911227   1.2378722  10.        ], shape=(6,), dtype=float32)",0.0,[12 1 0 0 0 0 0 3 5 4 3 3 0 0 0 0 0 0 0 0 0 0 0 0 21],False,"tf.Tensor(
[[ 0.25064784  1.6625848   0.7479694   0.0911227   1.2378722  35.408157
  35.53256    34.573322   34.924007   35.21035    34.297825   35.404724
  34.762604   35.258694   35.104618   35.939693   34.95506    33.56702   ]], shape=(1, 18), dtype=float32)"
473,[12 1 0 0 0 0 0 3 5 4 3 3 0 0 0 0 0 0 0 0 0 0 0 0 21],"tf.Tensor([ 0.90670824  1.1404717   0.37706694  0.74657947  0.15716828 10.        ], shape=(6,), dtype=float32)",0.2,[12 2 1 2 0 0 0 0 0 3 4 4 0 0 0 0 0 0 0 0 0 0 0 0 21],False,"tf.Tensor(
[[ 0.90670824  1.1404717   0.37706694  0.74657947  0.15716828 30.514742
  30.362696   30.557295   29.09157    29.335144   30.060104   30.891796
  29.286472   30.128408   29.575436   31.242294   30.057455   29.015438  ]], shape=(1, 18), dtype=float32)"
474,[12 2 1 2 0 0 0 0 0 3 4 4 0 0 0 0 0 0 0 0 0 0 0 0 21],"tf.Tensor([0.77348006 1.2786579  0.6689514  0.31122094 0.02593364 6.        ], shape=(6,), dtype=float32)",0.0,[12 3 1 2 0 0 0 0 0 1 6 6 0 0 0 0 0 0 0 0 0 0 0 0 21],False,"tf.Tensor(
[[7.7348006e-01 1.2786579e+00 6.6895139e-01 3.1122094e-01 2.5933638e-02
  2.9770016e+01 2.9305204e+01 2.9759047e+01 2.9455944e+01 2.9151491e+01
  2.9221420e+01 3.0424515e+01 2.7746891e+01 2.8924505e+01 2.8751324e+01
  2.9963217e+01 2.9174553e+01 2.8355480e+01]], shape=(1, 18), dtype=float32)"
475,[12 3 1 2 0 0 0 0 0 1 6 6 0 0 0 0 0 0 0 0 0 0 0 0 21],"tf.Tensor([1.0311989  1.8171668  1.061742   0.5522669  0.24469401 6.        ], shape=(6,), dtype=float32)",0.0,[13 1 0 0 0 0 0 1 2 5 3 6 0 0 0 0 0 0 0 0 0 0 0 0 21],False,"tf.Tensor(
[[ 1.0311989   1.8171668   1.061742    0.5522669   0.24469401 30.74633
  30.030329   30.835306   30.501165   29.758883   30.366589   31.24309
  28.738132   30.012407   29.47583    30.846891   30.37801    29.17467   ]], shape=(1, 18), dtype=float32)"
476,[13 1 0 0 0 0 0 1 2 5 3 6 0 0 0 0 0 0 0 0 0 0 0 0 21],"tf.Tensor([0.76231694 1.3702018  0.8469645  0.6904802  0.02434744 6.        ], shape=(6,), dtype=float32)",0.1,[13 2 2 0 0 0 0 1 0 1 6 5 0 0 0 0 0 0 0 0 0 0 0 0 21],False,"tf.Tensor(
[[7.6231694e-01 1.3702018e+00 8.4696448e-01 6.9048017e-01 2.4347439e-02
  3.0247570e+01 2.9970081e+01 3.0289381e+01 2.8956547e+01 2.8960255e+01
  2.9846470e+01 3.0870361e+01 2.8944492e+01 3.0083494e+01 2.9256350e+01
  3.0758711e+01 2.9747948e+01 2.8704979e+01]], shape=(1, 18), dtype=float32)"
477,[13 2 2 0 0 0 0 1 0 1 6 5 0 0 0 0 0 0 0 0 0 0 0 0 21],[ 1  0  1  1  1 10],0.4,[13 3 2 1 1 6 5 0 0 0 0 0 0 0 0 0 0 0 0 0 0 0 0 0 21],False,"tf.Tensor(
[[9.7868621e-01 1.4461274e+00 1.0946825e+00 6.9940013e-01 1.2962118e-02
  3.0353666e+01 2.9443525e+01 3.0483826e+01 3.0039955e+01 2.9251801e+01
  3.0094650e+01 3.1178051e+01 2.8084309e+01 2.9083492e+01 2.9158342e+01
  3.0302773e+01 3.0249680e+01 2.8841099e+01]], shape=(1, 18), dtype=float32)"
478,[13 3 2 1 1 6 5 0 0 0 0 0 0 0 0 0 0 0 0 0 0 0 0 0 21],"tf.Tensor([ 0.07036543 -0.04647893  0.30500647  0.26711088 -0.02696298  0.        ], shape=(6,), dtype=float32)",2.0,[14 1 0 0 0 0 0 3 2 2 5 1 2 0 0 0 0 0 0 0 0 0 0 0 21],True,"tf.Tensor(
[[ 7.0365429e-02 -4.6478927e-02  3.0500647e-01  2.6711088e-01
  -2.6962981e-02  3.2673138e+01  3.2191666e+01  3.1463985e+01
   3.2364429e+01  3.1461132e+01  3.2163967e+01  3.1516582e+01
   2.9421743e+01  3.1747158e+01  3.1513601e+01  3.1598366e+01
   3.0492603e+01  3.2154736e+01]], shape=(1, 18), dtype=float32)"
479,[1 1 0 0 0 0 0 5 5 1 1 2 0 0 0 0 0 0 0 0 0 0 0 0 0],[ 0  0  1  0  0 10],0.1,[1 2 1 0 0 0 0 2 6 0 6 3 0 0 0 0 0 0 0 0 0 0 0 0 0],False,"tf.Tensor(
[[ 2.5647657  3.5430593  0.9474987  3.103763   4.5652003 16.063875
  13.806435  15.9786825 14.465549  14.12663   16.331364  14.721267
  15.842632  17.177933  14.861716  15.915769  17.4915    15.250237 ]], shape=(1, 18), dtype=float32)"
480,[1 2 1 0 0 0 0 2 6 0 6 3 0 0 0 0 0 0 0 0 0 0 0 0 0],"tf.Tensor([ 3.3937225  4.603346   1.1025124  2.7447479  5.8927493 11.       ], shape=(6,), dtype=float32)",0.4,[1 3 1 2 6 6 3 0 0 0 0 0 0 0 0 0 0 0 0 0 0 0 0 0 0],False,"tf.Tensor(
[[ 3.3937225  4.603346   1.1025124  2.7447479  5.8927493 19.148863
  16.013594  18.222395  17.555103  16.274515  18.568756  17.919514
  19.157894  20.052515  16.985668  19.620779  20.673565  17.780277 ]], shape=(1, 18), dtype=float32)"
481,[1 3 1 2 6 6 3 0 0 0 0 0 0 0 0 0 0 0 0 0 0 0 0 0 0],[1 1 1 0 1 5],24.0,[2 1 0 0 0 0 0 5 5 1 1 2 0 0 0 0 0 12 0 0 0 0 0 0 0],False,"tf.Tensor(
[[ 3.4010978  4.1130333  2.3717175  4.1413307  3.739163  21.80395
  17.905628  24.091082  20.500704  21.820574  24.212261  23.155806
  22.939144  22.117825  22.019781  24.514362  23.231964  25.05695  ]], shape=(1, 18), dtype=float32)"
482,[2 1 0 0 0 0 0 5 5 1 1 2 0 0 0 0 0 12 0 0 0 0 0 0 0],"tf.Tensor([2.5536647  2.2991652  0.97692406 3.2587183  2.6799338  5.        ], shape=(6,), dtype=float32)",0.5,[2 2 3 2 6 5 6 0 0 0 0 0 0 0 0 0 0 12 0 0 0 0 0 0 0],False,"tf.Tensor(
[[ 2.5536647   2.2991652   0.97692406  3.2587183   2.6799338  17.72621
  15.701043   18.78376    15.186658   15.607786   19.014475   16.571058
  18.333466   18.68531    16.536213   17.803165   18.285152   17.530151  ]], shape=(1, 18), dtype=float32)"
483,[2 2 3 2 6 5 6 0 0 0 0 0 0 0 0 0 0 12 0 0 0 0 0 0 0],"tf.Tensor([ 3.6839964  4.3077974  2.4711905  4.3336763  4.539254  12.       ], shape=(6,), dtype=float32)",0.0,[2 3 3 2 6 5 6 0 0 0 0 0 0 0 0 0 0 12 0 0 0 0 0 0 0],False,"tf.Tensor(
[[ 3.6839964  4.3077974  2.4711905  4.3336763  4.539254  26.556147
  22.292923  28.20932   25.069752  25.739956  28.404003  26.234308
  27.8012    26.36851   26.128254  28.719402  27.6371    29.196703 ]], shape=(1, 18), dtype=float32)"
484,[2 3 3 2 6 5 6 0 0 0 0 0 0 0 0 0 0 12 0 0 0 0 0 0 0],"tf.Tensor([ 3.672063   4.2415485  2.4477625  4.3056164  4.5547314 12.       ], shape=(6,), dtype=float32)",44.0,[3 1 0 0 0 0 0 3 2 6 5 6 0 0 0 0 0 12 0 0 0 0 0 0 22],False,"tf.Tensor(
[[ 3.672063   4.2415485  2.4477625  4.3056164  4.5547314 27.079199
  22.933828  28.786547  25.56007   26.36384   28.94814   26.82375
  28.464584  26.829937  26.744225  29.326471  28.139982  29.757746 ]], shape=(1, 18), dtype=float32)"
485,[3 1 0 0 0 0 0 3 2 6 5 6 0 0 0 0 0 12 0 0 0 0 0 0 22],[1 1 0 0 1 6],0.30000000000000004,[3 2 3 3 5 0 0 0 0 1 3 0 0 0 0 0 0 12 0 0 0 0 0 0 22],False,"tf.Tensor(
[[ 1.9964076  2.3981783  2.8036997  1.5948792  1.851127  33.754345
  32.564888  33.86166   31.766838  31.934725  32.717613  33.188717
  34.67885   33.55591   32.933346  33.55595   35.57475   30.94302  ]], shape=(1, 18), dtype=float32)"
486,[3 2 3 3 5 0 0 0 0 1 3 0 0 0 0 0 0 12 0 0 0 0 0 0 22],"tf.Tensor([ 1.6322349  2.0208728  1.9936899  1.5797734  1.2403951 11.       ], shape=(6,), dtype=float32)",0.2,[3 3 3 3 5 1 3 0 0 0 0 0 0 0 0 0 0 12 0 0 0 0 0 0 22],False,"tf.Tensor(
[[ 1.6322349  2.0208728  1.9936899  1.5797734  1.2403951 34.50675
  32.383812  34.88094   34.274204  34.45048   34.55389   34.43466
  33.44237   33.03768   34.153656  34.052     35.37334   33.336452 ]], shape=(1, 18), dtype=float32)"
487,[3 3 3 3 5 1 3 0 0 0 0 0 0 0 0 0 0 12 0 0 0 0 0 0 22],"tf.Tensor([ 1.3836769  1.5791283  2.0901368  1.5115023  1.0549803 11.       ], shape=(6,), dtype=float32)",0.0,[4 1 0 0 0 0 0 3 3 1 2 5 0 0 0 0 0 12 0 0 0 0 0 0 22],False,"tf.Tensor(
[[ 1.3836769  1.5791283  2.0901368  1.5115023  1.0549803 35.660473
  33.843525  35.597153  35.23662   35.29617   35.767334  34.944714
  34.66918   34.417255  35.436474  35.001766  35.832943  34.519493 ]], shape=(1, 18), dtype=float32)"
488,[4 1 0 0 0 0 0 3 3 1 2 5 0 0 0 0 0 12 0 0 0 0 0 0 22],[1 1 1 0 0 4],0.30000000000000004,[4 2 5 2 5 0 0 0 0 0 2 1 0 0 0 0 0 12 0 0 0 0 0 0 22],False,"tf.Tensor(
[[ 2.1042879  1.6333534  1.977893   1.0679822  0.8924306 29.021976
  28.07316   29.83308   27.793621  27.941769  28.45774   28.668785
  29.165707  28.306921  28.30135   28.84828   30.334774  26.682596 ]], shape=(1, 18), dtype=float32)"
489,[4 2 5 2 5 0 0 0 0 0 2 1 0 0 0 0 0 12 0 0 0 0 0 0 22],"tf.Tensor([ 1.3055197  1.6903949  2.2254024  1.4177091  1.0906355 11.       ], shape=(6,), dtype=float32)",0.2,[4 3 5 2 5 2 1 0 0 0 0 0 0 0 0 0 0 12 0 0 0 0 0 0 22],False,"tf.Tensor(
[[ 1.3055197  1.6903949  2.2254024  1.4177091  1.0906355 33.97063
  32.338894  34.553513  34.147373  34.44699   34.46272   34.278324
  33.207497  32.625378  34.12844   33.702957  34.92183   32.951824 ]], shape=(1, 18), dtype=float32)"
490,[4 3 5 2 5 2 1 0 0 0 0 0 0 0 0 0 0 12 0 0 0 0 0 0 22],"tf.Tensor([0.818833  1.1465608 2.3195307 1.3210573 1.0175502 5.       ], shape=(6,), dtype=float32)",-24.0,[5 1 0 0 0 0 0 5 2 5 4 1 0 0 0 0 0 0 0 0 0 0 0 0 22],False,"tf.Tensor(
[[ 0.818833   1.1465608  2.3195307  1.3210573  1.0175502 35.277912
  33.94157   35.422207  35.451393  35.81261   35.8516    35.109383
  34.594933  33.945236  35.7727    34.76458   35.703407  34.598907 ]], shape=(1, 18), dtype=float32)"
491,[5 1 0 0 0 0 0 5 2 5 4 1 0 0 0 0 0 0 0 0 0 0 0 0 22],[ 0  1  0  0  1 11],0.2,[5 2 4 6 0 0 0 6 0 1 3 0 0 0 0 0 0 0 0 0 0 0 0 0 22],False,"tf.Tensor(
[[ 1.6907104  2.4945116  1.9098134  1.6457361  1.4181281 31.361286
  30.086618  31.34143   30.052036  29.934538  30.409264  31.063728
  30.579195  30.994627  30.523096  31.115423  32.842224  29.126516 ]], shape=(1, 18), dtype=float32)"
492,[5 2 4 6 0 0 0 6 0 1 3 0 0 0 0 0 0 0 0 0 0 0 0 0 22],"tf.Tensor([ 1.2745494  2.820164   2.0466094  1.3351686  2.2372136 11.       ], shape=(6,), dtype=float32)",0.30000000000000004,[5 3 4 6 6 1 3 0 0 0 0 0 0 0 0 0 0 0 0 0 0 0 0 0 22],False,"tf.Tensor(
[[ 1.2745494  2.820164   2.0466094  1.3351686  2.2372136 34.740505
  33.532204  34.513386  34.692444  34.7195    33.976574  33.845295
  33.88776   34.554523  34.5702    34.188095  36.15923   32.932278 ]], shape=(1, 18), dtype=float32)"
493,[5 3 4 6 6 1 3 0 0 0 0 0 0 0 0 0 0 0 0 0 0 0 0 0 22],"tf.Tensor([0.96291745 2.1965277  1.4986928  1.6228194  1.889775   3.        ], shape=(6,), dtype=float32)",8.0,[6 1 0 0 0 0 0 4 4 5 2 6 0 0 0 4 0 0 0 0 0 0 0 0 22],False,"tf.Tensor(
[[ 0.96291745  2.1965277   1.4986928   1.6228194   1.889775   38.16879
  36.593853   37.373676   38.745415   38.49329    38.332096   36.895046
  35.796402   37.78123    37.583492   37.670868   37.49658    37.66566   ]], shape=(1, 18), dtype=float32)"
494,[6 1 0 0 0 0 0 4 4 5 2 6 0 0 0 4 0 0 0 0 0 0 0 0 22],"tf.Tensor([1.4367843  1.9792871  1.2804049  1.3543078  0.47556132 2.        ], shape=(6,), dtype=float32)",0.4,[6 2 5 4 1 6 0 0 0 0 0 3 0 0 0 4 0 0 0 0 0 0 0 0 22],False,"tf.Tensor(
[[ 1.4367843   1.9792871   1.2804049   1.3543078   0.47556132 29.01092
  28.567736   29.996107   27.042076   28.315063   28.692823   29.186386
  29.594458   29.255459   29.017935   29.933966   29.992168   27.364016  ]], shape=(1, 18), dtype=float32)"
495,[6 2 5 4 1 6 0 0 0 0 0 3 0 0 0 4 0 0 0 0 0 0 0 0 22],[0 1 1 1 0 0],0.0,[6 3 5 4 1 6 0 0 0 0 0 3 0 0 0 4 0 0 0 0 0 0 0 0 22],False,"tf.Tensor(
[[ 0.34620366  1.2707701   1.5473341   1.2427596   0.66579527 31.42973
  30.914526   32.115543   31.49951    32.629208   32.150505   31.402948
  30.684929   31.186176   32.215046   31.545216   31.470211   31.793177  ]], shape=(1, 18), dtype=float32)"
496,[6 3 5 4 1 6 0 0 0 0 0 3 0 0 0 4 0 0 0 0 0 0 0 0 22],"tf.Tensor([0.30446526 1.1782678  1.5488974  1.2146688  0.7182329  4.        ], shape=(6,), dtype=float32)",10.0,[7 1 0 0 0 0 0 5 4 1 6 2 0 0 0 4 5 0 0 0 0 0 0 0 22],False,"tf.Tensor(
[[ 0.30446526  1.1782678   1.5488974   1.2146688   0.7182329  31.978024
  31.525885   32.688457   32.115005   33.323387   32.779663   31.983814
  31.325748   31.692059   32.856934   32.121517   32.01392    32.420525  ]], shape=(1, 18), dtype=float32)"
497,[7 1 0 0 0 0 0 5 4 1 6 2 0 0 0 4 5 0 0 0 0 0 0 0 22],"tf.Tensor([ 1.4401928   1.8394084   0.60131043  0.7955482   0.5488631  11.        ], shape=(6,), dtype=float32)",0.2,[7 2 6 5 0 0 0 0 0 1 6 5 0 0 0 4 5 0 0 0 0 0 0 0 22],False,"tf.Tensor(
[[ 1.4401928   1.8394084   0.60131043  0.7955482   0.5488631  29.059969
  28.038843   29.813469   27.960754   28.593884   28.355742   29.000517
  28.369059   28.3331     28.852472   28.97027    29.967686   27.301525  ]], shape=(1, 18), dtype=float32)"
498,[7 2 6 5 0 0 0 0 0 1 6 5 0 0 0 4 5 0 0 0 0 0 0 0 22],"tf.Tensor([0.76884353 2.3999302  1.1430471  0.7039424  1.4012685  4.        ], shape=(6,), dtype=float32)",0.2,[7 3 6 5 1 5 0 0 0 0 1 0 0 0 0 4 5 0 0 0 0 0 0 0 22],False,"tf.Tensor(
[[ 0.76884353  2.3999302   1.1430471   0.7039424   1.4012685  33.02812
  32.619755   33.42862    32.84684    33.73662    32.731888   33.036976
  33.120834   33.144436   33.486603   33.612785   33.62457    31.738113  ]], shape=(1, 18), dtype=float32)"
499,[7 3 6 5 1 5 0 0 0 0 1 0 0 0 0 4 5 0 0 0 0 0 0 0 22],"tf.Tensor([-0.07341006  0.69058657  1.0322884   0.5385529   0.8685966   4.        ], shape=(6,), dtype=float32)",10.0,[8 1 0 0 0 0 0 6 5 6 4 1 0 0 0 4 10 0 0 0 0 0 0 0 22],False,"tf.Tensor(
[[-0.07341006  0.69058657  1.0322884   0.5385529   0.8685966  33.410297
  32.91189    33.527763   34.059845   35.10376    33.69628    33.067852
  32.43851    32.817963   34.38418    33.092224   32.942455   33.87897   ]], shape=(1, 18), dtype=float32)"
500,[8 1 0 0 0 0 0 6 5 6 4 1 0 0 0 4 10 0 0 0 0 0 0 0 22],"tf.Tensor([ 0.9381764   1.6957881   0.26022214  0.7398087   1.1933689  11.        ], shape=(6,), dtype=float32)",0.30000000000000004,[8 2 4 4 4 0 0 0 0 6 2 0 0 0 0 4 10 0 0 0 0 0 0 0 22],False,"tf.Tensor(
[[ 0.9381764   1.6957881   0.26022214  0.7398087   1.1933689  32.806644
  31.722551   32.356667   30.81564    31.714808   31.436407   31.579445
  32.719795   32.597683   32.67061    32.55637    33.009468   31.056547  ]], shape=(1, 18), dtype=float32)"
501,[8 2 4 4 4 0 0 0 0 6 2 0 0 0 0 4 10 0 0 0 0 0 0 0 22],"tf.Tensor([0.06771848 0.91507435 0.08066185 0.514881   1.0110043  4.        ], shape=(6,), dtype=float32)",0.0,[8 3 4 4 4 0 0 0 0 2 4 0 0 0 0 4 10 0 0 0 0 0 0 0 22],False,"tf.Tensor(
[[ 0.06771848  0.91507435  0.08066185  0.514881    1.0110043  34.900066
  34.15073    34.193523   34.453194   35.734      34.348347   34.10912
  33.67986    34.37855    35.230335   34.807682   33.8032     34.57329   ]], shape=(1, 18), dtype=float32)"
502,[8 3 4 4 4 0 0 0 0 2 4 0 0 0 0 4 10 0 0 0 0 0 0 0 22],"tf.Tensor([0.12985763 0.91699684 0.00862654 0.364475   0.6900601  4.        ], shape=(6,), dtype=float32)",-20.0,[9 1 0 0 0 0 0 4 4 3 5 4 0 0 0 4 0 0 0 0 0 0 0 0 22],False,"tf.Tensor(
[[1.2985763e-01 9.1699684e-01 8.6265355e-03 3.6447501e-01 6.9006008e-01
  3.3423763e+01 3.2633778e+01 3.3305923e+01 3.3482258e+01 3.4590939e+01
  3.3267941e+01 3.2891014e+01 3.2074348e+01 3.2871559e+01 3.3883148e+01
  3.3312828e+01 3.2408054e+01 3.3441124e+01]], shape=(1, 18), dtype=float32)"
503,[9 1 0 0 0 0 0 4 4 3 5 4 0 0 0 4 0 0 0 0 0 0 0 0 22],"tf.Tensor([1.3383412  1.6117505  0.585949   1.0794408  0.01326402 2.        ], shape=(6,), dtype=float32)",0.30000000000000004,[9 2 4 5 2 0 0 0 0 5 0 1 0 0 0 4 0 0 0 0 0 0 0 0 22],False,"tf.Tensor(
[[1.3383412e+00 1.6117505e+00 5.8594900e-01 1.0794408e+00 1.3264015e-02
  2.9713665e+01 2.8889151e+01 3.0688829e+01 2.7955822e+01 2.8949947e+01
  2.9291653e+01 3.0352118e+01 2.9209297e+01 2.8967966e+01 2.9421026e+01
  3.0395964e+01 3.0340527e+01 2.8247829e+01]], shape=(1, 18), dtype=float32)"
504,[9 2 4 5 2 0 0 0 0 5 0 1 0 0 0 4 0 0 0 0 0 0 0 0 22],"tf.Tensor([0.08299842 0.5557045  0.07579233 0.05558988 0.25690114 4.        ], shape=(6,), dtype=float32)",0.0,[9 3 4 5 2 0 0 0 0 1 0 6 0 0 0 4 0 0 0 0 0 0 0 0 22],False,"tf.Tensor(
[[ 0.08299842  0.5557045   0.07579233  0.05558988  0.25690114 31.417192
  31.346737   31.670744   31.396584   33.20469    31.13825    32.097168
  30.473886   30.602188   32.15763    32.134777   30.777775   31.136349  ]], shape=(1, 18), dtype=float32)"
505,[9 3 4 5 2 0 0 0 0 1 0 6 0 0 0 4 0 0 0 0 0 0 0 0 22],"tf.Tensor([0.5277195  1.104645   0.68987864 0.5879468  0.16503258 4.        ], shape=(6,), dtype=float32)",10.0,[10 1 0 0 0 0 0 4 5 3 2 4 0 0 0 4 5 0 0 0 0 0 0 0 22],False,"tf.Tensor(
[[ 0.5277195   1.104645    0.68987864  0.5879468   0.16503258 30.738874
  30.601908   31.530512   30.672707   32.002174   31.119633   31.14686
  29.92994    30.408943   31.143578   31.535765   30.199226   30.506342  ]], shape=(1, 18), dtype=float32)"
506,[10 1 0 0 0 0 0 4 5 3 2 4 0 0 0 4 5 0 0 0 0 0 0 0 22],"tf.Tensor([ 0.8630686   1.0281057   0.05498143  0.46973407 -0.08143727  2.        ], shape=(6,), dtype=float32)",0.1,[10 2 2 0 0 0 0 2 0 3 4 4 0 0 0 4 5 0 0 0 0 0 0 0 22],False,"tf.Tensor(
[[ 0.8630686   1.0281057   0.05498143  0.46973407 -0.08143727 28.786243
  28.68195    29.4959     27.315443   28.518068   28.461596   28.91072
  28.420525   28.50858    28.812262   29.432829   28.636456   27.518917  ]], shape=(1, 18), dtype=float32)"
507,[10 2 2 0 0 0 0 2 0 3 4 4 0 0 0 4 5 0 0 0 0 0 0 0 22],"tf.Tensor([ 0.6072905   1.0591147   0.6854556   0.37153018 -0.19515459  6.        ], shape=(6,), dtype=float32)",0.0,[10 3 2 0 0 0 0 2 0 6 2 5 0 0 0 4 5 0 0 0 0 0 0 0 22],False,"tf.Tensor(
[[ 0.6072905   1.0591147   0.6854556   0.37153018 -0.19515459 28.541853
  27.945414   29.155546   27.873947   28.593325   28.236132   29.20895
  27.480692   27.623425   28.637922   28.562046   28.652397   27.417465  ]], shape=(1, 18), dtype=float32)"
508,[10 3 2 0 0 0 0 2 0 6 2 5 0 0 0 4 5 0 0 0 0 0 0 0 22],"tf.Tensor([ 0.17258677  0.8570576   0.8500256   0.34308767 -0.06220262  6.        ], shape=(6,), dtype=float32)",0.0,[11 1 0 0 0 0 0 1 2 4 5 4 0 0 0 4 5 0 0 0 0 0 0 0 22],False,"tf.Tensor(
[[ 0.17258677  0.8570576   0.8500256   0.34308767 -0.06220262 29.554924
  29.59405    29.912874   28.407585   29.6399     29.24667    30.075827
  29.346437   29.336308   30.054531   29.925808   29.43118    28.518585  ]], shape=(1, 18), dtype=float32)"
509,[11 1 0 0 0 0 0 1 2 4 5 4 0 0 0 4 5 0 0 0 0 0 0 0 22],"tf.Tensor([ 0.7291999   1.1365077   0.08332296  0.29910195 -0.37714487  6.        ], shape=(6,), dtype=float32)",0.1,[11 2 2 0 0 0 0 4 0 4 4 6 0 0 0 4 5 0 0 0 0 0 0 0 22],False,"tf.Tensor(
[[ 0.7291999   1.1365077   0.08332296  0.29910195 -0.37714487 28.54557
  27.95388    29.1655     27.377533   28.223087   28.02641    29.288588
  27.41096    27.793018   28.272081   28.901365   28.205877   27.35407   ]], shape=(1, 18), dtype=float32)"
510,[11 2 2 0 0 0 0 4 0 4 4 6 0 0 0 4 5 0 0 0 0 0 0 0 22],"tf.Tensor([0.4849752  1.2925708  1.0383024  0.5893768  0.11940916 2.        ], shape=(6,), dtype=float32)",0.1,[11 3 2 4 0 0 0 5 0 0 2 5 0 0 0 4 5 0 0 0 0 0 0 0 22],False,"tf.Tensor(
[[ 0.4849752   1.2925708   1.0383024   0.5893768   0.11940916 30.941944
  30.52731    31.295687   29.504845   30.317095   30.454998   31.223993
  30.530663   30.599955   31.14694    30.925411   31.257217   29.445585  ]], shape=(1, 18), dtype=float32)"
511,[11 3 2 4 0 0 0 5 0 0 2 5 0 0 0 4 5 0 0 0 0 0 0 0 22],"tf.Tensor([0.5782534  1.0142647  0.6465737  0.10737838 0.11245377 2.        ], shape=(6,), dtype=float32)",0.0,[12 1 0 0 0 0 0 6 2 1 6 4 0 0 0 4 5 0 0 0 0 0 0 0 22],False,"tf.Tensor(
[[ 0.5782534   1.0142647   0.6465737   0.10737838  0.11245377 31.098757
  30.566654   31.583385   30.556143   31.379414   30.607727   30.837229
  30.246841   30.551493   31.401522   30.752485   30.88228    30.045515  ]], shape=(1, 18), dtype=float32)"
512,[12 1 0 0 0 0 0 6 2 1 6 4 0 0 0 4 5 0 0 0 0 0 0 0 22],"tf.Tensor([ 0.99685454  1.1134913   0.47031778  0.47746706 -0.09310679  2.        ], shape=(6,), dtype=float32)",0.2,[12 2 1 4 0 0 0 0 0 5 1 6 0 0 0 4 5 0 0 0 0 0 0 0 22],False,"tf.Tensor(
[[ 0.99685454  1.1134913   0.47031778  0.47746706 -0.09310679 30.685204
  29.735159   31.207342   29.36002    29.728952   29.905127   30.834755
  29.34851    29.658371   30.295502   30.23547    30.965696   29.07673   ]], shape=(1, 18), dtype=float32)"
513,[12 2 1 4 0 0 0 0 0 5 1 6 0 0 0 4 5 0 0 0 0 0 0 0 22],[1 1 0 1 0 5],0.1,[12 3 1 4 1 0 0 0 0 6 0 6 0 0 0 4 5 0 0 0 0 0 0 0 22],False,"tf.Tensor(
[[ 0.13756213  0.57054746  0.07706828 -0.20355473 -0.5101575  29.946726
  30.202457   30.43497    29.052061   30.650965   29.622309   30.558527
  29.389994   29.828104   30.314983   30.611052   28.75491    29.176945  ]], shape=(1, 18), dtype=float32)"
514,[12 3 1 4 1 0 0 0 0 6 0 6 0 0 0 4 5 0 0 0 0 0 0 0 22],"tf.Tensor(
[-1.1347738e-01  3.0303368e-01  1.4254600e-03 -1.8372570e-01
 -5.7020706e-01  1.0000000e+01], shape=(6,), dtype=float32)",0.0,[13 1 0 0 0 0 0 1 4 6 6 4 0 0 0 4 5 0 0 0 0 0 0 0 22],False,"tf.Tensor(
[[-1.1347738e-01  3.0303368e-01  1.4254600e-03 -1.8372570e-01
  -5.7020706e-01  3.1037067e+01  3.1557346e+01  3.1365355e+01
   2.9950352e+01  3.1819141e+01  3.0823149e+01  3.1453382e+01
   3.0744959e+01  3.1030840e+01  3.1642780e+01  3.1898415e+01
   2.9512306e+01  3.0488680e+01]], shape=(1, 18), dtype=float32)"
515,[13 1 0 0 0 0 0 1 4 6 6 4 0 0 0 4 5 0 0 0 0 0 0 0 22],"tf.Tensor([ 0.40988824  0.9621148  -0.33837336  0.32106864 -0.1780862  10.        ], shape=(6,), dtype=float32)",0.1,[13 2 1 0 0 0 0 4 0 1 4 4 0 0 0 4 5 0 0 0 0 0 0 0 22],False,"tf.Tensor(
[[ 0.40988824  0.9621148  -0.33837336  0.32106864 -0.1780862  31.647017
  31.415895   31.843472   29.687584   30.936815   30.906727   32.30359
  31.021927   31.147917   31.418997   32.472813   30.893219   30.450644  ]], shape=(1, 18), dtype=float32)"
516,[13 2 1 0 0 0 0 4 0 1 4 4 0 0 0 4 5 0 0 0 0 0 0 0 22],"tf.Tensor([ 0.5956105   0.49243638  0.40687805  0.09561218 -0.5669243   2.        ], shape=(6,), dtype=float32)",0.0,[13 3 1 0 0 0 0 1 0 1 6 2 0 0 0 4 5 0 0 0 0 0 0 0 22],False,"tf.Tensor(
[[ 0.5956105   0.49243638  0.40687805  0.09561218 -0.5669243  28.960588
  28.14105    29.572191   28.444038   28.71613    28.54682    29.539433
  27.071571   27.62849    28.690336   28.428469   28.759285   28.027887  ]], shape=(1, 18), dtype=float32)"
517,[13 3 1 0 0 0 0 1 0 1 6 2 0 0 0 4 5 0 0 0 0 0 0 0 22],"tf.Tensor([ 0.49177846  0.32396647 -0.05710666 -0.18317448 -0.65304977  6.        ], shape=(6,), dtype=float32)",0.0,[14 1 0 0 0 0 0 4 1 1 6 4 0 0 0 4 5 0 0 0 0 0 0 0 22],True,"tf.Tensor(
[[ 0.49177846  0.32396647 -0.05710666 -0.18317448 -0.65304977 28.7004
  27.755959   29.139978   28.77488    28.875305   28.195593   29.568869
  26.14945    26.77787    28.23706    28.247213   28.014774   28.06769   ]], shape=(1, 18), dtype=float32)"
518,[1 1 0 0 0 0 0 3 1 3 5 2 0 0 0 0 0 0 0 0 0 0 0 0 0],[0 0 1 0 0 4],0.1,[1 2 3 0 0 0 0 4 1 0 5 2 0 0 0 0 0 0 0 0 0 0 0 0 0],False,"tf.Tensor(
[[ 2.459772   3.6919255  1.0201329  1.7913929  4.44139   15.03761
  12.490387  13.787735  13.529206  12.188937  13.721602  14.018058
  14.658659  15.95404   13.051374  14.547067  16.161613  13.1953335]], shape=(1, 18), dtype=float32)"
519,[1 2 3 0 0 0 0 4 1 0 5 2 0 0 0 0 0 0 0 0 0 0 0 0 0],[ 1  0  1  0  1 11],0.2,[1 3 3 4 2 0 0 0 3 0 2 0 0 0 0 0 0 0 0 0 0 0 0 0 0],False,"tf.Tensor(
[[ 2.4672022  4.0983887  1.1221629  2.8065655  5.3530016 17.537378
  14.380802  16.732353  16.045282  14.825006  16.99059   16.158184
  16.664877  18.185257  15.617313  16.370905  19.078314  15.910067 ]], shape=(1, 18), dtype=float32)"
520,[1 3 3 4 2 0 0 0 3 0 2 0 0 0 0 0 0 0 0 0 0 0 0 0 0],"tf.Tensor([ 2.5836716  2.6850832  1.2492079  2.3149414  3.6329374 10.       ], shape=(6,), dtype=float32)",0.0,[2 1 0 0 0 0 0 3 1 3 5 2 0 0 0 0 0 0 0 0 0 0 0 0 0],False,"tf.Tensor(
[[ 2.5836716  2.6850832  1.2492079  2.3149414  3.6329374 16.663187
  14.60258   17.075087  15.973514  16.640379  17.56199   17.008204
  17.814287  17.149063  16.131104  18.68128   17.683777  17.824522 ]], shape=(1, 18), dtype=float32)"
521,[2 1 0 0 0 0 0 3 1 3 5 2 0 0 0 0 0 0 0 0 0 0 0 0 0],"tf.Tensor([ 2.3994403   3.479695    0.85624427  1.7525095   4.142337   11.        ], shape=(6,), dtype=float32)",0.4,[2 2 5 3 5 2 0 0 0 3 0 0 0 0 0 0 0 0 0 0 0 0 0 0 0],False,"tf.Tensor(
[[ 2.3994403   3.479695    0.85624427  1.7525095   4.142337   15.1488085
  12.775921   13.964642   13.548418   12.325522   13.820774   14.135722
  14.7146845  16.080997   13.246812   14.6659775  16.196655   13.204309  ]], shape=(1, 18), dtype=float32)"
522,[2 2 5 3 5 2 0 0 0 3 0 0 0 0 0 0 0 0 0 0 0 0 0 0 0],[0 0 0 1 0 9],0.0,[2 3 5 3 5 2 0 0 0 4 0 0 0 0 0 0 0 0 0 0 0 0 0 0 0],False,"tf.Tensor(
[[ 3.255467   3.9765394  2.1707478  3.387916   4.3696012 21.077887
  17.835052  22.385256  20.09929   20.944803  22.614168  22.299257
  22.211475  21.62271   20.847883  23.726177  22.644909  23.221003 ]], shape=(1, 18), dtype=float32)"
523,[2 3 5 3 5 2 0 0 0 4 0 0 0 0 0 0 0 0 0 0 0 0 0 0 0],"tf.Tensor([ 3.3619323  4.1462626  2.2162542  3.3892066  4.6842084 10.       ], shape=(6,), dtype=float32)",0.0,[3 1 0 0 0 0 0 5 3 2 5 2 0 0 0 0 0 0 0 0 0 0 0 0 0],False,"tf.Tensor(
[[ 3.3619323  4.1462626  2.2162542  3.3892066  4.6842084 22.48887
  19.196665  23.60196   21.53059   22.242418  23.871992  23.573141
  23.671957  23.024103  22.15205   25.170967  24.069416  24.470556 ]], shape=(1, 18), dtype=float32)"
524,[3 1 0 0 0 0 0 5 3 2 5 2 0 0 0 0 0 0 0 0 0 0 0 0 0],"tf.Tensor([ 2.5612316  3.8516839  0.5449546  2.5746524  5.0485244 11.       ], shape=(6,), dtype=float32)",0.4,[3 2 3 4 2 4 0 0 0 4 0 0 0 0 0 0 0 0 0 0 0 0 0 0 0],False,"tf.Tensor(
[[ 2.5612316  3.8516839  0.5449546  2.5746524  5.0485244 18.761827
  16.252413  17.628561  16.526463  15.235868  17.5275    16.968006
  17.906599  19.730799  16.648857  17.74195   20.028776  16.405886 ]], shape=(1, 18), dtype=float32)"
525,[3 2 3 4 2 4 0 0 0 4 0 0 0 0 0 0 0 0 0 0 0 0 0 0 0],"tf.Tensor([ 3.0579019  3.463473   1.6159341  2.8691058  3.7981563 10.       ], shape=(6,), dtype=float32)",0.1,[3 3 3 4 2 4 4 0 0 0 0 0 0 0 0 0 0 0 0 0 0 0 0 0 0],False,"tf.Tensor(
[[ 3.0579019  3.463473   1.6159341  2.8691058  3.7981563 19.479076
  16.553362  20.405397  18.372818  19.04014   20.342808  20.175539
  20.465784  19.801926  18.99719   21.587172  20.55464   21.076096 ]], shape=(1, 18), dtype=float32)"
526,[3 3 3 4 2 4 4 0 0 0 0 0 0 0 0 0 0 0 0 0 0 0 0 0 0],[0 0 1 0 0 8],0.0,[4 1 0 0 0 0 0 3 4 4 2 4 0 0 0 0 0 0 0 0 0 0 0 0 0],False,"tf.Tensor(
[[ 3.1165776  3.251416   1.6529047  3.0916305  3.7443373 19.924782
  16.718035  21.137321  18.509474  19.528332  21.13503   20.582968
  21.059809  19.984138  19.522009  22.07408   20.70338   22.070257 ]], shape=(1, 18), dtype=float32)"
527,[4 1 0 0 0 0 0 3 4 4 2 4 0 0 0 0 0 0 0 0 0 0 0 0 0],"tf.Tensor([2.8604403  3.5966861  0.62177604 2.319966   3.9911351  8.        ], shape=(6,), dtype=float32)",0.4,[4 2 3 3 6 6 0 0 0 6 0 0 0 0 0 0 0 0 0 0 0 0 0 0 0],False,"tf.Tensor(
[[ 2.8604403   3.5966861   0.62177604  2.319966    3.9911351  16.299414
  14.39606    16.18806    13.825914   14.061968   15.899745   15.711244
  17.060196   18.5171     14.856014   17.328897   17.378794   15.50658   ]], shape=(1, 18), dtype=float32)"
528,[4 2 3 3 6 6 0 0 0 6 0 0 0 0 0 0 0 0 0 0 0 0 0 0 0],"tf.Tensor([ 3.9258752  4.744493   2.0653937  3.9760902  5.0250063 10.       ], shape=(6,), dtype=float32)",0.1,[4 3 3 3 6 6 6 0 0 0 0 0 0 0 0 0 0 0 0 0 0 0 0 0 0],False,"tf.Tensor(
[[ 3.9258752  4.744493   2.0653937  3.9760902  5.0250063 26.28601
  22.183388  27.616516  24.450726  25.145918  27.567518  27.447954
  27.30859   26.640966  25.57916   29.2123    27.596533  28.812353 ]], shape=(1, 18), dtype=float32)"
529,[4 3 3 3 6 6 6 0 0 0 0 0 0 0 0 0 0 0 0 0 0 0 0 0 0],"tf.Tensor([ 3.9497023  4.701743   2.4134119  4.649496   4.6834383 12.       ], shape=(6,), dtype=float32)",48.0,[5 1 0 0 0 0 0 3 3 2 6 6 0 0 0 0 0 0 0 0 0 0 0 0 24],False,"tf.Tensor(
[[ 3.9497023  4.701743   2.4134119  4.649496   4.6834383 27.117908
  22.543447  29.427303  25.111443  26.751297  29.414192  28.384516
  28.680313  27.311876  27.09923   30.159904  28.529486  30.628405 ]], shape=(1, 18), dtype=float32)"
530,[5 1 0 0 0 0 0 3 3 2 6 6 0 0 0 0 0 0 0 0 0 0 0 0 24],"tf.Tensor([ 2.1597967  3.2094684  2.302131   1.5713025  1.6127241 11.       ], shape=(6,), dtype=float32)",0.5,[5 2 2 5 4 6 5 0 0 0 0 0 0 0 0 0 0 0 0 0 0 0 0 0 24],False,"tf.Tensor(
[[ 2.1597967  3.2094684  2.302131   1.5713025  1.6127241 32.902664
  31.81888   33.120506  32.072872  31.268482  32.118423  32.324406
  32.346256  32.8797    31.657272  32.996326  34.36055   30.108187 ]], shape=(1, 18), dtype=float32)"
531,[5 2 2 5 4 6 5 0 0 0 0 0 0 0 0 0 0 0 0 0 0 0 0 0 24],"tf.Tensor([1.3336409 2.4738367 1.8678783 2.086646  1.74359   0.       ], shape=(6,), dtype=float32)",0.0,[5 3 2 5 4 6 5 0 0 0 0 0 0 0 0 0 0 0 0 0 0 0 0 0 24],False,"tf.Tensor(
[[ 1.3336409  2.4738367  1.8678783  2.086646   1.74359   39.94963
  37.857544  38.86722   39.711395  38.767166  39.8278    37.829124
  36.900032  39.755913  38.519302  38.69628   39.050964  39.22505  ]], shape=(1, 18), dtype=float32)"
532,[5 3 2 5 4 6 5 0 0 0 0 0 0 0 0 0 0 0 0 0 0 0 0 0 24],[ 1  1  1  1  1 10],0.0,[6 1 0 0 0 0 0 2 5 4 6 5 0 0 0 0 0 0 0 0 0 0 0 0 24],False,"tf.Tensor(
[[ 1.2952286  2.3757756  1.8539298  2.0499494  1.7549609 40.412025
  38.454166  39.437527  40.195076  39.40305   40.414627  38.411804
  37.568787  40.212925  39.145233  39.27327   39.53346   39.75004  ]], shape=(1, 18), dtype=float32)"
533,[6 1 0 0 0 0 0 2 5 4 6 5 0 0 0 0 0 0 0 0 0 0 0 0 24],"tf.Tensor([ 2.0759115  3.2257893  1.8124801  1.6554424  1.6800028 11.       ], shape=(6,), dtype=float32)",0.5,[6 2 3 2 2 2 2 0 0 0 0 0 0 0 0 0 0 0 0 0 0 0 0 0 24],False,"tf.Tensor(
[[ 2.0759115  3.2257893  1.8124801  1.6554424  1.6800028 34.055134
  33.034286  34.119453  32.885242  32.35019   33.28963   33.639248
  33.421486  34.218285  32.605785  34.58925   35.12454   31.492373 ]], shape=(1, 18), dtype=float32)"
534,[6 2 3 2 2 2 2 0 0 0 0 0 0 0 0 0 0 0 0 0 0 0 0 0 24],"tf.Tensor([1.1282922 1.8085958 1.440937  1.3645283 0.8196837 3.       ], shape=(6,), dtype=float32)",0.0,[6 3 3 2 2 2 2 0 0 0 0 0 0 0 0 0 0 0 0 0 0 0 0 0 24],False,"tf.Tensor(
[[ 1.1282922  1.8085958  1.440937   1.3645283  0.8196837 31.819689
  30.762493  31.787487  32.19763   31.673033  31.88978   31.430105
  29.235107  31.122746  31.01804   31.491615  31.668098  31.077637 ]], shape=(1, 18), dtype=float32)"
535,[6 3 3 2 2 2 2 0 0 0 0 0 0 0 0 0 0 0 0 0 0 0 0 0 24],"tf.Tensor([1.0014111 1.718177  1.4782151 1.3253952 0.8657818 3.       ], shape=(6,), dtype=float32)",0.0,[7 1 0 0 0 0 0 3 2 2 2 2 0 0 0 0 0 0 0 0 0 0 0 0 24],False,"tf.Tensor(
[[ 1.0014111  1.718177   1.4782151  1.3253952  0.8657818 32.397472
  31.466509  32.276806  32.792473  32.2984    32.499268  31.934408
  29.967789  31.688805  31.71547   32.09794   32.178383  31.718893 ]], shape=(1, 18), dtype=float32)"
536,[7 1 0 0 0 0 0 3 2 2 2 2 0 0 0 0 0 0 0 0 0 0 0 0 24],[ 0  1  1  1  1 11],0.4,[7 2 4 3 5 2 0 4 0 0 0 0 0 0 0 0 0 0 0 0 0 0 0 0 24],False,"tf.Tensor(
[[ 1.7520074   2.083598    1.3449688   1.2753377   0.35677233 29.847258
  28.829622   30.442812   29.205257   28.814808   29.47489    30.033535
  28.209068   29.008327   28.867512   29.996218   30.631052   27.980087  ]], shape=(1, 18), dtype=float32)"
537,[7 2 4 3 5 2 0 4 0 0 0 0 0 0 0 0 0 0 0 0 0 0 0 0 24],"tf.Tensor([0.6805614 1.7474366 1.9195806 1.8670343 1.129063  5.       ], shape=(6,), dtype=float32)",0.0,[7 3 4 3 5 2 0 4 0 0 0 0 0 0 0 0 0 0 0 0 0 0 0 0 24],False,"tf.Tensor(
[[ 0.6805614  1.7474366  1.9195806  1.8670343  1.129063  36.242554
  35.04249   36.236713  36.417786  36.568306  36.855488  35.683544
  34.005398  35.74686   36.2273    35.740463  36.369602  36.036263 ]], shape=(1, 18), dtype=float32)"
538,[7 3 4 3 5 2 0 4 0 0 0 0 0 0 0 0 0 0 0 0 0 0 0 0 24],[0 1 1 1 0 9],60.0,[8 1 0 0 0 0 0 6 4 3 5 2 0 0 0 0 0 0 0 0 0 30 0 0 24],False,"tf.Tensor(
[[ 0.5691143  1.6562936  1.9499406  1.8285152  1.1716422 36.805504
  35.728336  36.741367  36.999653  37.19585   37.46297   36.20166
  34.72827   36.3002    36.912796  36.341763  36.879353  36.664024 ]], shape=(1, 18), dtype=float32)"
539,[8 1 0 0 0 0 0 6 4 3 5 2 0 0 0 0 0 0 0 0 0 30 0 0 24],[1 0 0 0 1 1],0.2,[8 2 5 1 0 0 0 0 3 1 1 0 0 0 0 0 0 0 0 0 0 30 0 0 24],False,"tf.Tensor(
[[ 1.2120432   2.0278418   0.46654004  0.35017988  1.6142153  18.021162
  16.732992   16.94998    18.354094   17.908388   15.942466   14.959566
  15.117888   18.200151   14.724698   15.337359   16.47976    16.9189    ]], shape=(1, 18), dtype=float32)"
540,[8 2 5 1 0 0 0 0 3 1 1 0 0 0 0 0 0 0 0 0 0 30 0 0 24],"tf.Tensor([ 1.194689    0.57275873  1.0543149  -0.6428796  -0.36931702  3.        ], shape=(6,), dtype=float32)",0.1,[8 3 5 1 1 0 0 0 6 0 5 0 0 0 0 0 0 0 0 0 0 30 0 0 24],False,"tf.Tensor(
[[ 1.194689    0.57275873  1.0543149  -0.6428796  -0.36931702 14.970519
  14.028821   15.087222   15.889969   15.354842   12.667389   12.4574175
  11.549566   14.929424   11.937056   11.982208   12.54758    14.509298  ]], shape=(1, 18), dtype=float32)"
541,[8 3 5 1 1 0 0 0 6 0 5 0 0 0 0 0 0 0 0 0 0 30 0 0 24],"tf.Tensor([ 1.0982264   0.6807094   0.17725788 -0.22616664  0.40329435  8.        ], shape=(6,), dtype=float32)",0.0,[9 1 0 0 0 0 0 5 2 1 1 1 0 0 0 0 0 0 0 0 0 30 0 0 24],False,"tf.Tensor(
[[ 1.0982264   0.6807094   0.17725788 -0.22616664  0.40329435 17.347116
  16.416811   16.583786   17.379524   17.07458    15.210938   14.512169
  14.087968   17.67676    13.787498   14.781189   14.62414    16.314798  ]], shape=(1, 18), dtype=float32)"
542,[9 1 0 0 0 0 0 5 2 1 1 1 0 0 0 0 0 0 0 0 0 30 0 0 24],"tf.Tensor([ 1.5758299   1.2697093   1.0744532  -0.12185559  0.22552076  4.        ], shape=(6,), dtype=float32)",0.30000000000000004,[9 2 1 3 6 0 0 0 0 0 1 6 0 0 0 0 0 0 0 0 0 30 0 0 24],False,"tf.Tensor(
[[ 1.5758299   1.2697093   1.0744532  -0.12185559  0.22552076 14.019031
  13.11007    14.656098   14.763774   14.788956   12.061451   11.485238
  11.303767   14.277622   11.141117   11.259329   12.217956   14.691836  ]], shape=(1, 18), dtype=float32)"
543,[9 2 1 3 6 0 0 0 0 0 1 6 0 0 0 0 0 0 0 0 0 30 0 0 24],"tf.Tensor([ 0.8558242   0.84473866 -0.08942099 -0.6973715   0.9911463   4.        ], shape=(6,), dtype=float32)",0.1,[9 3 1 3 6 6 0 0 0 0 5 0 0 0 0 0 0 0 0 0 0 30 0 0 24],False,"tf.Tensor(
[[ 0.8558242   0.84473866 -0.08942099 -0.6973715   0.9911463  16.262089
  15.834548   16.961014   18.063961   18.065525   16.690495   15.338406
  14.934826   17.703226   14.923972   15.221132   14.858976   15.92897   ]], shape=(1, 18), dtype=float32)"
544,[9 3 1 3 6 6 0 0 0 0 5 0 0 0 0 0 0 0 0 0 0 30 0 0 24],"tf.Tensor([-0.01613039 -0.16323878 -0.32078224 -0.2700688   0.28132978  4.        ], shape=(6,), dtype=float32)",0.0,[10 1 0 0 0 0 0 1 3 6 6 6 0 0 0 0 0 0 0 0 0 30 0 0 24],False,"tf.Tensor(
[[-1.6130388e-02 -1.6323878e-01 -3.2078224e-01 -2.7006879e-01
   2.8132978e-01  1.8178606e+01  1.7682852e+01  1.8940319e+01
   1.8946297e+01  1.9926117e+01  1.8619656e+01  1.7209507e+01
   1.6634350e+01  1.9615089e+01  1.7283684e+01  1.6909534e+01
   1.5925187e+01  1.9076910e+01]], shape=(1, 18), dtype=float32)"
545,[10 1 0 0 0 0 0 1 3 6 6 6 0 0 0 0 0 0 0 0 0 30 0 0 24],"tf.Tensor([ 1.3474648   1.8683459   0.5475132  -0.53539646  1.4454185   3.        ], shape=(6,), dtype=float32)",0.30000000000000004,[10 2 5 2 3 0 0 0 0 4 6 0 0 0 0 0 0 0 0 0 0 30 0 0 24],False,"tf.Tensor(
[[ 1.3474648   1.8683459   0.5475132  -0.53539646  1.4454185  19.662493
  18.512665   18.171146   21.001375   19.797445   17.836853   17.712664
  16.917446   20.573858   16.58188    17.761612   18.37655    17.527035  ]], shape=(1, 18), dtype=float32)"
546,[10 2 5 2 3 0 0 0 0 4 6 0 0 0 0 0 0 0 0 0 0 30 0 0 24],"tf.Tensor([ 0.62148535  0.4597202   0.36148977 -0.92442     0.21714559  3.        ], shape=(6,), dtype=float32)",0.0,[10 3 5 2 3 0 0 0 0 6 1 0 0 0 0 0 0 0 0 0 0 30 0 0 24],False,"tf.Tensor(
[[ 0.62148535  0.4597202   0.36148977 -0.92442     0.21714559 20.015024
  18.40411    18.887861   20.979134   20.459309   17.76896    18.005304
  16.550095   19.659428   17.005922   17.253347   17.600834   18.4819    ]], shape=(1, 18), dtype=float32)"
547,[10 3 5 2 3 0 0 0 0 6 1 0 0 0 0 0 0 0 0 0 0 30 0 0 24],"tf.Tensor([ 0.10940325  0.03540765  0.31844163 -1.2960433  -0.0362533   3.        ], shape=(6,), dtype=float32)",0.0,[11 1 0 0 0 0 0 5 2 1 2 3 0 0 0 0 0 0 0 0 0 30 0 0 24],False,"tf.Tensor(
[[ 0.10940325  0.03540765  0.31844163 -1.2960433  -0.0362533  19.813606
  18.40093    18.480068   21.150137   20.547636   17.577013   17.990248
  16.291515   19.172606   17.342415   16.93965    17.261934   18.050674  ]], shape=(1, 18), dtype=float32)"
548,[11 1 0 0 0 0 0 5 2 1 2 3 0 0 0 0 0 0 0 0 0 30 0 0 24],"tf.Tensor([ 1.3633543   0.96923375  0.70262283 -0.18204269  0.43088683  4.        ], shape=(6,), dtype=float32)",0.2,[11 2 4 2 0 0 0 0 0 5 2 3 0 0 0 0 0 0 0 0 0 30 0 0 24],False,"tf.Tensor(
[[ 1.3633543   0.96923375  0.70262283 -0.18204269  0.43088683 15.380926
  14.493258   15.635428   15.970605   16.142717   13.575579   12.858571
  12.952893   15.812901   12.579278   12.902067   13.378677   15.865215  ]], shape=(1, 18), dtype=float32)"
549,[11 2 4 2 0 0 0 0 0 5 2 3 0 0 0 0 0 0 0 0 0 30 0 0 24],"tf.Tensor([ 0.33732706  0.3593201   0.54098916 -1.353587   -0.16403374  3.        ], shape=(6,), dtype=float32)",0.0,[11 3 4 2 0 0 0 0 0 5 3 4 0 0 0 0 0 0 0 0 0 30 0 0 24],False,"tf.Tensor(
[[ 0.33732706  0.3593201   0.54098916 -1.353587   -0.16403374 18.941204
  17.495401   17.764105   20.577803   19.516016   16.604668   16.867727
  15.188731   18.111656   15.998081   15.938254   16.646154   16.993866  ]], shape=(1, 18), dtype=float32)"
550,[11 3 4 2 0 0 0 0 0 5 3 4 0 0 0 0 0 0 0 0 0 30 0 0 24],"tf.Tensor([ 0.38349283  0.46410614  0.39250362 -1.2974269   0.17250815  3.        ], shape=(6,), dtype=float32)",8.0,[12 1 0 0 0 0 0 4 2 5 4 1 0 0 0 4 0 0 0 0 0 30 0 0 24],False,"tf.Tensor(
[[ 0.38349283  0.46410614  0.39250362 -1.2974269   0.17250815 19.67759
  18.319014   18.32385    21.367287   20.300282   17.543556   17.559475
  16.1978     19.063494   16.87442    16.830732   17.475555   17.568806  ]], shape=(1, 18), dtype=float32)"
551,[12 1 0 0 0 0 0 4 2 5 4 1 0 0 0 4 0 0 0 0 0 30 0 0 24],"tf.Tensor(
[ 1.0926162e+00  5.5180997e-01  3.3557075e-01 -6.1982894e-01
 -2.9137433e-03  3.0000000e+00], shape=(6,), dtype=float32)",0.1,[12 2 5 0 0 0 0 0 2 4 5 5 0 0 0 4 0 0 0 0 0 30 0 0 24],False,"tf.Tensor(
[[ 1.0926162e+00  5.5180997e-01  3.3557075e-01 -6.1982894e-01
  -2.9137433e-03  1.7385593e+01  1.5845518e+01  1.6870533e+01
   1.7969370e+01  1.7707020e+01  1.4634864e+01  1.4893523e+01
   1.3678440e+01  1.6897846e+01  1.4053363e+01  1.4605846e+01
   1.4564257e+01  1.7420084e+01]], shape=(1, 18), dtype=float32)"
552,[12 2 5 0 0 0 0 0 2 4 5 5 0 0 0 4 0 0 0 0 0 30 0 0 24],"tf.Tensor([ 0.36597294  0.33100557  0.23062523 -0.97641873  0.13954714  3.        ], shape=(6,), dtype=float32)",0.0,[12 3 5 0 0 0 0 0 2 5 6 5 0 0 0 4 0 0 0 0 0 30 0 0 24],False,"tf.Tensor(
[[ 0.36597294  0.33100557  0.23062523 -0.97641873  0.13954714 18.658697
  17.195982   17.616774   19.783472   19.620861   16.739388   16.397547
  15.592806   18.389015   16.07497    16.202368   16.12632    17.496452  ]], shape=(1, 18), dtype=float32)"
553,[12 3 5 0 0 0 0 0 2 5 6 5 0 0 0 4 0 0 0 0 0 30 0 0 24],"tf.Tensor([ 0.35827076  0.40540227  0.20332554 -1.1438704   0.45208004  3.        ], shape=(6,), dtype=float32)",-8.0,[13 1 0 0 0 0 0 5 2 3 3 5 0 0 0 0 0 0 0 0 0 30 0 0 24],False,"tf.Tensor(
[[ 0.35827076  0.40540227  0.20332554 -1.1438704   0.45208004 19.965673
  18.403755   18.349045   21.199787   20.768047   17.911318   17.699799
  16.909584   19.721783   17.312782   17.554714   17.3552     18.394812  ]], shape=(1, 18), dtype=float32)"
554,[13 1 0 0 0 0 0 5 2 3 3 5 0 0 0 0 0 0 0 0 0 30 0 0 24],"tf.Tensor([ 0.8939891   0.6867636   0.22741173 -0.2932681   0.7474153   4.        ], shape=(6,), dtype=float32)",0.0,[13 2 0 0 0 0 0 5 4 6 1 3 0 0 0 0 0 0 0 0 0 30 0 0 24],False,"tf.Tensor(
[[ 0.8939891   0.6867636   0.22741173 -0.2932681   0.7474153  18.12136
  16.979752   17.39198    18.58147    18.652378   16.306402   15.493733
  15.616091   18.302832   15.18107    15.826609   15.804043   17.720217  ]], shape=(1, 18), dtype=float32)"
555,[13 2 0 0 0 0 0 5 4 6 1 3 0 0 0 0 0 0 0 0 0 30 0 0 24],"tf.Tensor([ 0.26001722  0.04821758 -0.2104782  -0.4396673   0.6514443   3.        ], shape=(6,), dtype=float32)",0.0,[13 3 0 0 0 0 0 1 5 5 2 3 0 0 0 0 0 0 0 0 0 30 0 0 24],False,"tf.Tensor(
[[ 0.26001722  0.04821758 -0.2104782  -0.4396673   0.6514443  20.037994
  18.653875   18.23293    20.136316   20.05826    17.658913   17.081823
  16.888275   19.685898   16.83368    17.6558     16.841108   18.901564  ]], shape=(1, 18), dtype=float32)"
556,[13 3 0 0 0 0 0 1 5 5 2 3 0 0 0 0 0 0 0 0 0 30 0 0 24],"tf.Tensor([ 0.30254918 -0.0559067  -0.27614456 -1.0468041   0.3909608   3.        ], shape=(6,), dtype=float32)",0.0,[14 1 0 0 0 0 0 4 6 2 5 6 0 0 0 0 0 0 0 0 0 30 0 0 24],True,"tf.Tensor(
[[ 0.30254918 -0.0559067  -0.27614456 -1.0468041   0.3909608  19.210436
  18.198694   17.639284   19.83412    19.403915   16.809393   16.658503
  15.828789   19.030754   16.035196   16.801441   15.828667   18.00325   ]], shape=(1, 18), dtype=float32)"
557,[1 1 0 0 0 0 0 4 6 2 1 6 0 0 0 0 0 0 0 0 0 0 0 0 0],"tf.Tensor([ 3.4001603  4.4912925  1.212887   3.1093526  5.288241  11.       ], shape=(6,), dtype=float32)",0.5,[1 2 4 6 2 1 6 0 0 0 0 0 0 0 0 0 0 0 0 0 0 0 0 0 0],False,"tf.Tensor(
[[ 3.4001603  4.4912925  1.212887   3.1093526  5.288241  18.653759
  15.827069  18.597775  16.72275   16.355217  18.663662  17.493193
  19.167665  20.02525   17.132828  19.39111   20.13398   17.848047 ]], shape=(1, 18), dtype=float32)"
558,[1 2 4 6 2 1 6 0 0 0 0 0 0 0 0 0 0 0 0 0 0 0 0 0 0],"tf.Tensor([ 3.5409849  3.8669627  1.96263    3.2926984  4.291917  10.       ], shape=(6,), dtype=float32)",0.0,[1 3 4 6 2 1 6 0 0 0 0 0 0 0 0 0 0 0 0 0 0 0 0 0 0],False,"tf.Tensor(
[[ 3.5409849  3.8669627  1.96263    3.2926984  4.291917  20.698328
  16.970535  21.629253  19.382204  20.612082  21.842985  21.165579
  22.215256  21.13501   20.367487  23.082617  21.780384  22.63927  ]], shape=(1, 18), dtype=float32)"
559,[1 3 4 6 2 1 6 0 0 0 0 0 0 0 0 0 0 0 0 0 0 0 0 0 0],"tf.Tensor([ 3.5794516  3.831887   1.9577404  3.2808795  4.370626  10.       ], shape=(6,), dtype=float32)",0.0,[2 1 0 0 0 0 0 4 6 2 1 6 0 0 0 0 0 0 0 0 0 0 0 0 0],False,"tf.Tensor(
[[ 3.5794516  3.831887   1.9577404  3.2808795  4.370626  21.346258
  17.640383  22.193632  20.059824  21.226517  22.478115  21.777956
  22.858492  21.741886  20.951603  23.734903  22.368666  23.265926 ]], shape=(1, 18), dtype=float32)"
560,[2 1 0 0 0 0 0 4 6 2 1 6 0 0 0 0 0 0 0 0 0 0 0 0 0],"tf.Tensor([3.3604226 4.3545675 1.0909753 3.0131721 5.133409  8.       ], shape=(6,), dtype=float32)",0.5,[2 2 2 6 4 3 5 0 0 0 0 0 0 0 0 0 0 0 0 0 0 0 0 0 0],False,"tf.Tensor(
[[ 3.3604226  4.3545675  1.0909753  3.0131721  5.133409  18.480062
  15.809857  18.489353  16.420835  16.176222  18.429228  17.258703
  19.024124  19.983236  16.971952  19.237663  19.876167  17.559267 ]], shape=(1, 18), dtype=float32)"
561,[2 2 2 6 4 3 5 0 0 0 0 0 0 0 0 0 0 0 0 0 0 0 0 0 0],"tf.Tensor([ 3.4375238  3.7876165  1.9584311  3.5830505  3.9486783 12.       ], shape=(6,), dtype=float32)",0.0,[2 3 2 6 4 3 5 0 0 0 0 0 0 0 0 0 0 0 0 0 0 0 0 0 0],False,"tf.Tensor(
[[ 3.4375238  3.7876165  1.9584311  3.5830505  3.9486783 22.361439
  18.285366  23.758337  20.818686  22.031273  23.712255  22.965378
  23.48144   22.17305   22.126575  24.691977  23.167894  24.879267 ]], shape=(1, 18), dtype=float32)"
562,[2 3 2 6 4 3 5 0 0 0 0 0 0 0 0 0 0 0 0 0 0 0 0 0 0],"tf.Tensor([ 3.4515996  3.7281795  1.9523598  3.55489    3.9956973 12.       ], shape=(6,), dtype=float32)",40.0,[3 1 0 0 0 0 0 2 6 4 3 5 0 0 0 0 0 0 0 0 0 0 0 0 20],False,"tf.Tensor(
[[ 3.4515996  3.7281795  1.9523598  3.55489    3.9956973 22.965544
  18.955536  24.320385  21.455366  22.647865  24.317852  23.578321
  24.093271  22.703165  22.713993  25.33187   23.7138    25.466244 ]], shape=(1, 18), dtype=float32)"
563,[3 1 0 0 0 0 0 2 6 4 3 5 0 0 0 0 0 0 0 0 0 0 0 0 20],"tf.Tensor([ 1.902732   3.0209792  1.757149   1.6530877  2.214143  11.       ], shape=(6,), dtype=float32)",0.5,[3 2 4 5 2 5 3 0 0 0 0 0 0 0 0 0 0 0 0 0 0 0 0 0 20],False,"tf.Tensor(
[[ 1.902732   3.0209792  1.757149   1.6530877  2.214143  29.099735
  28.475082  28.848974  27.942472  27.564892  28.369452  27.9426
  29.238813  29.874567  27.828192  29.693077  30.100925  26.858776 ]], shape=(1, 18), dtype=float32)"
564,[3 2 4 5 2 5 3 0 0 0 0 0 0 0 0 0 0 0 0 0 0 0 0 0 20],"tf.Tensor([1.180358  2.409306  2.0910456 1.7755817 2.2541807 3.       ], shape=(6,), dtype=float32)",0.0,[3 3 4 5 2 5 3 0 0 0 0 0 0 0 0 0 0 0 0 0 0 0 0 0 20],False,"tf.Tensor(
[[ 1.180358   2.409306   2.0910456  1.7755817  2.2541807 34.25119
  32.61829   33.5312    34.63369   34.061623  34.25095   32.782803
  32.409813  34.21731   33.49896   33.30341   34.33965   33.595974 ]], shape=(1, 18), dtype=float32)"
565,[3 3 4 5 2 5 3 0 0 0 0 0 0 0 0 0 0 0 0 0 0 0 0 0 20],"tf.Tensor([1.1370748 2.307519  2.0919325 1.723832  2.2558026 3.       ], shape=(6,), dtype=float32)",8.0,[4 1 0 0 0 0 0 4 5 2 5 3 0 0 0 4 0 0 0 0 0 0 0 0 20],False,"tf.Tensor(
[[ 1.1370748  2.307519   2.0919325  1.723832   2.2558026 34.68256
  33.173824  34.07406   35.11118   34.673714  34.806206  33.332836
  33.041584  34.65744   34.090813  33.835117  34.786793  34.098373 ]], shape=(1, 18), dtype=float32)"
566,[4 1 0 0 0 0 0 4 5 2 5 3 0 0 0 4 0 0 0 0 0 0 0 0 20],"tf.Tensor([ 1.8104249   2.2151752   1.0453151   1.4753684   0.87829906 11.        ], shape=(6,), dtype=float32)",0.4,[4 2 2 2 2 1 0 0 0 0 0 2 0 0 0 4 0 0 0 0 0 0 0 0 20],False,"tf.Tensor(
[[ 1.8104249   2.2151752   1.0453151   1.4753684   0.87829906 26.859518
  25.836552   27.866385   25.37374    26.229057   26.428318   26.90356
  26.95421    26.530914   26.583044   27.404617   28.253372   25.284613  ]], shape=(1, 18), dtype=float32)"
567,[4 2 2 2 2 1 0 0 0 0 0 2 0 0 0 4 0 0 0 0 0 0 0 0 20],"tf.Tensor([ 1.0644674   1.310484    0.87085915  1.0908608  -0.01754266  2.        ], shape=(6,), dtype=float32)",0.0,[4 3 2 2 2 1 0 0 0 0 0 1 0 0 0 4 0 0 0 0 0 0 0 0 20],False,"tf.Tensor(
[[ 1.0644674e+00  1.3104841e+00  8.7085915e-01  1.0908608e+00
  -1.7542660e-02  2.3512573e+01  2.2473848e+01  2.4720610e+01
   2.3711235e+01  2.4554321e+01  2.4039623e+01  2.3974813e+01
   2.2054367e+01  2.2640694e+01  2.3607048e+01  2.3747894e+01
   2.3714033e+01  2.3601641e+01]], shape=(1, 18), dtype=float32)"
568,[4 3 2 2 2 1 0 0 0 0 0 1 0 0 0 4 0 0 0 0 0 0 0 0 20],"tf.Tensor([0.85852855 1.0809364  0.77923954 0.98898965 0.0070315  4.        ], shape=(6,), dtype=float32)",0.0,[5 1 0 0 0 0 0 2 2 2 1 2 0 0 0 4 0 0 0 0 0 0 0 0 20],False,"tf.Tensor(
[[8.5852855e-01 1.0809364e+00 7.7923954e-01 9.8898965e-01 7.0315003e-03
  2.3785564e+01 2.2859661e+01 2.4872068e+01 2.4106298e+01 2.5014675e+01
  2.4300972e+01 2.4229177e+01 2.2265533e+01 2.2779739e+01 2.4011320e+01
  2.3958399e+01 2.3868067e+01 2.4047945e+01]], shape=(1, 18), dtype=float32)"
569,[5 1 0 0 0 0 0 2 2 2 1 2 0 0 0 4 0 0 0 0 0 0 0 0 20],"tf.Tensor([ 1.415874    1.3072221   0.58251643  0.9562461  -0.3050931   2.        ], shape=(6,), dtype=float32)",0.30000000000000004,[5 2 6 5 2 0 0 0 0 2 0 2 0 0 0 4 0 0 0 0 0 0 0 0 20],False,"tf.Tensor(
[[ 1.415874    1.3072221   0.58251643  0.9562461  -0.3050931  22.344175
  21.421656   23.749504   21.687157   22.589449   22.414425   23.126904
  21.465996   21.317839   22.226072   22.886816   23.051151   21.588844  ]], shape=(1, 18), dtype=float32)"
570,[5 2 6 5 2 0 0 0 0 2 0 2 0 0 0 4 0 0 0 0 0 0 0 0 20],"tf.Tensor([0.27325398 1.3409468  1.0646718  0.7435997  1.00986    4.        ], shape=(6,), dtype=float32)",0.2,[5 3 6 5 2 2 2 0 0 0 0 0 0 0 0 4 0 0 0 0 0 0 0 0 20],False,"tf.Tensor(
[[ 0.27325398  1.3409468   1.0646718   0.7435997   1.00986    29.360239
  29.042532   29.790459   29.76532    31.249725   29.571426   29.67478
  29.103369   29.00602    30.39533    29.96442    29.606167   29.209177  ]], shape=(1, 18), dtype=float32)"
571,[5 3 6 5 2 2 2 0 0 0 0 0 0 0 0 4 0 0 0 0 0 0 0 0 20],"tf.Tensor([0.1171705 1.0472002 1.0416108 0.7682331 1.0485003 4.       ], shape=(6,), dtype=float32)",10.0,[6 1 0 0 0 0 0 6 5 4 2 3 0 0 0 4 5 0 0 0 0 0 0 0 20],False,"tf.Tensor(
[[ 0.1171705  1.0472002  1.0416108  0.7682331  1.0485003 31.079004
  30.524809  31.05644   31.599155  32.709057  31.25632   30.8482
  30.268671  30.35519   32.008854  31.112812  30.879892  31.16378  ]], shape=(1, 18), dtype=float32)"
572,[6 1 0 0 0 0 0 6 5 4 2 3 0 0 0 4 5 0 0 0 0 0 0 0 20],[0 1 0 1 0 6],0.2,[6 2 1 6 0 0 0 6 0 5 0 2 0 0 0 4 5 0 0 0 0 0 0 0 20],False,"tf.Tensor(
[[ 1.1934611  1.701844   0.6724392  1.0516555  0.918268  28.200163
  27.562473  28.546635  26.290617  27.523582  27.475262  27.494658
  28.68523   28.229301  28.36371   28.50317   28.896984  26.617876 ]], shape=(1, 18), dtype=float32)"
573,[6 2 1 6 0 0 0 6 0 5 0 2 0 0 0 4 5 0 0 0 0 0 0 0 20],[1 1 1 0 1 7],0.30000000000000004,[6 3 1 6 6 5 2 0 0 0 0 0 0 0 0 4 5 0 0 0 0 0 0 0 20],False,"tf.Tensor(
[[ 0.7103527   1.6155326   0.7701658   0.63064903  1.0302145  30.725754
  29.886019   30.65738    29.338854   30.966787   29.669153   29.636454
  30.986898   30.684807   31.350739   30.525574   30.896471   29.516394  ]], shape=(1, 18), dtype=float32)"
574,[6 3 1 6 6 5 2 0 0 0 0 0 0 0 0 4 5 0 0 0 0 0 0 0 20],"tf.Tensor([ 0.6612504  0.9845384  0.6874732  1.5273389  0.7227494 12.       ], shape=(6,), dtype=float32)",0.0,[7 1 0 0 0 0 0 3 1 1 6 5 0 0 0 4 5 0 0 0 0 0 0 0 20],False,"tf.Tensor(
[[ 0.6612504  0.9845384  0.6874732  1.5273389  0.7227494 34.575256
  32.595726  34.45336   34.064106  34.709663  34.948277  33.136272
  32.503185  34.034714  34.36292   34.03613   32.790924  35.910217 ]], shape=(1, 18), dtype=float32)"
575,[7 1 0 0 0 0 0 3 1 1 6 5 0 0 0 4 5 0 0 0 0 0 0 0 20],"tf.Tensor([1.3924159  1.8524678  0.9664936  0.6986771  0.15997869 2.        ], shape=(6,), dtype=float32)",0.30000000000000004,[7 2 2 1 2 0 0 0 0 0 3 4 0 0 0 4 5 0 0 0 0 0 0 0 20],False,"tf.Tensor(
[[ 1.3924159   1.8524678   0.9664936   0.6986771   0.15997869 25.984634
  24.93591    26.846891   25.026117   25.390882   25.435263   26.18667
  25.368914   25.353443   25.728142   25.825268   26.769281   24.228642  ]], shape=(1, 18), dtype=float32)"
576,[7 2 2 1 2 0 0 0 0 0 3 4 0 0 0 4 5 0 0 0 0 0 0 0 20],"tf.Tensor([0.9213975  1.3586419  0.5379003  0.62685674 0.02280241 2.        ], shape=(6,), dtype=float32)",0.0,[7 3 2 1 2 0 0 0 0 0 5 4 0 0 0 4 5 0 0 0 0 0 0 0 20],False,"tf.Tensor(
[[9.2139751e-01 1.3586419e+00 5.3790033e-01 6.2685674e-01 2.2802413e-02
  2.4965195e+01 2.4090111e+01 2.5814436e+01 2.4989305e+01 2.5489319e+01
  2.5155489e+01 2.5240871e+01 2.3468985e+01 2.4271402e+01 2.4825182e+01
  2.4998159e+01 2.4831402e+01 2.4458895e+01]], shape=(1, 18), dtype=float32)"
577,[7 3 2 1 2 0 0 0 0 0 5 4 0 0 0 4 5 0 0 0 0 0 0 0 20],"tf.Tensor([0.8831989  1.6165609  0.62678254 0.6986005  0.3062145  2.        ], shape=(6,), dtype=float32)",0.0,[8 1 0 0 0 0 0 2 1 2 6 1 0 0 0 4 5 0 0 0 0 0 0 0 20],False,"tf.Tensor(
[[ 0.8831989   1.6165609   0.62678254  0.6986005   0.3062145  26.642803
  25.711988   27.300312   26.527382   26.892414   26.693417   26.784193
  25.33349    25.949587   26.484024   26.667551   26.634054   25.976965  ]], shape=(1, 18), dtype=float32)"
578,[8 1 0 0 0 0 0 2 1 2 6 1 0 0 0 4 5 0 0 0 0 0 0 0 20],"tf.Tensor([ 1.0110533   1.2551584   0.1938366   0.36651295 -0.22291654  2.        ], shape=(6,), dtype=float32)",0.2,[8 2 6 6 0 0 0 0 0 3 3 6 0 0 0 4 5 0 0 0 0 0 0 0 20],False,"tf.Tensor(
[[ 1.0110533   1.2551584   0.1938366   0.36651295 -0.22291654 25.027117
  23.858068   25.811615   24.44032    24.902086   24.464083   25.67839
  23.556772   23.762844   24.71842    24.865185   25.315453   23.936026  ]], shape=(1, 18), dtype=float32)"
579,[8 2 6 6 0 0 0 0 0 3 3 6 0 0 0 4 5 0 0 0 0 0 0 0 20],"tf.Tensor([0.5501366  1.7248907  0.75450087 0.46820575 1.2965906  4.        ], shape=(6,), dtype=float32)",0.1,[8 3 6 6 6 0 0 0 0 1 5 0 0 0 0 4 5 0 0 0 0 0 0 0 20],False,"tf.Tensor(
[[ 0.5501366   1.7248907   0.75450087  0.46820575  1.2965906  32.072014
  32.14251    32.522266   31.524567   33.147      31.893719   32.231262
  32.75455    32.582726   32.796116   32.98453    32.229008   31.072042  ]], shape=(1, 18), dtype=float32)"
580,[8 3 6 6 6 0 0 0 0 1 5 0 0 0 0 4 5 0 0 0 0 0 0 0 20],"tf.Tensor([0.08679244 1.2295995  0.14952847 0.83169323 1.4772415  4.        ], shape=(6,), dtype=float32)",-10.0,[9 1 0 0 0 0 0 6 6 4 2 5 0 0 0 4 0 0 0 0 0 0 0 0 20],False,"tf.Tensor(
[[ 0.08679244  1.2295995   0.14952847  0.83169323  1.4772415  36.604
  35.47756    36.341312   36.67654    38.015373   36.654278   36.286728
  35.455376   35.976955   37.258846   36.72739    35.918167   36.962326  ]], shape=(1, 18), dtype=float32)"
581,[9 1 0 0 0 0 0 6 6 4 2 5 0 0 0 4 0 0 0 0 0 0 0 0 20],[0 0 0 1 1 4],0.2,[9 2 6 3 0 0 0 2 2 1 0 0 0 0 0 4 0 0 0 0 0 0 0 0 20],False,"tf.Tensor(
[[ 1.0047482   1.2498721   0.52537096  1.1439916   0.32539052 29.031538
  28.962328   29.728529   26.548248   28.085548   28.649315   29.069147
  29.610748   29.17249    29.13263    30.007288   29.487646   27.660135  ]], shape=(1, 18), dtype=float32)"
582,[9 2 6 3 0 0 0 2 2 1 0 0 0 0 0 4 0 0 0 0 0 0 0 0 20],"tf.Tensor([0.09015028 0.11615507 0.08861724 0.1358761  0.35939008 4.        ], shape=(6,), dtype=float32)",0.0,[9 3 6 3 0 0 0 5 2 5 0 0 0 0 0 4 0 0 0 0 0 0 0 0 20],False,"tf.Tensor(
[[ 0.09015028  0.11615507  0.08861724  0.1358761   0.35939008 27.334814
  27.446556   27.9162     27.62429    29.271181   27.382055   28.149565
  26.545431   26.198448   28.238628   27.893465   27.301468   27.296932  ]], shape=(1, 18), dtype=float32)"
583,[9 3 6 3 0 0 0 5 2 5 0 0 0 0 0 4 0 0 0 0 0 0 0 0 20],"tf.Tensor([-0.36780947  0.25302035  0.48440066  0.43484837  0.9552091   9.        ], shape=(6,), dtype=float32)",0.0,[10 1 0 0 0 0 0 1 1 1 6 3 0 0 0 4 0 0 0 0 0 0 0 0 20],False,"tf.Tensor(
[[-0.36780947  0.25302035  0.48440066  0.43484837  0.9552091  31.7095
  32.272926   31.718737   30.705025   33.020863   31.365952   31.9838
  32.394314   31.280552   33.27119    32.449936   32.046413   31.233122  ]], shape=(1, 18), dtype=float32)"
584,[10 1 0 0 0 0 0 1 1 1 6 3 0 0 0 4 0 0 0 0 0 0 0 0 20],[ 0  0  0  1  0 12],0.1,[10 2 2 0 0 0 0 3 3 6 0 6 0 0 0 4 0 0 0 0 0 0 0 0 20],False,"tf.Tensor(
[[ 1.2014265   1.1706991   0.21174052  0.6638041  -0.60192794 25.409073
  24.025545   26.456228   24.703255   25.087849   25.14459    26.590622
  23.502937   23.632736   24.767614   25.549128   25.578325   24.52463   ]], shape=(1, 18), dtype=float32)"
585,[10 2 2 0 0 0 0 3 3 6 0 6 0 0 0 4 0 0 0 0 0 0 0 0 20],"tf.Tensor([ 0.32406586  0.7934697   0.698923    0.86802834  0.07678276 10.        ], shape=(6,), dtype=float32)",0.0,[10 3 2 0 0 0 0 1 3 1 0 5 0 0 0 4 0 0 0 0 0 0 0 0 20],False,"tf.Tensor(
[[ 0.32406586  0.7934697   0.698923    0.86802834  0.07678276 28.293541
  28.587824   28.8497     26.333864   28.049957   28.240349   28.85668
  28.79013    28.485962   28.754055   29.410841   28.281305   27.52853   ]], shape=(1, 18), dtype=float32)"
586,[10 3 2 0 0 0 0 1 3 1 0 5 0 0 0 4 0 0 0 0 0 0 0 0 20],"tf.Tensor([ 0.49042207  0.48935312  0.34855607  0.4719469  -0.16757482  2.        ], shape=(6,), dtype=float32)",0.0,[11 1 0 0 0 0 0 3 2 6 2 3 0 0 0 4 0 0 0 0 0 0 0 0 20],False,"tf.Tensor(
[[ 0.49042207  0.48935312  0.34855607  0.4719469  -0.16757482 25.238138
  25.22429    26.196775   24.769936   25.954382   25.61771    26.029316
  24.521137   24.58925    25.466612   25.90001    24.995033   25.03164   ]], shape=(1, 18), dtype=float32)"
587,[11 1 0 0 0 0 0 3 2 6 2 3 0 0 0 4 0 0 0 0 0 0 0 0 20],"tf.Tensor([ 0.45729345  0.45949882  0.11864105  0.58703524 -0.6386083   6.        ], shape=(6,), dtype=float32)",0.0,[11 2 0 0 0 0 0 6 6 1 5 6 0 0 0 4 0 0 0 0 0 0 0 0 20],False,"tf.Tensor(
[[ 0.45729345  0.45949882  0.11864105  0.58703524 -0.6386083  26.829863
  26.443691   27.528458   24.996857   26.551998   26.448526   27.903141
  26.133957   26.003704   26.910866   27.472971   26.595078   26.125143  ]], shape=(1, 18), dtype=float32)"
588,[11 2 0 0 0 0 0 6 6 1 5 6 0 0 0 4 0 0 0 0 0 0 0 0 20],"tf.Tensor([ 0.99078804  1.3595991   0.4340991   0.9417235   0.45163947 10.        ], shape=(6,), dtype=float32)",0.30000000000000004,[11 3 6 6 5 0 0 0 0 5 0 2 0 0 0 4 0 0 0 0 0 0 0 0 20],False,"tf.Tensor(
[[ 0.99078804  1.3595991   0.4340991   0.9417235   0.45163947 30.851685
  30.56658    31.32587    28.523264   29.486282   30.311789   30.662043
  30.916069   30.768677   30.586082   31.408974   31.00033    29.346981  ]], shape=(1, 18), dtype=float32)"
589,[11 3 6 6 5 0 0 0 0 5 0 2 0 0 0 4 0 0 0 0 0 0 0 0 20],[ 1  0  1  1  0 10],0.0,[12 1 0 0 0 0 0 5 6 2 1 3 0 0 0 4 0 0 0 0 0 0 0 0 20],False,"tf.Tensor(
[[-0.26430297  0.42534584  0.1297494   0.2192211   0.93053293 36.606373
  36.59647    36.119595   36.40265    38.163074   36.448555   36.9493
  35.958134   35.89133    37.568832   37.470573   35.5602     36.478153  ]], shape=(1, 18), dtype=float32)"
590,[12 1 0 0 0 0 0 5 6 2 1 3 0 0 0 4 0 0 0 0 0 0 0 0 20],"tf.Tensor([ 0.45615596 -0.08289094 -0.40424106  0.6192927  -0.39564234  2.        ], shape=(6,), dtype=float32)",0.0,[12 2 0 0 0 0 0 5 4 6 6 6 0 0 0 4 0 0 0 0 0 0 0 0 20],False,"tf.Tensor(
[[ 0.45615596 -0.08289094 -0.40424106  0.6192927  -0.39564234 27.15161
  27.185242   27.83987    25.043833   26.812351   26.951605   27.66875
  26.541355   26.557995   27.14327    27.779762   26.574263   26.73094   ]], shape=(1, 18), dtype=float32)"
591,[12 2 0 0 0 0 0 5 4 6 6 6 0 0 0 4 0 0 0 0 0 0 0 0 20],"tf.Tensor([ 0.5913705   1.2810848   0.48622575  1.0238528   0.20969182 10.        ], shape=(6,), dtype=float32)",0.2,[12 3 4 6 0 0 0 1 0 6 0 2 0 0 0 4 0 0 0 0 0 0 0 0 20],False,"tf.Tensor(
[[ 0.5913705   1.2810848   0.48622575  1.0238528   0.20969182 32.425156
  32.25531    32.668213   29.362078   30.803574   31.628334   32.78746
  32.943176   32.38743    32.406277   33.37251    32.557487   30.848019  ]], shape=(1, 18), dtype=float32)"
592,[12 3 4 6 0 0 0 1 0 6 0 2 0 0 0 4 0 0 0 0 0 0 0 0 20],[1 0 1 1 0 4],0.0,[13 1 0 0 0 0 0 3 4 1 6 3 0 0 0 4 0 0 0 0 0 0 0 0 20],False,"tf.Tensor(
[[-0.3608095  -0.10675628 -0.2795101  -0.61522454  0.12991363 31.734276
  32.42453    31.487427   31.287859   33.089382   30.82605    32.23741
  31.37151    30.777895   32.589985   32.486935   30.69955    30.873297  ]], shape=(1, 18), dtype=float32)"
593,[13 1 0 0 0 0 0 3 4 1 6 3 0 0 0 4 0 0 0 0 0 0 0 0 20],"tf.Tensor([ 0.79472786  0.69013876 -0.3530967   0.56957954 -0.41087037  6.        ], shape=(6,), dtype=float32)",0.0,[13 2 0 0 0 0 0 6 1 6 3 4 0 0 0 4 0 0 0 0 0 0 0 0 20],False,"tf.Tensor(
[[ 0.79472786  0.69013876 -0.3530967   0.56957954 -0.41087037 28.145212
  27.328335   28.829237   26.6594     27.49987    27.710598   29.060497
  26.582346   26.714317   27.598425   28.49987    27.8535     27.338491  ]], shape=(1, 18), dtype=float32)"
594,[13 2 0 0 0 0 0 6 1 6 3 4 0 0 0 4 0 0 0 0 0 0 0 0 20],"tf.Tensor([ 0.21517353  0.37114555  0.39958075  0.6225429  -0.5324643   6.        ], shape=(6,), dtype=float32)",0.0,[13 3 0 0 0 0 0 3 1 2 6 3 0 0 0 4 0 0 0 0 0 0 0 0 20],False,"tf.Tensor(
[[ 0.21517353  0.37114555  0.39958075  0.6225429  -0.5324643  29.649952
  29.282557   30.00347    27.262909   28.718317   28.99857    30.415007
  29.098608   28.811325   29.820074   29.868877   29.56396    28.624475  ]], shape=(1, 18), dtype=float32)"
595,[13 3 0 0 0 0 0 3 1 2 6 3 0 0 0 4 0 0 0 0 0 0 0 0 20],"tf.Tensor([ 0.5899984   0.50834614  0.04209569  0.42195624 -0.5303214   6.        ], shape=(6,), dtype=float32)",0.0,[14 1 0 0 0 0 0 6 2 6 4 2 0 0 0 4 0 0 0 0 0 0 0 0 20],True,"tf.Tensor(
[[ 0.5899984   0.50834614  0.04209569  0.42195624 -0.5303214  28.604376
  27.730366   29.051418   27.517277   28.05877    28.101395   29.511942
  26.745977   26.77551    28.15393    28.600765   28.283022   27.822182  ]], shape=(1, 18), dtype=float32)"
596,[1 1 0 0 0 0 0 5 5 1 2 2 0 0 0 0 0 0 0 0 0 0 0 0 0],"tf.Tensor([ 2.644391   3.756048   0.9722802  3.1028814  4.8670774 11.       ], shape=(6,), dtype=float32)",0.5,[1 2 5 5 1 2 2 0 0 0 0 0 0 0 0 0 0 0 0 0 0 0 0 0 0],False,"tf.Tensor(
[[ 2.644391   3.756048   0.9722802  3.1028814  4.8670774 16.930197
  14.455122  16.616734  15.262834  14.668568  16.94644   15.491894
  16.575949  17.943802  15.496667  16.648886  18.36264   15.876188 ]], shape=(1, 18), dtype=float32)"
597,[1 2 5 5 1 2 2 0 0 0 0 0 0 0 0 0 0 0 0 0 0 0 0 0 0],"tf.Tensor([ 2.950799   3.3399322  1.878643   3.112819   3.9921849 10.       ], shape=(6,), dtype=float32)",0.0,[1 3 5 5 1 2 2 0 0 0 0 0 0 0 0 0 0 0 0 0 0 0 0 0 0],False,"tf.Tensor(
[[ 2.950799   3.3399322  1.878643   3.112819   3.9921849 17.98652
  15.196461  19.07333   17.136845  18.02477   19.4429    18.73381
  19.199001  18.5286    17.698128  20.204233  19.41041   19.904367 ]], shape=(1, 18), dtype=float32)"
598,[1 3 5 5 1 2 2 0 0 0 0 0 0 0 0 0 0 0 0 0 0 0 0 0 0],"tf.Tensor([ 3.0040083  3.3365738  1.8946538  3.0917141  4.0769515 10.       ], shape=(6,), dtype=float32)",0.0,[2 1 0 0 0 0 0 5 5 1 2 2 0 0 0 0 0 0 0 0 0 0 0 0 0],False,"tf.Tensor(
[[ 3.0040083  3.3365738  1.8946538  3.0917141  4.0769515 18.661058
  15.857677  19.675356  17.919964  18.72583   20.111927  19.353193
  19.832476  19.154682  18.317564  20.843304  20.055428  20.503206 ]], shape=(1, 18), dtype=float32)"
599,[2 1 0 0 0 0 0 5 5 1 2 2 0 0 0 0 0 0 0 0 0 0 0 0 0],"tf.Tensor([ 2.5536516  3.5643935  0.7501193  3.0474496  4.5923095 11.       ], shape=(6,), dtype=float32)",0.4,[2 2 5 3 2 5 0 0 0 5 0 0 0 0 0 0 0 0 0 0 0 0 0 0 0],False,"tf.Tensor(
[[ 2.5536516  3.5643935  0.7501193  3.0474496  4.5923095 16.879932
  14.658168  16.699564  14.957967  14.574471  16.915804  15.482949
  16.600437  18.068636  15.535017  16.658092  18.251545  15.768705 ]], shape=(1, 18), dtype=float32)"
600,[2 2 5 3 2 5 0 0 0 5 0 0 0 0 0 0 0 0 0 0 0 0 0 0 0],"tf.Tensor([ 3.4286997  4.26427    2.1866608  3.526252   4.7798853 10.       ], shape=(6,), dtype=float32)",0.1,[2 3 5 3 2 5 5 0 0 0 0 0 0 0 0 0 0 0 0 0 0 0 0 0 0],False,"tf.Tensor(
[[ 3.4286997  4.26427    2.1866608  3.526252   4.7798853 22.116096
  18.772425  23.204927  21.09138   21.607471  23.150871  22.667261
  23.237696  22.563725  21.681055  24.300306  23.981638  23.71991  ]], shape=(1, 18), dtype=float32)"
601,[2 3 5 3 2 5 5 0 0 0 0 0 0 0 0 0 0 0 0 0 0 0 0 0 0],"tf.Tensor([ 3.67951    3.961586   2.145717   3.9927583  4.938386  12.       ], shape=(6,), dtype=float32)",40.0,[3 1 0 0 0 0 0 5 3 1 2 5 0 0 0 0 0 0 0 0 0 0 0 0 20],False,"tf.Tensor(
[[ 3.67951    3.961586   2.145717   3.9927583  4.938386  22.45212
  18.851223  23.843393  20.896809  21.651876  23.949724  22.924042
  23.752481  22.696991  21.832174  24.714409  23.904922  24.983397 ]], shape=(1, 18), dtype=float32)"
602,[3 1 0 0 0 0 0 5 3 1 2 5 0 0 0 0 0 0 0 0 0 0 0 0 20],"tf.Tensor([ 1.8811467  2.610163   2.2061982  1.464567   1.714567  11.       ], shape=(6,), dtype=float32)",0.5,[3 2 2 6 6 3 5 0 0 0 0 0 0 0 0 0 0 0 0 0 0 0 0 0 20],False,"tf.Tensor(
[[ 1.8811467  2.610163   2.2061982  1.464567   1.714567  27.252695
  26.519136  27.381233  26.442005  25.952227  26.587353  26.183947
  27.2073    27.556759  26.466183  27.098427  28.702164  24.891699 ]], shape=(1, 18), dtype=float32)"
603,[3 2 2 6 6 3 5 0 0 0 0 0 0 0 0 0 0 0 0 0 0 0 0 0 20],"tf.Tensor([1.6309297 2.7833052 1.7346265 2.3608568 2.326567  0.       ], shape=(6,), dtype=float32)",0.0,[3 3 2 6 6 3 5 0 0 0 0 0 0 0 0 0 0 0 0 0 0 0 0 0 20],False,"tf.Tensor(
[[ 1.6309297  2.7833052  1.7346265  2.3608568  2.326567  37.417736
  34.924606  36.3872    37.14887   36.4412    37.37708   35.34475
  34.818787  37.266846  36.008884  36.527687  36.683266  36.960327 ]], shape=(1, 18), dtype=float32)"
604,[3 3 2 6 6 3 5 0 0 0 0 0 0 0 0 0 0 0 0 0 0 0 0 0 20],"tf.Tensor([1.6149294 2.7023745 1.7583065 2.346189  2.351762  5.       ], shape=(6,), dtype=float32)",24.0,[4 1 0 0 0 0 0 2 6 6 3 5 0 0 0 0 0 12 0 0 0 0 0 0 20],False,"tf.Tensor(
[[ 1.6149294  2.7023745  1.7583065  2.346189   2.351762  37.84599
  35.47082   36.95904   37.60278   37.052254  37.95577   35.919373
  35.480675  37.68359   36.60928   37.12087   37.129055  37.51042  ]], shape=(1, 18), dtype=float32)"
605,[4 1 0 0 0 0 0 2 6 6 3 5 0 0 0 0 0 12 0 0 0 0 0 0 20],"tf.Tensor([1.8060746 1.9859796 1.8227634 1.524543  1.6017346 7.       ], shape=(6,), dtype=float32)",0.5,[4 2 1 3 6 5 1 0 0 0 0 0 0 0 0 0 0 12 0 0 0 0 0 0 20],False,"tf.Tensor(
[[ 1.8060746  1.9859796  1.8227634  1.524543   1.6017346 32.487576
  31.786772  32.57587   30.344393  30.8004    31.950396  31.806307
  33.528168  32.49493   31.600052  33.157135  33.45157   30.238201 ]], shape=(1, 18), dtype=float32)"
606,[4 2 1 3 6 5 1 0 0 0 0 0 0 0 0 0 0 12 0 0 0 0 0 0 20],"tf.Tensor([1.209291   1.1514804  1.9292641  1.7661085  0.65269244 5.        ], shape=(6,), dtype=float32)",0.0,[4 3 1 3 6 5 1 0 0 0 0 0 0 0 0 0 0 12 0 0 0 0 0 0 20],False,"tf.Tensor(
[[ 1.209291    1.1514804   1.9292641   1.7661085   0.65269244 34.085262
  31.901289   34.292248   33.490124   33.725185   34.585865   33.255756
  32.636047   32.799004   33.85691    33.32241    33.664883   34.214603  ]], shape=(1, 18), dtype=float32)"
607,[4 3 1 3 6 5 1 0 0 0 0 0 0 0 0 0 0 12 0 0 0 0 0 0 20],"tf.Tensor([1.0371649 0.9557784 1.9437006 1.709305  0.6216508 5.       ], shape=(6,), dtype=float32)",-12.0,[5 1 0 0 0 0 0 1 3 6 5 1 0 0 0 0 0 6 0 0 0 0 0 0 20],False,"tf.Tensor(
[[ 1.0371649  0.9557784  1.9437006  1.709305   0.6216508 34.462364
  32.54341   34.653378  33.86908   34.27078   35.07252   33.663242
  33.274937  33.141476  34.481346  33.859196  33.966713  34.688488 ]], shape=(1, 18), dtype=float32)"
608,[5 1 0 0 0 0 0 1 3 6 5 1 0 0 0 0 0 6 0 0 0 0 0 0 20],"tf.Tensor([ 1.7431964  2.1511521  1.3694513  1.3875914  1.1531227 11.       ], shape=(6,), dtype=float32)",0.5,[5 2 4 3 1 6 4 0 0 0 0 0 0 0 0 0 0 6 0 0 0 0 0 0 20],False,"tf.Tensor(
[[ 1.7431964  2.1511521  1.3694513  1.3875914  1.1531227 29.565302
  28.157484  29.615675  27.98932   28.076035  28.665455  29.702343
  29.067522  28.87471   28.415155  29.756098  30.48966   27.59723  ]], shape=(1, 18), dtype=float32)"
609,[5 2 4 3 1 6 4 0 0 0 0 0 0 0 0 0 0 6 0 0 0 0 0 0 20],"tf.Tensor([0.8668825 1.3771856 2.0338895 1.1449193 1.3536292 0.       ], shape=(6,), dtype=float32)",0.0,[5 3 4 3 1 6 4 0 0 0 0 0 0 0 0 0 0 6 0 0 0 0 0 0 20],False,"tf.Tensor(
[[ 0.8668825  1.3771856  2.0338895  1.1449193  1.3536292 33.640408
  32.4127    33.01813   33.545994  33.160053  33.52121   32.499847
  32.336586  33.072723  33.25226   32.550953  33.51109   32.61615  ]], shape=(1, 18), dtype=float32)"
610,[5 3 4 3 1 6 4 0 0 0 0 0 0 0 0 0 0 6 0 0 0 0 0 0 20],"tf.Tensor([0.8216798 1.2672317 2.005122  1.1055024 1.3527449 5.       ], shape=(6,), dtype=float32)",0.0,[6 1 0 0 0 0 0 4 3 1 6 4 0 0 0 0 0 6 0 0 0 0 0 0 20],False,"tf.Tensor(
[[ 0.8216798  1.2672317  2.005122   1.1055024  1.3527449 34.094185
  33.010185  33.585117  34.03003   33.813484  34.10159   33.076508
  32.986046  33.517685  33.88425   33.127834  33.980957  33.140285 ]], shape=(1, 18), dtype=float32)"
611,[6 1 0 0 0 0 0 4 3 1 6 4 0 0 0 0 0 6 0 0 0 0 0 0 20],"tf.Tensor([ 1.854488   2.0824928  1.8371186  1.0657727  1.0414038 11.       ], shape=(6,), dtype=float32)",0.5,[6 2 5 6 1 2 6 0 0 0 0 0 0 0 0 0 0 6 0 0 0 0 0 0 20],False,"tf.Tensor(
[[ 1.854488   2.0824928  1.8371186  1.0657727  1.0414038 29.166138
  28.090109  29.640287  28.006882  27.808216  28.427973  29.065514
  28.935833  28.605394  28.310743  28.951094  30.443922  26.714266 ]], shape=(1, 18), dtype=float32)"
612,[6 2 5 6 1 2 6 0 0 0 0 0 0 0 0 0 0 6 0 0 0 0 0 0 20],"tf.Tensor([0.894607   1.5021143  1.5235257  0.53394324 1.6191552  3.        ], shape=(6,), dtype=float32)",0.0,[6 3 5 6 1 2 6 0 0 0 0 0 0 0 0 0 0 6 0 0 0 0 0 0 20],False,"tf.Tensor(
[[ 0.894607    1.5021143   1.5235257   0.53394324  1.6191552  35.903175
  34.890556   34.76355    35.94937    35.634865   35.091187   34.576057
  34.74491    35.283287   35.45574    35.04687    35.39181    34.072426  ]], shape=(1, 18), dtype=float32)"
613,[6 3 5 6 1 2 6 0 0 0 0 0 0 0 0 0 0 6 0 0 0 0 0 0 20],"tf.Tensor([0.8575682  1.4030185  1.5162737  0.49313337 1.631225   3.        ], shape=(6,), dtype=float32)",0.0,[7 1 0 0 0 0 0 5 6 1 2 6 0 0 0 0 0 6 0 0 0 0 0 0 20],False,"tf.Tensor(
[[ 0.8575682   1.4030185   1.5162737   0.49313337  1.631225   36.366764
  35.475677   35.336876   36.438385   36.26014    35.67232    35.15482
  35.41346    35.757107   36.073486   35.614414   35.876102   34.607124  ]], shape=(1, 18), dtype=float32)"
614,[7 1 0 0 0 0 0 5 6 1 2 6 0 0 0 0 0 6 0 0 0 0 0 0 20],"tf.Tensor([ 1.6372743   1.5551133   1.3854673   1.019031    0.81040585 11.        ], shape=(6,), dtype=float32)",0.4,[7 2 3 1 4 2 0 0 0 0 0 2 0 0 0 0 0 6 0 0 0 0 0 0 20],False,"tf.Tensor(
[[ 1.6372743   1.5551133   1.3854673   1.019031    0.81040585 29.430508
  29.205786   29.933863   27.594635   28.028944   29.004635   28.75218
  29.863697   29.749315   28.808685   29.83016    29.975607   27.124487  ]], shape=(1, 18), dtype=float32)"
615,[7 2 3 1 4 2 0 0 0 0 0 2 0 0 0 0 0 6 0 0 0 0 0 0 20],"tf.Tensor([0.7548649  0.900577   1.4234257  1.0838269  0.29342496 5.        ], shape=(6,), dtype=float32)",0.0,[7 3 3 1 4 2 0 0 0 0 0 2 0 0 0 0 0 6 0 0 0 0 0 0 20],False,"tf.Tensor(
[[ 0.7548649   0.900577    1.4234257   1.0838269   0.29342496 29.075644
  28.229092   29.444729   29.127821   29.25751    29.677069   29.17819
  27.53035    28.158812   28.928236   28.897053   28.83819    28.702555  ]], shape=(1, 18), dtype=float32)"
616,[7 3 3 1 4 2 0 0 0 0 0 2 0 0 0 0 0 6 0 0 0 0 0 0 20],"tf.Tensor([0.63185817 0.8005778  1.4429171  1.0453639  0.33111012 5.        ], shape=(6,), dtype=float32)",-12.0,[8 1 0 0 0 0 0 3 1 4 2 6 0 0 0 0 0 0 0 0 0 0 0 0 20],False,"tf.Tensor(
[[ 0.63185817  0.8005778   1.4429171   1.0453639   0.33111012 29.64645
  28.928795   29.942945   29.725594   29.907501   30.286888   29.689232
  28.241365   28.709747   29.628698   29.505262   29.345282   29.343658  ]], shape=(1, 18), dtype=float32)"
617,[8 1 0 0 0 0 0 3 1 4 2 6 0 0 0 0 0 0 0 0 0 0 0 0 20],"tf.Tensor([ 1.2974077  1.963377   1.6962593  1.156871   0.5395504 11.       ], shape=(6,), dtype=float32)",0.4,[8 2 3 4 1 2 0 0 0 0 0 5 0 0 0 0 0 0 0 0 0 0 0 0 20],False,"tf.Tensor(
[[ 1.2974077  1.963377   1.6962593  1.156871   0.5395504 27.974106
  27.450432  28.174425  26.709906  26.51662   27.513676  27.963781
  27.370422  28.078527  27.163158  28.196358  28.511362  25.998346 ]], shape=(1, 18), dtype=float32)"
618,[8 2 3 4 1 2 0 0 0 0 0 5 0 0 0 0 0 0 0 0 0 0 0 0 20],"tf.Tensor([0.81783766 1.6267688  1.3852856  0.85057324 0.71490514 5.        ], shape=(6,), dtype=float32)",0.0,[8 3 3 4 1 2 0 0 0 0 0 5 0 0 0 0 0 0 0 0 0 0 0 0 20],False,"tf.Tensor(
[[ 0.81783766  1.6267688   1.3852856   0.85057324  0.71490514 28.887241
  28.665533   29.040674   29.10273    28.991716   29.12477    28.586176
  27.558765   29.01292    28.40935    29.094143   28.476854   28.104649  ]], shape=(1, 18), dtype=float32)"
619,[8 3 3 4 1 2 0 0 0 0 0 5 0 0 0 0 0 0 0 0 0 0 0 0 20],"tf.Tensor([0.78239733 1.5370398  1.3788295  0.833438   0.7778878  5.        ], shape=(6,), dtype=float32)",0.0,[9 1 0 0 0 0 0 3 4 1 2 4 0 0 0 0 0 0 0 0 0 0 0 0 20],False,"tf.Tensor(
[[ 0.78239733  1.5370398   1.3788295   0.833438    0.7778878  29.467821
  29.306446   29.644075   29.729744   29.698925   29.779835   29.195797
  28.236506   29.552603   29.07706    29.70626    29.057798   28.764317  ]], shape=(1, 18), dtype=float32)"
620,[9 1 0 0 0 0 0 3 4 1 2 4 0 0 0 0 0 0 0 0 0 0 0 0 20],[0 1 1 1 1 8],0.4,[9 2 4 4 3 4 0 3 0 0 0 0 0 0 0 0 0 0 0 0 0 0 0 0 20],False,"tf.Tensor(
[[ 1.4259971  1.6952441  0.8856828  0.9437961  0.3781216 27.022242
  26.484013  27.415205  26.269852  25.940899  26.808743  27.056728
  25.679886  26.671337  25.93985   27.378235  27.174519  25.399385 ]], shape=(1, 18), dtype=float32)"
621,[9 2 4 4 3 4 0 3 0 0 0 0 0 0 0 0 0 0 0 0 0 0 0 0 20],"tf.Tensor([0.2075351 0.8437821 1.2202339 1.0344666 0.9975233 4.       ], shape=(6,), dtype=float32)",0.0,[9 3 4 4 3 4 0 4 0 0 0 0 0 0 0 0 0 0 0 0 0 0 0 0 20],False,"tf.Tensor(
[[ 0.2075351  0.8437821  1.2202339  1.0344666  0.9975233 33.205616
  32.564472  32.930866  33.367798  33.632866  33.475033  32.663853
  31.360067  32.774475  33.27692   32.631737  32.747337  33.176712 ]], shape=(1, 18), dtype=float32)"
622,[9 3 4 4 3 4 0 4 0 0 0 0 0 0 0 0 0 0 0 0 0 0 0 0 20],"tf.Tensor([0.23935337 0.82369643 1.3537617  1.1510463  1.1603677  4.        ], shape=(6,), dtype=float32)",0.0,[10 1 0 0 0 0 0 1 4 4 3 4 0 0 0 0 0 0 0 0 0 0 0 0 20],False,"tf.Tensor(
[[ 0.23935337  0.82369643  1.3537617   1.1510463   1.1603677  34.29789
  33.59685    34.090347   34.32196    34.690044   34.63891    33.723667
  32.65681    33.926464   34.4566     33.650658   34.022903   34.321884  ]], shape=(1, 18), dtype=float32)"
623,[10 1 0 0 0 0 0 1 4 4 3 4 0 0 0 0 0 0 0 0 0 0 0 0 20],"tf.Tensor([ 1.0782552   1.6118808   0.67090243  0.8454731   0.3516227  10.        ], shape=(6,), dtype=float32)",0.2,[10 2 2 3 0 0 0 0 0 4 5 4 0 0 0 0 0 0 0 0 0 0 0 0 20],False,"tf.Tensor(
[[ 1.0782552   1.6118808   0.67090243  0.8454731   0.3516227  28.179651
  27.887835   28.337196   27.085764   27.09061    27.83632    28.550604
  27.093397   28.076342   27.151182   28.952044   27.92058    26.693665  ]], shape=(1, 18), dtype=float32)"
624,[10 2 2 3 0 0 0 0 0 4 5 4 0 0 0 0 0 0 0 0 0 0 0 0 20],"tf.Tensor([ 0.7393493   1.8819785   1.0068822   0.49187964  0.7946036  10.        ], shape=(6,), dtype=float32)",0.1,[10 3 2 3 4 0 0 0 0 0 4 4 0 0 0 0 0 0 0 0 0 0 0 0 20],False,"tf.Tensor(
[[ 0.7393493   1.8819785   1.0068822   0.49187964  0.7946036  30.807552
  30.442596   30.557539   30.35029    30.188538   30.094786   31.099775
  29.656704   30.578636   30.059017   31.164188   30.658056   29.122     ]], shape=(1, 18), dtype=float32)"
625,[10 3 2 3 4 0 0 0 0 0 4 4 0 0 0 0 0 0 0 0 0 0 0 0 20],"tf.Tensor([ 0.860871   1.665406   0.755541   1.0144576  0.6294328 10.       ], shape=(6,), dtype=float32)",0.0,[11 1 0 0 0 0 0 2 3 4 3 2 0 0 0 0 0 0 0 0 0 0 0 0 20],False,"tf.Tensor(
[[ 0.860871   1.665406   0.755541   1.0144576  0.6294328 31.490742
  30.651657  31.433075  31.43267   31.106602  31.621756  31.353426
  29.243063  30.94522   30.536009  31.632706  30.727148  30.775175 ]], shape=(1, 18), dtype=float32)"
626,[11 1 0 0 0 0 0 2 3 4 3 2 0 0 0 0 0 0 0 0 0 0 0 0 20],"tf.Tensor([ 0.88755196  1.0648215   0.4364056   0.64984626 -0.01954915  6.        ], shape=(6,), dtype=float32)",0.1,[11 2 6 0 0 0 0 2 0 1 2 4 0 0 0 0 0 0 0 0 0 0 0 0 20],False,"tf.Tensor(
[[ 8.8755196e-01  1.0648215e+00  4.3640560e-01  6.4984626e-01
  -1.9549146e-02  2.7948196e+01  2.7513525e+01  2.8055094e+01
   2.6957092e+01  2.7033461e+01  2.7489548e+01  2.8556271e+01
   2.6319237e+01  2.7212019e+01  2.7001368e+01  2.8395103e+01
   2.7559227e+01  2.6645266e+01]], shape=(1, 18), dtype=float32)"
627,[11 2 6 0 0 0 0 2 0 1 2 4 0 0 0 0 0 0 0 0 0 0 0 0 20],"tf.Tensor([0.45476717 1.1090899  1.5247245  0.72400254 0.839995   6.        ], shape=(6,), dtype=float32)",0.1,[11 3 6 1 0 0 0 1 0 0 4 5 0 0 0 0 0 0 0 0 0 0 0 0 20],False,"tf.Tensor(
[[ 0.45476717  1.1090899   1.5247245   0.72400254  0.839995   29.577911
  29.378216   29.489174   29.794538   29.53854    29.636421   30.080643
  28.269539   28.848038   29.363605   29.582289   29.990452   28.397577  ]], shape=(1, 18), dtype=float32)"
628,[11 3 6 1 0 0 0 1 0 0 4 5 0 0 0 0 0 0 0 0 0 0 0 0 20],"tf.Tensor([0.5435348 1.5327339 1.5524931 0.7375559 1.1509326 6.       ], shape=(6,), dtype=float32)",0.0,[12 1 0 0 0 0 0 3 6 2 6 3 0 0 0 0 0 0 0 0 0 0 0 0 20],False,"tf.Tensor(
[[ 0.5435348  1.5327339  1.5524931  0.7375559  1.1509326 30.938385
  30.691416  30.76001   31.246328  30.752289  30.929909  31.284857
  29.65644   30.370302  30.51796   31.008368  31.284098  29.669811 ]], shape=(1, 18), dtype=float32)"
629,[12 1 0 0 0 0 0 3 6 2 6 3 0 0 0 0 0 0 0 0 0 0 0 0 20],[0 0 1 1 0 6],0.2,[12 2 6 4 0 0 0 3 4 0 0 4 0 0 0 0 0 0 0 0 0 0 0 0 20],False,"tf.Tensor(
[[ 1.0542451   1.3786724   0.22245675  0.86651784  0.4291252  30.855658
  30.527288   30.765911   29.192162   29.147404   30.235508   31.006378
  29.592947   30.455769   29.605015   31.488974   30.468044   29.169964  ]], shape=(1, 18), dtype=float32)"
630,[12 2 6 4 0 0 0 3 4 0 0 4 0 0 0 0 0 0 0 0 0 0 0 0 20],"tf.Tensor([ 0.40156347  0.58078974  0.56449753  0.59031016  1.1594249  10.        ], shape=(6,), dtype=float32)",0.1,[12 3 6 4 4 0 0 5 1 0 0 0 0 0 0 0 0 0 0 0 0 0 0 0 20],False,"tf.Tensor(
[[ 0.40156347  0.58078974  0.56449753  0.59031016  1.1594249  32.852703
  33.38635    32.681515   32.308426   33.183018   32.8683     32.78058
  32.380188   32.88193    32.813023   33.582436   32.28677    32.020077  ]], shape=(1, 18), dtype=float32)"
631,[12 3 6 4 4 0 0 5 1 0 0 0 0 0 0 0 0 0 0 0 0 0 0 0 20],"tf.Tensor([-0.1809073   0.08662194  0.64636844  0.7489911   1.1642555   4.        ], shape=(6,), dtype=float32)",0.0,[13 1 0 0 0 0 0 4 4 6 4 2 0 0 0 0 0 0 0 0 0 0 0 0 20],False,"tf.Tensor(
[[-0.1809073   0.08662194  0.64636844  0.7489911   1.1642555  35.54854
  35.321224   34.93176    35.412327   36.19764    35.61674    35.189682
  33.903824   34.886795   35.850407   35.196056   34.82612    35.473274  ]], shape=(1, 18), dtype=float32)"
632,[13 1 0 0 0 0 0 4 4 6 4 2 0 0 0 0 0 0 0 0 0 0 0 0 20],"tf.Tensor([ 0.62416285  0.940761    0.31272238  0.77033645  0.276011   10.        ], shape=(6,), dtype=float32)",0.1,[13 2 3 0 0 0 0 4 0 4 1 1 0 0 0 0 0 0 0 0 0 0 0 0 20],False,"tf.Tensor(
[[ 0.62416285  0.940761    0.31272238  0.77033645  0.276011   31.528904
  31.214996   31.076353   29.562002   29.980171   30.678719   31.866014
  30.434221   31.064621   30.65097    32.009693   31.006697   29.993994  ]], shape=(1, 18), dtype=float32)"
633,[13 2 3 0 0 0 0 4 0 4 1 1 0 0 0 0 0 0 0 0 0 0 0 0 20],"tf.Tensor([0.00776358 0.01320595 0.73306495 0.24363737 0.03909503 6.        ], shape=(6,), dtype=float32)",0.0,[13 3 3 0 0 0 0 2 0 1 6 3 0 0 0 0 0 0 0 0 0 0 0 0 20],False,"tf.Tensor(
[[7.76357949e-03 1.32059455e-02 7.33064950e-01 2.43637368e-01
  3.90950292e-02 2.92194214e+01 2.91250286e+01 2.88839245e+01
  2.86832314e+01 2.90409336e+01 2.87425442e+01 2.98821220e+01
  2.74730244e+01 2.80662193e+01 2.90539608e+01 2.89156704e+01
  2.88545513e+01 2.82283878e+01]], shape=(1, 18), dtype=float32)"
634,[13 3 3 0 0 0 0 2 0 1 6 3 0 0 0 0 0 0 0 0 0 0 0 0 20],"tf.Tensor([0.5399596  1.0565987  0.9759403  0.5415035  0.33162785 6.        ], shape=(6,), dtype=float32)",0.0,[14 1 0 0 0 0 0 6 3 3 2 4 0 0 0 0 0 0 0 0 0 0 0 0 20],True,"tf.Tensor(
[[ 0.5399596   1.0565987   0.9759403   0.5415035   0.33162785 30.50731
  29.832893   30.322475   30.311691   29.74504    30.148691   31.21207
  28.404728   29.13072    29.70063    30.273468   30.447302   29.22787   ]], shape=(1, 18), dtype=float32)"
635,[1 1 0 0 0 0 0 6 5 5 3 1 0 0 0 0 0 0 0 0 0 0 0 0 0],"tf.Tensor([ 2.9550672  4.379023   1.0327754  3.7074943  5.5781627 11.       ], shape=(6,), dtype=float32)",0.5,[1 2 6 5 5 3 1 0 0 0 0 0 0 0 0 0 0 0 0 0 0 0 0 0 0],False,"tf.Tensor(
[[ 2.9550672  4.379023   1.0327754  3.7074943  5.5781627 20.995235
  18.146563  20.441423  18.634478  18.139923  20.728018  19.542936
  20.779129  22.281567  19.378405  20.636782  22.9345    19.571543 ]], shape=(1, 18), dtype=float32)"
636,[1 2 6 5 5 3 1 0 0 0 0 0 0 0 0 0 0 0 0 0 0 0 0 0 0],[0 1 1 1 0 5],0.0,[1 3 6 5 5 3 1 0 0 0 0 0 0 0 0 0 0 0 0 0 0 0 0 0 0],False,"tf.Tensor(
[[ 3.7184887  4.2841372  2.6202273  4.278165   4.6282167 23.24953
  19.460398  25.324903  21.957054  23.347359  25.634594  24.892344
  24.722334  23.831902  23.266651  26.429865  25.0923    26.43856  ]], shape=(1, 18), dtype=float32)"
637,[1 3 6 5 5 3 1 0 0 0 0 0 0 0 0 0 0 0 0 0 0 0 0 0 0],"tf.Tensor([ 3.7341666  4.2589173  2.6345117  4.2323284  4.687304  10.       ], shape=(6,), dtype=float32)",0.0,[2 1 0 0 0 0 0 6 5 5 3 1 0 0 0 0 0 0 0 0 0 0 0 0 0],False,"tf.Tensor(
[[ 3.7341666  4.2589173  2.6345117  4.2323284  4.687304  23.911411
  20.151781  25.936415  22.73583   24.048643  26.28531   25.507885
  25.34495   24.420338  23.902132  27.059324  25.72589   27.01954  ]], shape=(1, 18), dtype=float32)"
638,[2 1 0 0 0 0 0 6 5 5 3 1 0 0 0 0 0 0 0 0 0 0 0 0 0],[1 1 0 1 1 4],0.4,[2 2 2 2 1 2 0 0 0 2 0 0 0 0 0 0 0 0 0 0 0 0 0 0 0],False,"tf.Tensor(
[[ 2.856539   4.20622    0.8028844  3.6655686  5.415442  20.978285
  18.327381  20.4232    18.38274   17.996033  20.634033  19.531176
  20.721992  22.384518  19.367964  20.601799  22.864601  19.443907 ]], shape=(1, 18), dtype=float32)"
639,[2 2 2 2 1 2 0 0 0 2 0 0 0 0 0 0 0 0 0 0 0 0 0 0 0],"tf.Tensor([ 1.9552789  2.0622058  1.0420921  1.8107679  2.482365  10.       ], shape=(6,), dtype=float32)",0.1,[2 3 2 2 1 2 2 0 0 0 0 0 0 0 0 0 0 0 0 0 0 0 0 0 0],False,"tf.Tensor(
[[ 1.9552789  2.0622058  1.0420921  1.8107679  2.482365  12.106332
  10.32598   12.579393  11.511442  11.9201145 12.602527  12.435003
  12.645007  12.256364  11.717999  13.230726  12.787581  13.028426 ]], shape=(1, 18), dtype=float32)"
640,[2 3 2 2 1 2 2 0 0 0 0 0 0 0 0 0 0 0 0 0 0 0 0 0 0],"tf.Tensor([ 1.9874185  1.9353399  1.0972127  1.9815214  2.6184301 12.       ], shape=(6,), dtype=float32)",18.0,[3 1 0 0 0 0 0 2 2 3 1 2 0 0 0 0 0 0 0 0 0 0 0 0 9],False,"tf.Tensor(
[[ 1.9874185  1.9353399  1.0972127  1.9815214  2.6184301 12.913851
  10.929328  13.336926  12.150885  12.596195  13.547096  13.101506
  13.384416  12.936275  12.386776  13.959679  13.380228  14.134531 ]], shape=(1, 18), dtype=float32)"
641,[3 1 0 0 0 0 0 2 2 3 1 2 0 0 0 0 0 0 0 0 0 0 0 0 9],"tf.Tensor([ 0.94716525  1.4303215   0.9363783   0.9914365   1.1486249  11.        ], shape=(6,), dtype=float32)",0.5,[3 2 4 5 3 2 3 0 0 0 0 0 0 0 0 0 0 0 0 0 0 0 0 0 9],False,"tf.Tensor(
[[ 0.94716525  1.4303215   0.9363783   0.9914365   1.1486249  15.565678
  15.157698   15.408783   14.552694   14.606039   15.147702   15.109565
  15.701032   15.97521    15.00133    15.737635   16.036522   14.525953  ]], shape=(1, 18), dtype=float32)"
642,[3 2 4 5 3 2 3 0 0 0 0 0 0 0 0 0 0 0 0 0 0 0 0 0 9],"tf.Tensor([ 1.4873053  2.0263505  1.4072201  1.5406828  2.7928648 12.       ], shape=(6,), dtype=float32)",0.0,[3 3 4 5 3 2 3 0 0 0 0 0 0 0 0 0 0 0 0 0 0 0 0 0 9],False,"tf.Tensor(
[[ 1.4873053  2.0263505  1.4072201  1.5406828  2.7928648 24.738136
  23.11021   24.501738  24.645164  24.911715  25.039156  24.406553
  24.511126  24.96905   24.402485  25.105997  24.881083  25.161837 ]], shape=(1, 18), dtype=float32)"
643,[3 3 4 5 3 2 3 0 0 0 0 0 0 0 0 0 0 0 0 0 0 0 0 0 9],"tf.Tensor([ 1.4387577  1.8926369  1.4207577  1.5328927  2.8092206 12.       ], shape=(6,), dtype=float32)",16.0,[4 1 0 0 0 0 0 4 5 3 2 3 0 0 0 0 0 0 0 0 0 0 0 0 17],False,"tf.Tensor(
[[ 1.4387577  1.8926369  1.4207577  1.5328927  2.8092206 25.235722
  23.742968  25.04587   25.196968  25.544304  25.620886  24.922516
  25.122692  25.353083  25.01449   25.666077  25.366194  25.705132 ]], shape=(1, 18), dtype=float32)"
644,[4 1 0 0 0 0 0 4 5 3 2 3 0 0 0 0 0 0 0 0 0 0 0 0 17],"tf.Tensor([ 1.5548389  2.2715309  1.4379342  1.421701   1.6305441 11.       ], shape=(6,), dtype=float32)",0.5,[4 2 1 2 6 6 6 0 0 0 0 0 0 0 0 0 0 0 0 0 0 0 0 0 17],False,"tf.Tensor(
[[ 1.5548389  2.2715309  1.4379342  1.421701   1.6305441 25.570211
  25.027739  25.520897  24.354998  24.327358  25.00542   24.774448
  25.633293  26.037252  24.773367  25.905422  26.519224  23.7051   ]], shape=(1, 18), dtype=float32)"
645,[4 2 1 2 6 6 6 0 0 0 0 0 0 0 0 0 0 0 0 0 0 0 0 0 17],"tf.Tensor([1.6876087 2.2291923 1.5788329 2.7074175 1.9810154 5.       ], shape=(6,), dtype=float32)",0.0,[4 3 1 2 6 6 6 0 0 0 0 0 0 0 0 0 0 0 0 0 0 0 0 0 17],False,"tf.Tensor(
[[ 1.6876087  2.2291923  1.5788329  2.7074175  1.9810154 33.642025
  30.964008  32.950535  32.61      31.738863  33.960285  31.772377
  30.96273   33.63281   31.987911  32.633286  32.802345  33.83387  ]], shape=(1, 18), dtype=float32)"
646,[4 3 1 2 6 6 6 0 0 0 0 0 0 0 0 0 0 0 0 0 0 0 0 0 17],"tf.Tensor([1.6038299 2.0405853 1.5787725 2.6567929 1.9668199 5.       ], shape=(6,), dtype=float32)",36.0,[5 1 0 0 0 0 0 1 2 6 6 6 0 0 0 0 0 18 0 0 0 0 0 0 17],False,"tf.Tensor(
[[ 1.6038299  2.0405853  1.5787725  2.6567929  1.9668199 33.999336
  31.503384  33.39573   33.01496   32.3218    34.46362   32.25246
  31.52799   33.947605  32.542297  33.1258    33.149174  34.301025 ]], shape=(1, 18), dtype=float32)"
647,[5 1 0 0 0 0 0 1 2 6 6 6 0 0 0 0 0 18 0 0 0 0 0 0 17],"tf.Tensor([1.7048873  1.4747807  2.1460412  1.0878048  0.74435556 7.        ], shape=(6,), dtype=float32)",0.4,[5 2 3 1 4 2 0 0 0 0 0 4 0 0 0 0 0 18 0 0 0 0 0 0 17],False,"tf.Tensor(
[[ 1.7048873   1.4747807   2.1460412   1.0878048   0.74435556 31.156498
  30.252937   31.55935    28.68983    29.053398   30.443213   30.712105
  32.051132   31.075287   30.423628   31.052147   32.041676   28.453897  ]], shape=(1, 18), dtype=float32)"
648,[5 2 3 1 4 2 0 0 0 0 0 4 0 0 0 0 0 18 0 0 0 0 0 0 17],"tf.Tensor([1.071923   0.5003495  1.7898638  0.81274706 0.11501625 2.        ], shape=(6,), dtype=float32)",0.0,[5 3 3 1 4 2 0 0 0 0 0 4 0 0 0 0 0 18 0 0 0 0 0 0 17],False,"tf.Tensor(
[[ 1.071923    0.5003495   1.7898638   0.81274706  0.11501625 28.340479
  27.361248   29.36765    27.570333   28.614971   28.926365   28.644817
  28.834831   27.137321   29.047224   28.280766   28.701687   27.511042  ]], shape=(1, 18), dtype=float32)"
649,[5 3 3 1 4 2 0 0 0 0 0 4 0 0 0 0 0 18 0 0 0 0 0 0 17],"tf.Tensor([0.9890183  0.41096306 1.8358059  0.85878545 0.09582844 2.        ], shape=(6,), dtype=float32)",6.0,[6 1 0 0 0 0 0 3 1 4 2 3 0 0 3 0 0 18 0 0 0 0 0 0 17],False,"tf.Tensor(
[[ 0.9890183   0.41096306  1.8358059   0.85878545  0.09582844 28.894114
  28.05105    29.919788   28.07545    29.24737    29.553291   29.150978
  29.542145   27.682798   29.770155   28.943813   29.198895   28.192831  ]], shape=(1, 18), dtype=float32)"
650,[6 1 0 0 0 0 0 3 1 4 2 3 0 0 3 0 0 18 0 0 0 0 0 0 17],"tf.Tensor([ 1.4899924   0.61177635  1.2814827   0.552182   -0.28304788  2.        ], shape=(6,), dtype=float32)",0.2,[6 2 5 1 0 0 0 0 2 0 4 4 0 0 3 0 0 18 0 0 0 0 0 0 17],False,"tf.Tensor(
[[ 1.4899924   0.61177635  1.2814827   0.552182   -0.28304788 26.629957
  26.159296   28.062492   23.804785   25.119652   26.17281    26.943506
  27.45399    26.700563   26.605492   26.212406   27.440212   24.756163  ]], shape=(1, 18), dtype=float32)"
651,[6 2 5 1 0 0 0 0 2 0 4 4 0 0 3 0 0 18 0 0 0 0 0 0 17],"tf.Tensor([ 1.3404858   0.6284212   1.6190221   0.05424567 -0.00401351  2.        ], shape=(6,), dtype=float32)",0.0,[6 3 5 1 0 0 0 0 6 0 2 1 0 0 3 0 0 18 0 0 0 0 0 0 17],False,"tf.Tensor(
[[ 1.3404858e+00  6.2842119e-01  1.6190221e+00  5.4245666e-02
  -4.0135086e-03  2.8197231e+01  2.7901316e+01  2.9266680e+01
   2.6477959e+01  2.7409016e+01  2.7695307e+01  2.8075293e+01
   2.8928251e+01  2.8314449e+01  2.8394808e+01  2.7526205e+01
   2.8680262e+01  2.5944336e+01]], shape=(1, 18), dtype=float32)"
652,[6 3 5 1 0 0 0 0 6 0 2 1 0 0 3 0 0 18 0 0 0 0 0 0 17],"tf.Tensor([ 1.180692   -0.3939178   1.0338258   0.06263442 -0.21219358  2.        ], shape=(6,), dtype=float32)",-6.0,[7 1 0 0 0 0 0 5 2 1 5 2 0 0 0 0 0 18 0 0 0 0 0 0 17],False,"tf.Tensor(
[[ 1.180692   -0.3939178   1.0338258   0.06263442 -0.21219358 29.267065
  29.545425   30.141867   27.332588   28.746918   28.934961   28.80013
  29.932045   29.220861   29.47503    28.873892   28.852386   27.661844  ]], shape=(1, 18), dtype=float32)"
653,[7 1 0 0 0 0 0 5 2 1 5 2 0 0 0 0 0 18 0 0 0 0 0 0 17],"tf.Tensor([ 1.4438207   0.19026758  1.455441    1.0137806  -0.47360227  2.        ], shape=(6,), dtype=float32)",0.30000000000000004,[7 2 2 4 1 0 0 0 6 0 0 1 0 0 0 0 0 18 0 0 0 0 0 0 17],False,"tf.Tensor(
[[ 1.4438207   0.19026758  1.455441    1.0137806  -0.47360227 28.343134
  27.705801   29.786524   25.154953   26.549269   28.192839   28.637941
  29.017921   28.189163   28.233027   27.947912   29.151926   26.33433   ]], shape=(1, 18), dtype=float32)"
654,[7 2 2 4 1 0 0 0 6 0 0 1 0 0 0 0 0 18 0 0 0 0 0 0 17],"tf.Tensor([ 1.2300583  -0.9719311   0.6631804   0.1819175  -0.29740474  2.        ], shape=(6,), dtype=float32)",0.0,[7 3 2 4 1 0 0 0 5 0 0 6 0 0 0 0 0 18 0 0 0 0 0 0 17],False,"tf.Tensor(
[[ 1.2300583  -0.9719311   0.6631804   0.1819175  -0.29740474 29.203398
  29.432257   29.894882   27.809372   28.988226   29.367373   28.980831
  29.30674    28.356264   28.931      29.151619   28.373642   28.14259   ]], shape=(1, 18), dtype=float32)"
655,[7 3 2 4 1 0 0 0 5 0 0 6 0 0 0 0 0 18 0 0 0 0 0 0 17],[1 0 1 1 1 2],0.0,[8 1 0 0 0 0 0 2 6 4 1 2 0 0 0 0 0 18 0 0 0 0 0 0 17],False,"tf.Tensor(
[[ 1.2124836  -0.38250077  1.1810764   0.33267468 -0.09462973 30.172424
  30.71499    30.93541    28.549744   29.771818   30.461092   29.359306
  31.103516   30.208805   30.132252   30.525074   29.381739   28.76536   ]], shape=(1, 18), dtype=float32)"
656,[8 1 0 0 0 0 0 2 6 4 1 2 0 0 0 0 0 18 0 0 0 0 0 0 17],"tf.Tensor([ 1.2327096  -0.71170306  0.81021494  0.82873493 -0.5031246   2.        ], shape=(6,), dtype=float32)",0.1,[8 2 1 0 0 0 0 0 5 2 1 3 0 0 0 0 0 18 0 0 0 0 0 0 17],False,"tf.Tensor(
[[ 1.2327096  -0.71170306  0.81021494  0.82873493 -0.5031246  28.72754
  29.11676    29.783295   25.802576   27.340807   28.93043    28.846067
  29.396135   28.667948   28.360048   29.138329   28.411621   27.454304  ]], shape=(1, 18), dtype=float32)"
657,[8 2 1 0 0 0 0 0 5 2 1 3 0 0 0 0 0 18 0 0 0 0 0 0 17],"tf.Tensor([ 1.121573   -0.93461     0.8416588   0.38321096 -0.6159948   2.        ], shape=(6,), dtype=float32)",0.0,[8 3 1 0 0 0 0 0 1 4 2 4 0 0 0 0 0 18 0 0 0 0 0 0 17],False,"tf.Tensor(
[[ 1.121573   -0.93461     0.8416588   0.38321096 -0.6159948  26.652935
  27.477581   27.923405   24.612436   25.894953   27.079306   26.931997
  27.226927   26.542877   26.456114   27.016794   26.322985   25.496521  ]], shape=(1, 18), dtype=float32)"
658,[8 3 1 0 0 0 0 0 1 4 2 4 0 0 0 0 0 18 0 0 0 0 0 0 17],"tf.Tensor([ 1.2892737  -0.00490032  1.2881579   0.3645504  -0.5355731   2.        ], shape=(6,), dtype=float32)",0.0,[9 1 0 0 0 0 0 1 6 1 3 1 0 0 0 0 0 18 0 0 0 0 0 0 17],False,"tf.Tensor(
[[ 1.2892737e+00 -4.9003214e-03  1.2881579e+00  3.6455041e-01
  -5.3557312e-01  2.7266678e+01  2.7434086e+01  2.8498222e+01
   2.5352545e+01  2.6267710e+01  2.7221355e+01  2.7551577e+01
   2.7830748e+01  2.6948572e+01  2.7346102e+01  2.7280924e+01
   2.7596075e+01  2.5568090e+01]], shape=(1, 18), dtype=float32)"
659,[9 1 0 0 0 0 0 1 6 1 3 1 0 0 0 0 0 18 0 0 0 0 0 0 17],[0 0 0 1 0 4],0.1,[9 2 4 0 0 0 0 6 1 4 0 5 0 0 0 0 0 18 0 0 0 0 0 0 17],False,"tf.Tensor(
[[ 1.2284257 -1.1763144  0.4755438  0.6213916 -0.7432407 26.86186
  27.347746  28.380972  24.355698  25.891895  27.483088  27.68182
  27.04281   26.644306  26.348833  27.201662  26.500422  25.904837 ]], shape=(1, 18), dtype=float32)"
660,[9 2 4 0 0 0 0 6 1 4 0 5 0 0 0 0 0 18 0 0 0 0 0 0 17],"tf.Tensor([1.0389946  0.3328297  1.8803191  0.8327796  0.01387277 7.        ], shape=(6,), dtype=float32)",0.2,[9 3 4 6 4 0 0 0 4 0 0 4 0 0 0 0 0 18 0 0 0 0 0 0 17],False,"tf.Tensor(
[[1.0389946e+00 3.3282971e-01 1.8803191e+00 8.3277959e-01 1.3872772e-02
  3.1490896e+01 3.1829884e+01 3.2565262e+01 2.8687374e+01 3.0308699e+01
  3.1320169e+01 3.0966621e+01 3.3150803e+01 3.1979647e+01 3.2231346e+01
  3.1153471e+01 3.2535122e+01 2.9159954e+01]], shape=(1, 18), dtype=float32)"
661,[9 3 4 6 4 0 0 0 4 0 0 4 0 0 0 0 0 18 0 0 0 0 0 0 17],"tf.Tensor([ 0.8262119  -0.284294    1.1322594   0.2755074   0.30073896  7.        ], shape=(6,), dtype=float32)",0.0,[10 1 0 0 0 0 0 5 4 2 4 4 0 0 0 0 0 18 0 0 0 0 0 0 17],False,"tf.Tensor(
[[ 0.8262119  -0.284294    1.1322594   0.2755074   0.30073896 34.808353
  34.868546   35.23953    33.79316    35.439236   35.14829    34.3963
  35.649475   33.90711    35.391228   35.36151    33.690155   34.061523  ]], shape=(1, 18), dtype=float32)"
662,[10 1 0 0 0 0 0 5 4 2 4 4 0 0 0 0 0 18 0 0 0 0 0 0 17],"tf.Tensor([ 1.1033193  -0.33385956  1.0377067   0.96873015 -0.6535033   2.        ], shape=(6,), dtype=float32)",0.30000000000000004,[10 2 3 6 4 0 0 0 3 0 0 3 0 0 0 0 0 18 0 0 0 0 0 0 17],False,"tf.Tensor(
[[ 1.1033193  -0.33385956  1.0377067   0.96873015 -0.6535033  30.21985
  30.555014   31.696901   26.568287   28.459589   30.439882   30.318857
  31.366203   30.829178   30.163757   30.388386   30.393745   28.425165  ]], shape=(1, 18), dtype=float32)"
663,[10 2 3 6 4 0 0 0 3 0 0 3 0 0 0 0 0 18 0 0 0 0 0 0 17],"tf.Tensor([ 0.7319056  -0.8171301   0.6107839  -0.18205278 -0.25672743  4.        ], shape=(6,), dtype=float32)",0.0,[10 3 3 6 4 0 0 0 6 0 0 6 0 0 0 0 0 18 0 0 0 0 0 0 17],False,"tf.Tensor(
[[ 0.7319056  -0.8171301   0.6107839  -0.18205278 -0.25672743 32.81298
  32.748413   33.171223   31.933104   33.32885    32.89039    32.663498
  32.812492   31.496254   33.057358   32.750942   31.503506   31.900606  ]], shape=(1, 18), dtype=float32)"
664,[10 3 3 6 4 0 0 0 6 0 0 6 0 0 0 0 0 18 0 0 0 0 0 0 17],"tf.Tensor([ 1.1892763  -0.44447374  0.9227405   0.58916336  0.03514364 10.        ], shape=(6,), dtype=float32)",0.0,[11 1 0 0 0 0 0 3 1 6 4 1 0 0 0 0 0 18 0 0 0 0 0 0 17],False,"tf.Tensor(
[[ 1.1892763e+00 -4.4447374e-01  9.2274052e-01  5.8916336e-01
   3.5143644e-02  3.5524792e+01  3.5896435e+01  3.6338261e+01
   3.3688347e+01  3.5596439e+01  3.6195496e+01  3.4901447e+01
   3.6514488e+01  3.5341625e+01  3.5791206e+01  3.6534988e+01
   3.3979942e+01  3.4833275e+01]], shape=(1, 18), dtype=float32)"
665,[11 1 0 0 0 0 0 3 1 6 4 1 0 0 0 0 0 18 0 0 0 0 0 0 17],"tf.Tensor([ 1.197751   -0.38027334  1.028236    0.32110113 -0.6884166   2.        ], shape=(6,), dtype=float32)",0.2,[11 2 6 2 0 0 0 0 1 0 4 1 0 0 0 0 0 18 0 0 0 0 0 0 17],False,"tf.Tensor(
[[ 1.197751   -0.38027334  1.028236    0.32110113 -0.6884166  29.440727
  29.42071    30.542757   26.768099   27.92552    29.059053   30.340384
  29.720968   28.94204    29.19643    29.058132   29.835701   27.55952   ]], shape=(1, 18), dtype=float32)"
666,[11 2 6 2 0 0 0 0 1 0 4 1 0 0 0 0 0 18 0 0 0 0 0 0 17],"tf.Tensor([ 0.7958565  -0.9652723   1.015325   -0.61768705 -0.5552416   2.        ], shape=(6,), dtype=float32)",0.0,[11 3 6 2 0 0 0 0 5 0 2 2 0 0 0 0 0 18 0 0 0 0 0 0 17],False,"tf.Tensor(
[[ 0.7958565  -0.9652723   1.015325   -0.61768705 -0.5552416  29.132572
  29.56048    30.10066    28.412241   29.29833    28.862936   29.877245
  28.902493   27.976276   29.447994   28.373808   29.12816    27.419384  ]], shape=(1, 18), dtype=float32)"
667,[11 3 6 2 0 0 0 0 5 0 2 2 0 0 0 0 0 18 0 0 0 0 0 0 17],"tf.Tensor([ 0.7349709  -1.2767909   0.8412388  -0.28999954 -0.48176333  1.        ], shape=(6,), dtype=float32)",4.0,[12 1 0 0 0 0 0 6 4 2 6 3 0 2 0 0 0 18 0 0 0 0 0 0 17],False,"tf.Tensor(
[[ 0.7349709  -1.2767909   0.8412388  -0.28999954 -0.48176333 31.138262
  32.18284    31.856012   29.639786   31.052225   31.037163   30.915623
  31.569859   30.755234   31.422495   30.998093   30.233732   29.686102  ]], shape=(1, 18), dtype=float32)"
668,[12 1 0 0 0 0 0 6 4 2 6 3 0 2 0 0 0 18 0 0 0 0 0 0 17],"tf.Tensor([ 1.1887981  -0.23663984  0.8989739   1.0420215  -0.93085897  2.        ], shape=(6,), dtype=float32)",0.2,[12 2 2 2 0 0 0 0 4 1 0 4 0 2 0 0 0 18 0 0 0 0 0 0 17],False,"tf.Tensor(
[[ 1.1887981  -0.23663984  0.8989739   1.0420215  -0.93085897 32.018425
  32.192535   33.832924   27.8693     30.003828   32.32094    32.3866
  33.119682   32.831455   31.969957   32.138527   32.284267   30.05604   ]], shape=(1, 18), dtype=float32)"
669,[12 2 2 2 0 0 0 0 4 1 0 4 0 2 0 0 0 18 0 0 0 0 0 0 17],"tf.Tensor([ 1.1032107  -1.1837752   0.62878734  0.07014115 -0.90108085  2.        ], shape=(6,), dtype=float32)",0.0,[12 3 2 2 0 0 0 0 4 1 0 2 0 2 0 0 0 18 0 0 0 0 0 0 17],False,"tf.Tensor(
[[ 1.1032107  -1.1837752   0.62878734  0.07014115 -0.90108085 27.940607
  29.089869   29.945486   26.312996   28.039307   29.03581    29.042933
  28.395575   28.13479    28.10698    28.360916   27.54963    27.101246  ]], shape=(1, 18), dtype=float32)"
670,[12 3 2 2 0 0 0 0 4 1 0 2 0 2 0 0 0 18 0 0 0 0 0 0 17],"tf.Tensor([ 0.98569334 -1.5057932   0.46113175 -0.10394768 -1.0430545   2.        ], shape=(6,), dtype=float32)",0.0,[13 1 0 0 0 0 0 2 5 4 2 3 0 2 0 0 0 18 0 0 0 0 0 0 17],False,"tf.Tensor(
[[ 0.98569334 -1.5057932   0.46113175 -0.10394768 -1.0430545  27.86796
  29.153708   29.861305   26.401854   28.153156   28.95452    29.045206
  28.179499   27.772348   28.129398   28.214813   27.329391   27.204916  ]], shape=(1, 18), dtype=float32)"
671,[13 1 0 0 0 0 0 2 5 4 2 3 0 2 0 0 0 18 0 0 0 0 0 0 17],"tf.Tensor([ 1.0931225  -0.9805634   0.48997658  0.5428873  -0.99951994  2.        ], shape=(6,), dtype=float32)",0.1,[13 2 3 0 0 0 0 0 2 2 6 3 0 2 0 0 0 18 0 0 0 0 0 0 17],False,"tf.Tensor(
[[ 1.0931225  -0.9805634   0.48997658  0.5428873  -0.99951994 29.39405
  30.40871    31.344812   26.374376   28.46895    30.200026   30.433674
  30.150648   30.057365   29.35311    29.985073   29.119215   28.294086  ]], shape=(1, 18), dtype=float32)"
672,[13 2 3 0 0 0 0 0 2 2 6 3 0 2 0 0 0 18 0 0 0 0 0 0 17],[1 1 1 0 0 8],0.2,[13 3 3 2 2 0 0 0 0 0 3 5 0 2 0 0 0 18 0 0 0 0 0 0 17],False,"tf.Tensor(
[[ 1.0808034  -0.7442348   1.0014274  -0.14613883 -1.2219563  29.926588
  30.433844   31.524008   28.058079   28.996767   30.225307   31.150148
  29.78579    29.624315   29.750729   29.730604   29.823618   27.9851    ]], shape=(1, 18), dtype=float32)"
673,[13 3 3 2 2 0 0 0 0 0 3 5 0 2 0 0 0 18 0 0 0 0 0 0 17],"tf.Tensor([ 0.8718765  -1.0313393   0.84662116 -0.28091365 -1.3857529   2.        ], shape=(6,), dtype=float32)",6.0,[14 1 0 0 0 0 0 3 3 4 1 2 0 2 3 0 0 18 0 0 0 0 0 0 17],True,"tf.Tensor(
[[ 0.8718765  -1.0313393   0.84662116 -0.28091365 -1.3857529  29.398857
  29.906763   31.239061   28.121717   29.42104    30.271471   30.791609
  29.237411   28.866207   29.66681    29.291723   28.997128   28.080063  ]], shape=(1, 18), dtype=float32)"
674,[1 1 0 0 0 0 0 3 3 3 1 1 0 0 0 0 0 0 0 0 0 0 0 0 0],"tf.Tensor([ 2.0708132   2.7901762   0.65167016  2.3143888   3.3702729  11.        ], shape=(6,), dtype=float32)",0.4,[1 2 3 3 1 1 0 0 0 6 0 0 0 0 0 0 0 0 0 0 0 0 0 0 0],False,"tf.Tensor(
[[ 2.0708132   2.7901762   0.65167016  2.3143888   3.3702729  12.544862
  10.792783   12.393616   11.035867   10.979229   12.439114   11.752764
  12.60428    13.535219   11.594707   12.58956    13.6747055  11.867658  ]], shape=(1, 18), dtype=float32)"
675,[1 2 3 3 1 1 0 0 0 6 0 0 0 0 0 0 0 0 0 0 0 0 0 0 0],"tf.Tensor([ 2.8815262  3.4459383  1.4687617  2.2517188  3.6802292 10.       ], shape=(6,), dtype=float32)",0.1,[1 3 3 3 1 1 6 0 0 0 0 0 0 0 0 0 0 0 0 0 0 0 0 0 0],False,"tf.Tensor(
[[ 2.8815262  3.4459383  1.4687617  2.2517188  3.6802292 16.048302
  13.573309  16.271597  15.166451  15.585664  16.334988  16.310425
  17.309898  16.991163  15.408464  17.783548  17.390127  16.520233 ]], shape=(1, 18), dtype=float32)"
676,[1 3 3 3 1 1 6 0 0 0 0 0 0 0 0 0 0 0 0 0 0 0 0 0 0],"tf.Tensor([ 3.0269303  2.987883   1.4801073  2.7270863  3.872974  10.       ], shape=(6,), dtype=float32)",0.0,[2 1 0 0 0 0 0 3 3 3 1 1 0 0 0 0 0 0 0 0 0 0 0 0 0],False,"tf.Tensor(
[[ 3.0269303  2.987883   1.4801073  2.7270863  3.872974  16.531786
  13.548612  16.786308  15.3104725 15.785442  17.114845  16.365053
  17.530642  16.820423  15.674343  17.975416  17.204916  17.921703 ]], shape=(1, 18), dtype=float32)"
677,[2 1 0 0 0 0 0 3 3 3 1 1 0 0 0 0 0 0 0 0 0 0 0 0 0],"tf.Tensor([1.9760224 2.604329  0.3765475 2.2634077 3.2830937 8.       ], shape=(6,), dtype=float32)",0.4,[2 2 3 2 2 2 0 0 0 6 0 0 0 0 0 0 0 0 0 0 0 0 0 0 0],False,"tf.Tensor(
[[ 1.9760224  2.604329   0.3765475  2.2634077  3.2830937 12.667277
  11.061449  12.362226  10.920075  10.822403  12.367525  11.775317
  12.5392275 13.723306  11.563711  12.588764  13.659273  11.823054 ]], shape=(1, 18), dtype=float32)"
678,[2 2 3 2 2 2 0 0 0 6 0 0 0 0 0 0 0 0 0 0 0 0 0 0 0],"tf.Tensor([ 2.8992658  3.4683053  1.456645   2.4427662  3.8456576 10.       ], shape=(6,), dtype=float32)",0.1,[2 3 3 2 2 2 6 0 0 0 0 0 0 0 0 0 0 0 0 0 0 0 0 0 0],False,"tf.Tensor(
[[ 2.8992658  3.4683053  1.456645   2.4427662  3.8456576 17.390211
  14.633345  17.479654  16.254951  16.452383  17.570194  17.595793
  18.297459  18.069057  16.480698  18.972559  18.52962   18.009127 ]], shape=(1, 18), dtype=float32)"
679,[2 3 3 2 2 2 6 0 0 0 0 0 0 0 0 0 0 0 0 0 0 0 0 0 0],"tf.Tensor([ 3.0322218  3.152699   1.5767919  3.0263972  3.9653306 12.       ], shape=(6,), dtype=float32)",30.0,[3 1 0 0 0 0 0 3 2 3 2 2 0 0 0 0 0 0 0 0 0 0 0 0 15],False,"tf.Tensor(
[[ 3.0322218  3.152699   1.5767919  3.0263972  3.9653306 17.92241
  14.790899  18.473898  16.523802  17.040617  18.760103  17.913883
  18.873531  18.133896  17.098375  19.453215  18.695847  19.632973 ]], shape=(1, 18), dtype=float32)"
680,[3 1 0 0 0 0 0 3 2 3 2 2 0 0 0 0 0 0 0 0 0 0 0 0 15],"tf.Tensor([ 1.410149   2.0603733  1.5123265  1.3158039  1.2981863 11.       ], shape=(6,), dtype=float32)",0.5,[3 2 3 1 6 6 1 0 0 0 0 0 0 0 0 0 0 0 0 0 0 0 0 0 15],False,"tf.Tensor(
[[ 1.410149   2.0603733  1.5123265  1.3158039  1.2981863 21.806896
  21.034193  21.833912  20.869543  20.722643  21.233648  21.344242
  21.552029  21.961699  21.108414  21.798061  22.82903   20.20096  ]], shape=(1, 18), dtype=float32)"
681,[3 2 3 1 6 6 1 0 0 0 0 0 0 0 0 0 0 0 0 0 0 0 0 0 15],[1 1 1 0 1 1],0.0,[3 3 3 1 6 6 1 0 0 0 0 0 0 0 0 0 0 0 0 0 0 0 0 0 15],False,"tf.Tensor(
[[ 1.2804574  2.0266936  1.8745134  2.6768563  2.0920722 29.059673
  26.820192  29.265202  28.992626  28.819763  30.184593  28.356766
  27.193161  28.946798  28.507034  28.613062  29.175667  30.199404 ]], shape=(1, 18), dtype=float32)"
682,[3 3 3 1 6 6 1 0 0 0 0 0 0 0 0 0 0 0 0 0 0 0 0 0 15],"tf.Tensor([1.1966782 1.8380876 1.8744531 2.6262295 2.0778754 5.       ], shape=(6,), dtype=float32)",24.0,[4 1 0 0 0 0 0 3 1 6 6 1 0 0 0 0 0 12 0 0 0 0 0 0 15],False,"tf.Tensor(
[[ 1.1966782  1.8380876  1.8744531  2.6262295  2.0778754 29.416977
  27.359564  29.710394  29.397589  29.402693  30.687927  28.836845
  27.758425  29.261593  29.061413  29.105585  29.522488  30.666553 ]], shape=(1, 18), dtype=float32)"
683,[4 1 0 0 0 0 0 3 1 6 6 1 0 0 0 0 0 12 0 0 0 0 0 0 15],"tf.Tensor([ 1.4622536   1.5179354   1.884277    1.189044    0.95639133 11.        ], shape=(6,), dtype=float32)",0.5,[4 2 1 6 2 6 2 0 0 0 0 0 0 0 0 0 0 12 0 0 0 0 0 0 15],False,"tf.Tensor(
[[ 1.4622536   1.5179354   1.884277    1.189044    0.95639133 27.426765
  26.09715    27.575665   25.239756   25.709541   26.476696   27.444008
  27.977      26.847221   26.927305   27.040453   28.724781   25.171461  ]], shape=(1, 18), dtype=float32)"
684,[4 2 1 6 2 6 2 0 0 0 0 0 0 0 0 0 0 12 0 0 0 0 0 0 15],"tf.Tensor([1.2180344 1.1525848 1.7349117 1.080975  1.1149015 2.       ], shape=(6,), dtype=float32)",0.0,[4 3 1 6 2 6 2 0 0 0 0 0 0 0 0 0 0 12 0 0 0 0 0 0 15],False,"tf.Tensor(
[[ 1.2180344  1.1525848  1.7349117  1.080975   1.1149015 30.530998
  28.768473  30.584938  29.850468  30.34804   30.417543  29.561697
  30.341734  29.462822  30.582905  30.115095  29.98677   30.507723 ]], shape=(1, 18), dtype=float32)"
685,[4 3 1 6 2 6 2 0 0 0 0 0 0 0 0 0 0 12 0 0 0 0 0 0 15],"tf.Tensor([1.1420702 0.9678573 1.7283757 1.0436776 1.1126202 9.       ], shape=(6,), dtype=float32)",0.0,[5 1 0 0 0 0 0 1 6 2 6 2 0 0 0 0 0 12 0 0 0 0 0 0 15],False,"tf.Tensor(
[[ 1.1420702  0.9678573  1.7283757  1.0436776  1.1126202 30.920294
  29.336802  31.06246   30.265707  30.944658  30.948364  30.072441
  30.945866  29.809021  31.164257  30.64764   30.370737  31.01038  ]], shape=(1, 18), dtype=float32)"
686,[5 1 0 0 0 0 0 1 6 2 6 2 0 0 0 0 0 12 0 0 0 0 0 0 15],[0 0 0 1 0 9],0.1,[5 2 6 0 0 0 0 6 2 4 0 5 0 0 0 0 0 12 0 0 0 0 0 0 15],False,"tf.Tensor(
[[ 1.7246846   1.2107854   0.9891621   1.0167289   0.60258424 26.43077
  25.523956   26.797577   24.334476   24.560183   25.940516   25.895885
  26.535852   26.204216   25.301104   26.574987   26.65124    24.436367  ]], shape=(1, 18), dtype=float32)"
687,[5 2 6 0 0 0 0 6 2 4 0 5 0 0 0 0 0 12 0 0 0 0 0 0 15],"tf.Tensor([ 1.4702514  1.7882676  2.4073794  1.7897227  1.9185991 11.       ], shape=(6,), dtype=float32)",0.4,[5 3 6 6 2 4 5 0 0 0 0 0 0 0 0 0 0 12 0 0 0 0 0 0 15],False,"tf.Tensor(
[[ 1.4702514  1.7882676  2.4073794  1.7897227  1.9185991 30.829428
  30.18061   31.52873   28.564522  29.870274  30.794073  30.166172
  32.510212  31.654362  31.203081  30.61008   32.626816  28.680529 ]], shape=(1, 18), dtype=float32)"
688,[5 3 6 6 2 4 5 0 0 0 0 0 0 0 0 0 0 12 0 0 0 0 0 0 15],"tf.Tensor([1.4477017 1.6449533 2.2048695 1.1392015 2.4922009 7.       ], shape=(6,), dtype=float32)",0.0,[6 1 0 0 0 0 0 2 2 1 6 1 0 0 0 0 0 12 0 0 0 0 0 0 15],False,"tf.Tensor(
[[ 1.4477017  1.6449533  2.2048695  1.1392015  2.4922009 36.08804
  34.290985  35.72221   35.896687  36.204185  35.790695  35.044838
  36.256252  35.01325   36.20536   35.586506  36.173412  35.394352 ]], shape=(1, 18), dtype=float32)"
689,[6 1 0 0 0 0 0 2 2 1 6 1 0 0 0 0 0 12 0 0 0 0 0 0 15],"tf.Tensor([ 1.5837746   0.80324954  1.1305331   0.7282522  -0.09666041  2.        ], shape=(6,), dtype=float32)",0.2,[6 2 6 3 0 0 0 0 4 0 5 6 0 0 0 0 0 12 0 0 0 0 0 0 15],False,"tf.Tensor(
[[ 1.5837746   0.80324954  1.1305331   0.7282522  -0.09666041 23.936026
  22.68247    24.623856   22.004808   22.293182   23.268719   24.060951
  23.5283     23.094992   23.12995    23.39518    24.404018   21.99694   ]], shape=(1, 18), dtype=float32)"
690,[6 2 6 3 0 0 0 0 4 0 5 6 0 0 0 0 0 12 0 0 0 0 0 0 15],"tf.Tensor([1.5800349  1.6699152  1.701364   0.82826567 1.8094465  7.        ], shape=(6,), dtype=float32)",0.2,[6 3 6 3 4 6 0 0 0 0 5 0 0 0 0 0 0 12 0 0 0 0 0 0 15],False,"tf.Tensor(
[[ 1.5800349   1.6699152   1.701364    0.82826567  1.8094465  30.371803
  30.137661   30.86169    29.327782   29.768902   30.282198   29.827768
  31.675312   30.84849    30.096464   30.798355   31.261877   28.24935   ]], shape=(1, 18), dtype=float32)"
691,[6 3 6 3 4 6 0 0 0 0 5 0 0 0 0 0 0 12 0 0 0 0 0 0 15],"tf.Tensor([ 1.0060863  1.4066085  2.09602    1.5868052  2.2277129 11.       ], shape=(6,), dtype=float32)",0.0,[7 1 0 0 0 0 0 6 1 3 5 6 0 0 0 0 0 12 0 0 0 0 0 0 15],False,"tf.Tensor(
[[ 1.0060863  1.4066085  2.09602    1.5868052  2.2277129 35.301773
  33.42439   35.608685  34.975376  35.60161   35.758293  35.227943
  35.362534  34.074     35.77778   34.954994  35.98913   35.49495  ]], shape=(1, 18), dtype=float32)"
692,[7 1 0 0 0 0 0 6 1 3 5 6 0 0 0 0 0 12 0 0 0 0 0 0 15],"tf.Tensor([ 1.1385331  1.248889   1.6074376  0.7744807  0.6476035 11.       ], shape=(6,), dtype=float32)",0.30000000000000004,[7 2 3 5 5 0 0 0 0 0 1 6 0 0 0 0 0 12 0 0 0 0 0 0 15],False,"tf.Tensor(
[[ 1.1385331  1.248889   1.6074376  0.7744807  0.6476035 27.890406
  27.424427  28.227278  25.238285  25.849094  27.109358  27.146715
  28.756681  28.469217  27.622395  27.03345   28.77859   24.86407  ]], shape=(1, 18), dtype=float32)"
693,[7 2 3 5 5 0 0 0 0 0 1 6 0 0 0 0 0 12 0 0 0 0 0 0 15],[ 1  0  0  1  1 10],0.2,[7 3 3 5 5 1 6 0 0 0 0 0 0 0 0 0 0 12 0 0 0 0 0 0 15],False,"tf.Tensor(
[[ 1.2629656   1.4106301   1.4589475   0.86220825  0.7557006  29.881264
  28.915808   30.826206   29.289253   30.347118   30.490484   30.167063
  30.432941   29.42301    30.270142   30.610088   29.692091   29.214102  ]], shape=(1, 18), dtype=float32)"
694,[7 3 3 5 5 1 6 0 0 0 0 0 0 0 0 0 0 12 0 0 0 0 0 0 15],"tf.Tensor([0.94196963 0.5506341  1.1364012  0.60885024 1.077671   0.        ], shape=(6,), dtype=float32)",1.0,[8 1 0 0 0 0 0 3 5 5 6 1 1 0 0 0 0 12 0 0 0 0 0 0 15],False,"tf.Tensor(
[[ 0.94196963  0.5506341   1.1364012   0.60885024  1.077671   33.72045
  32.260094   33.026306   32.967976   33.27551    33.379513   32.726345
  33.16437    32.41072    33.55958    33.29709    32.468925   32.935345  ]], shape=(1, 18), dtype=float32)"
695,[8 1 0 0 0 0 0 3 5 5 6 1 1 0 0 0 0 12 0 0 0 0 0 0 15],"tf.Tensor([ 1.3004847   0.5840971   0.9454185   0.9178932  -0.01611438  7.        ], shape=(6,), dtype=float32)",0.30000000000000004,[8 2 5 2 2 0 0 0 4 0 0 2 1 0 0 0 0 12 0 0 0 0 0 0 15],False,"tf.Tensor(
[[ 1.3004847e+00  5.8409709e-01  9.4541848e-01  9.1789317e-01
  -1.6114384e-02  2.9164583e+01  2.8452446e+01  2.9283722e+01
   2.5955536e+01  2.6848932e+01  2.8310036e+01  2.8756424e+01
   2.9544874e+01  2.9195190e+01  2.8475286e+01  2.9036741e+01
   2.9092587e+01  2.6945196e+01]], shape=(1, 18), dtype=float32)"
696,[8 2 5 2 2 0 0 0 4 0 0 2 1 0 0 0 0 12 0 0 0 0 0 0 15],"tf.Tensor([ 0.29739013 -0.57125884  0.74679554  0.08267489  0.1362314   4.        ], shape=(6,), dtype=float32)",0.0,[8 3 5 2 2 0 0 0 5 0 0 6 1 0 0 0 0 12 0 0 0 0 0 0 15],False,"tf.Tensor(
[[ 0.29739013 -0.57125884  0.74679554  0.08267489  0.1362314  26.918623
  27.45951    27.175089   26.219328   27.60332    27.106178   26.92887
  27.383656   26.28368    27.493366   27.261383   26.261755   26.179987  ]], shape=(1, 18), dtype=float32)"
697,[8 3 5 2 2 0 0 0 5 0 0 6 1 0 0 0 0 12 0 0 0 0 0 0 15],"tf.Tensor([1.0408134  0.10742204 1.0882033  0.69459355 0.49236855 7.        ], shape=(6,), dtype=float32)",0.0,[9 1 0 0 0 0 0 5 6 2 2 2 1 0 0 0 0 12 0 0 0 0 0 0 15],False,"tf.Tensor(
[[ 1.0408134   0.10742204  1.0882033   0.69459355  0.49236855 29.170073
  29.655546   30.023462   27.866243   29.335516   29.802206   28.962606
  30.188276   29.498896   29.447      29.950687   28.8264     28.167288  ]], shape=(1, 18), dtype=float32)"
698,[9 1 0 0 0 0 0 5 6 2 2 2 1 0 0 0 0 12 0 0 0 0 0 0 15],"tf.Tensor([ 0.92567813 -0.218875    0.56825686  1.0432287  -0.3268229   7.        ], shape=(6,), dtype=float32)",0.2,[9 2 5 1 0 0 0 0 1 5 0 1 1 0 0 0 0 12 0 0 0 0 0 0 15],False,"tf.Tensor(
[[ 0.92567813 -0.218875    0.56825686  1.0432287  -0.3268229  26.752342
  27.221899   27.770674   23.368376   25.291576   26.836905   26.458405
  27.922867   27.443632   26.76884    27.239204   26.593256   25.526691  ]], shape=(1, 18), dtype=float32)"
699,[9 2 5 1 0 0 0 0 1 5 0 1 1 0 0 0 0 12 0 0 0 0 0 0 15],"tf.Tensor([ 0.29394665 -0.4001724   1.0053784  -0.47842965  0.11301515  1.        ], shape=(6,), dtype=float32)",0.1,[9 3 5 1 5 0 0 0 4 0 0 2 1 0 0 0 0 12 0 0 0 0 0 0 15],False,"tf.Tensor(
[[ 0.29394665 -0.4001724   1.0053784  -0.47842965  0.11301515 26.133821
  26.790804   26.066847   25.663942   26.440653   25.409184   26.207146
  26.34998    25.207031   26.688261   25.857185   26.068363   24.624117  ]], shape=(1, 18), dtype=float32)"
700,[9 3 5 1 5 0 0 0 4 0 0 2 1 0 0 0 0 12 0 0 0 0 0 0 15],"tf.Tensor([ 0.20679024 -0.70513314  0.50463367  0.4278274   0.16703019  4.        ], shape=(6,), dtype=float32)",20.0,[10 1 0 0 0 0 0 5 3 4 1 1 1 0 0 0 10 12 0 0 0 0 0 0 15],False,"tf.Tensor(
[[ 0.20679024 -0.70513314  0.50463367  0.4278274   0.16703019 29.529293
  29.770252   29.777195   28.594896   30.220074   30.075573   29.560596
  29.711727   28.701815   30.16933    30.005384   28.500467   29.275301  ]], shape=(1, 18), dtype=float32)"
701,[10 1 0 0 0 0 0 5 3 4 1 1 1 0 0 0 10 12 0 0 0 0 0 0 15],[0 0 0 1 1 0],0.2,[10 2 5 1 0 0 0 3 4 4 0 0 1 0 0 0 10 12 0 0 0 0 0 0 15],False,"tf.Tensor(
[[ 0.5484623  -0.3342573   0.46793917  0.5472851   0.3822144  26.77579
  26.629942   26.594788   24.265379   25.906916   26.152496   25.854025
  27.59407    26.50115    26.852018   26.331066   26.051403   26.050673  ]], shape=(1, 18), dtype=float32)"
702,[10 2 5 1 0 0 0 3 4 4 0 0 1 0 0 0 10 12 0 0 0 0 0 0 15],"tf.Tensor([ 0.20703748 -0.7746839   0.32544985  0.2523196   0.7516806   7.        ], shape=(6,), dtype=float32)",0.0,[10 3 5 1 0 0 0 1 4 2 0 0 1 0 0 0 10 12 0 0 0 0 0 0 15],False,"tf.Tensor(
[[ 0.20703748 -0.7746839   0.32544985  0.2523196   0.7516806  30.076256
  30.096378   29.053774   27.97231    29.841806   28.95784    28.548216
  30.751034   29.415813   30.45264    29.540508   28.714163   29.295738  ]], shape=(1, 18), dtype=float32)"
703,[10 3 5 1 0 0 0 1 4 2 0 0 1 0 0 0 10 12 0 0 0 0 0 0 15],"tf.Tensor([-0.1388298  -1.3248786   0.08676925 -0.27057347  0.20224628  1.        ], shape=(6,), dtype=float32)",0.0,[11 1 0 0 0 0 0 1 6 1 5 1 1 0 0 0 10 12 0 0 0 0 0 0 15],False,"tf.Tensor(
[[-0.1388298  -1.3248786   0.08676925 -0.27057347  0.20224628 27.7438
  28.490908   27.139015   26.396368   28.286974   27.14909    26.759998
  28.376484   26.993765   28.427427   27.564262   26.051138   27.320843  ]], shape=(1, 18), dtype=float32)"
704,[11 1 0 0 0 0 0 1 6 1 5 1 1 0 0 0 10 12 0 0 0 0 0 0 15],"tf.Tensor([ 0.7368839  -0.7224781  -0.2605923   0.17914024  0.28997597  1.        ], shape=(6,), dtype=float32)",0.0,[11 2 0 0 0 0 0 4 1 4 4 2 1 0 0 0 10 12 0 0 0 0 0 0 15],False,"tf.Tensor(
[[ 0.7368839  -0.7224781  -0.2605923   0.17914024  0.28997597 26.614584
  26.797224   26.59916    24.68299    25.847725   26.519447   26.409958
  26.612013   26.430868   25.96175    26.489086   25.356691   25.727583  ]], shape=(1, 18), dtype=float32)"
705,[11 2 0 0 0 0 0 4 1 4 4 2 1 0 0 0 10 12 0 0 0 0 0 0 15],"tf.Tensor([ 0.49590412 -0.13663502  0.6596694   0.16958836  0.14059421  7.        ], shape=(6,), dtype=float32)",0.0,[11 3 0 0 0 0 0 3 1 6 3 5 1 0 0 0 10 12 0 0 0 0 0 0 15],False,"tf.Tensor(
[[ 0.49590412 -0.13663502  0.6596694   0.16958836  0.14059421 28.11683
  27.993034   27.750769   25.850502   26.944023   27.24094    27.366598
  28.677523   27.762808   28.100637   27.491873   27.361097   26.7019    ]], shape=(1, 18), dtype=float32)"
706,[11 3 0 0 0 0 0 3 1 6 3 5 1 0 0 0 10 12 0 0 0 0 0 0 15],"tf.Tensor([0.5900214  0.18605416 0.9135839  0.18692389 0.10801074 7.        ], shape=(6,), dtype=float32)",0.0,[12 1 0 0 0 0 0 3 3 2 4 1 1 0 0 0 10 12 0 0 0 0 0 0 15],False,"tf.Tensor(
[[ 0.5900214   0.18605416  0.9135839   0.18692389  0.10801074 29.359142
  29.541855   29.20995    27.101528   28.291574   28.696861   28.56324
  30.346487   29.560135   29.485401   29.036602   28.764795   27.59739   ]], shape=(1, 18), dtype=float32)"
707,[12 1 0 0 0 0 0 3 3 2 4 1 1 0 0 0 10 12 0 0 0 0 0 0 15],"tf.Tensor([ 0.45962086 -0.81009    -0.02394173  0.11826304  0.01276323  7.        ], shape=(6,), dtype=float32)",0.0,[12 2 0 0 0 0 0 3 6 1 1 5 1 0 0 0 10 12 0 0 0 0 0 0 15],False,"tf.Tensor(
[[ 4.59620863e-01 -8.10090005e-01 -2.39417255e-02  1.18263036e-01
   1.27632320e-02  2.66255302e+01  2.67753201e+01  2.65908432e+01
   2.45576706e+01  2.59168205e+01  2.62621708e+01  2.64486809e+01
   2.68004131e+01  2.61367188e+01  2.64105835e+01  2.63289280e+01
   2.54950905e+01  2.58576164e+01]], shape=(1, 18), dtype=float32)"
708,[12 2 0 0 0 0 0 3 6 1 1 5 1 0 0 0 10 12 0 0 0 0 0 0 15],"tf.Tensor([ 0.5661032  -0.6258984   0.05608609  0.49033752  0.17227992  7.        ], shape=(6,), dtype=float32)",0.0,[12 3 0 0 0 0 0 4 5 4 5 3 1 0 0 0 10 12 0 0 0 0 0 0 15],False,"tf.Tensor(
[[ 0.5661032  -0.6258984   0.05608609  0.49033752  0.17227992 27.62856
  28.696262   28.238718   25.034397   27.045046   27.997248   26.909092
  28.848293   28.532042   27.805393   28.13287    26.37185    26.995255  ]], shape=(1, 18), dtype=float32)"
709,[12 3 0 0 0 0 0 4 5 4 5 3 1 0 0 0 10 12 0 0 0 0 0 0 15],[ 1  0  0  0  0 12],-22.0,[13 1 0 0 0 0 0 2 1 1 6 4 1 0 0 0 10 12 0 0 0 0 0 0 4],False,"tf.Tensor(
[[9.3366373e-01 2.9383466e-02 1.7793921e-01 5.6668425e-01 4.0119228e-01
  3.2046516e+01 3.2081577e+01 3.1722191e+01 2.8582348e+01 3.0118172e+01
  3.1103727e+01 3.0598364e+01 3.3048550e+01 3.2625786e+01 3.1644468e+01
  3.1782215e+01 3.0873259e+01 3.0323984e+01]], shape=(1, 18), dtype=float32)"
710,[13 1 0 0 0 0 0 2 1 1 6 4 1 0 0 0 10 12 0 0 0 0 0 0 4],"tf.Tensor([ 1.4922808   0.16665302 -0.4540669   0.66165113  1.1567354   8.        ], shape=(6,), dtype=float32)",0.2,[13 2 5 1 0 0 0 0 2 3 6 0 1 0 0 0 10 12 0 0 0 0 0 0 4],False,"tf.Tensor(
[[ 1.4922808   0.16665302 -0.4540669   0.66165113  1.1567354  23.253302
  22.430128   22.228573   20.757286   21.12305    22.03529    21.35207
  23.036514   23.809559   21.714115   22.312243   21.650656   21.82124   ]], shape=(1, 18), dtype=float32)"
711,[13 2 5 1 0 0 0 0 2 3 6 0 1 0 0 0 10 12 0 0 0 0 0 0 4],"tf.Tensor([ 0.98793125 -0.48121995 -0.8024063   0.2719666   1.3482413   0.        ], shape=(6,), dtype=float32)",0.0,[13 3 5 1 0 0 0 0 5 3 4 0 1 0 0 0 10 12 0 0 0 0 0 0 4],False,"tf.Tensor(
[[ 0.98793125 -0.48121995 -0.8024063   0.2719666   1.3482413  25.90855
  25.02829    24.098839   23.625038   24.324575   23.865358   23.810162
  25.416142   25.725227   24.561722   24.50227    23.917984   24.473581  ]], shape=(1, 18), dtype=float32)"
712,[13 3 5 1 0 0 0 0 5 3 4 0 1 0 0 0 10 12 0 0 0 0 0 0 4],"tf.Tensor([ 1.0458493  -0.5459421  -0.7748518   0.82671773  1.3450887   8.        ], shape=(6,), dtype=float32)",0.0,[14 1 0 0 0 0 0 5 2 2 5 1 1 0 0 0 10 12 0 0 0 0 0 0 4],True,"tf.Tensor(
[[ 1.0458493  -0.5459421  -0.7748518   0.82671773  1.3450887  26.6392
  26.070503   25.39145    23.885433   25.071983   25.246473   24.82173
  26.693047   26.850735   25.316801   25.70716    24.807245   25.614973  ]], shape=(1, 18), dtype=float32)"
713,[1 1 0 0 0 0 0 3 4 1 2 1 0 0 0 0 0 0 0 0 0 0 0 0 0],"tf.Tensor([ 2.1863062  2.9578216  0.6887705  2.454096   3.7140393 11.       ], shape=(6,), dtype=float32)",0.4,[1 2 3 4 2 1 0 0 0 2 0 0 0 0 0 0 0 0 0 0 0 0 0 0 0],False,"tf.Tensor(
[[ 2.1863062  2.9578216  0.6887705  2.454096   3.7140393 13.089626
  11.181473  12.911259  11.71947   11.37667   13.070446  12.119486
  12.943926  13.921008  11.966565  13.101393  14.216654  12.346394 ]], shape=(1, 18), dtype=float32)"
714,[1 2 3 4 2 1 0 0 0 2 0 0 0 0 0 0 0 0 0 0 0 0 0 0 0],[0 0 1 0 1 0],0.1,[1 3 3 4 2 1 2 0 0 0 0 0 0 0 0 0 0 0 0 0 0 0 0 0 0],False,"tf.Tensor(
[[ 2.5071354  2.9337907  1.5940435  2.3596606  3.1878705 14.988876
  12.750729  15.922308  14.386225  15.199509  16.071714  15.737656
  16.10909   15.590058  14.861846  17.01499   16.102806  16.433516 ]], shape=(1, 18), dtype=float32)"
715,[1 3 3 4 2 1 2 0 0 0 0 0 0 0 0 0 0 0 0 0 0 0 0 0 0],"tf.Tensor([ 2.547118   2.7188387  1.5373158  2.395674   3.1214879 10.       ], shape=(6,), dtype=float32)",0.0,[2 1 0 0 0 0 0 3 4 1 2 1 0 0 0 0 0 0 0 0 0 0 0 0 0],False,"tf.Tensor(
[[ 2.547118   2.7188387  1.5373158  2.395674   3.1214879 15.647534
  13.228491  16.509771  14.922049  15.704791  16.734972  16.282005
  16.599674  15.967326  15.383726  17.490873  16.494173  17.170063 ]], shape=(1, 18), dtype=float32)"
716,[2 1 0 0 0 0 0 3 4 1 2 1 0 0 0 0 0 0 0 0 0 0 0 0 0],"tf.Tensor([2.095393  2.7136545 0.4409945 2.3589463 3.5069344 8.       ], shape=(6,), dtype=float32)",0.4,[2 2 6 1 2 2 0 0 0 4 0 0 0 0 0 0 0 0 0 0 0 0 0 0 0],False,"tf.Tensor(
[[ 2.095393   2.7136545  0.4409945  2.3589463  3.5069344 13.148911
  11.425462  12.909151  11.4741335 11.223746  12.98565   12.123758
  12.903814  14.153202  11.931181  13.139374  14.026693  12.385553 ]], shape=(1, 18), dtype=float32)"
717,[2 2 6 1 2 2 0 0 0 4 0 0 0 0 0 0 0 0 0 0 0 0 0 0 0],"tf.Tensor([ 2.8053508  3.4698105  1.7833743  2.8936093  4.3215103 11.       ], shape=(6,), dtype=float32)",0.1,[2 3 6 1 2 2 4 0 0 0 0 0 0 0 0 0 0 0 0 0 0 0 0 0 0],False,"tf.Tensor(
[[ 2.8053508  3.4698105  1.7833743  2.8936093  4.3215103 17.902622
  15.281302  18.424038  17.339418  17.540447  18.726572  18.341383
  18.712523  18.370943  17.334074  19.506088  19.716204  18.893156 ]], shape=(1, 18), dtype=float32)"
718,[2 3 6 1 2 2 4 0 0 0 0 0 0 0 0 0 0 0 0 0 0 0 0 0 0],"tf.Tensor([ 2.9375997  3.0645645  1.8256359  3.537002   4.457313  12.       ], shape=(6,), dtype=float32)",30.0,[3 1 0 0 0 0 0 6 1 1 2 2 0 0 0 0 0 0 0 0 0 0 0 0 15],False,"tf.Tensor(
[[ 2.9375997  3.0645645  1.8256359  3.537002   4.457313  18.65954
  15.758845  19.434282  17.541742  17.95652   19.90295   18.940174
  19.430853  18.747986  17.897905  20.146358  20.113756  20.622562 ]], shape=(1, 18), dtype=float32)"
719,[3 1 0 0 0 0 0 6 1 1 2 2 0 0 0 0 0 0 0 0 0 0 0 0 15],"tf.Tensor([ 1.4562148  2.1130998  1.7139231  1.3437598  1.4977452 11.       ], shape=(6,), dtype=float32)",0.5,[3 2 6 2 3 4 3 0 0 0 0 0 0 0 0 0 0 0 0 0 0 0 0 0 15],False,"tf.Tensor(
[[ 1.4562148  2.1130998  1.7139231  1.3437598  1.4977452 22.119946
  20.941198  22.040394  21.280798  20.852377  21.425646  21.38069
  21.594423  21.855022  21.521559  21.248487  23.388025  20.17167  ]], shape=(1, 18), dtype=float32)"
720,[3 2 6 2 3 4 3 0 0 0 0 0 0 0 0 0 0 0 0 0 0 0 0 0 15],"tf.Tensor([ 1.0404499  1.9100952  1.884418   1.8776586  2.5799444 11.       ], shape=(6,), dtype=float32)",0.0,[3 3 6 2 3 4 3 0 0 0 0 0 0 0 0 0 0 0 0 0 0 0 0 0 15],False,"tf.Tensor(
[[ 1.0404499  1.9100952  1.884418   1.8776586  2.5799444 29.472635
  27.974716  29.052963  29.80184   29.504179  29.918337  28.722755
  28.24575   29.519379  29.076912  28.765541  30.084028  29.228283 ]], shape=(1, 18), dtype=float32)"
721,[3 3 6 2 3 4 3 0 0 0 0 0 0 0 0 0 0 0 0 0 0 0 0 0 15],"tf.Tensor([ 1.0178208  1.8254638  1.9031519  1.8620706  2.601341  11.       ], shape=(6,), dtype=float32)",0.0,[4 1 0 0 0 0 0 6 2 3 4 3 0 0 0 0 0 0 0 0 0 0 0 0 15],False,"tf.Tensor(
[[ 1.0178208  1.8254638  1.9031519  1.8620706  2.601341  29.899984
  28.53043   29.619307  30.258137  30.131393  30.500238  29.302555
  28.906488  29.915009  29.690035  29.362478  30.529932  29.767656 ]], shape=(1, 18), dtype=float32)"
722,[4 1 0 0 0 0 0 6 2 3 4 3 0 0 0 0 0 0 0 0 0 0 0 0 15],"tf.Tensor([ 1.2904733  2.3273919  1.8060962  1.4582824  1.8611075 11.       ], shape=(6,), dtype=float32)",0.5,[4 2 6 5 4 6 1 0 0 0 0 0 0 0 0 0 0 0 0 0 0 0 0 0 15],False,"tf.Tensor(
[[ 1.2904733  2.3273919  1.8060962  1.4582824  1.8611075 24.93624
  24.049732  24.629267  23.50679   23.326376  24.056229  24.171585
  25.016647  25.146505  24.396236  24.336021  26.300955  22.69392  ]], shape=(1, 18), dtype=float32)"
723,[4 2 6 5 4 6 1 0 0 0 0 0 0 0 0 0 0 0 0 0 0 0 0 0 15],"tf.Tensor([ 1.3448104  2.305173   2.0520518  2.2913754  3.21303   12.       ], shape=(6,), dtype=float32)",0.0,[4 3 6 5 4 6 1 0 0 0 0 0 0 0 0 0 0 0 0 0 0 0 0 0 15],False,"tf.Tensor(
[[ 1.3448104  2.305173   2.0520518  2.2913754  3.21303   33.534824
  31.448433  33.52279   33.933064  33.98784   34.261303  32.93419
  32.47004   33.40514   33.293953  33.274826  33.986595  34.366127 ]], shape=(1, 18), dtype=float32)"
724,[4 3 6 5 4 6 1 0 0 0 0 0 0 0 0 0 0 0 0 0 0 0 0 0 15],"tf.Tensor([ 1.2820523  2.1398056  2.0771003  2.2490556  3.2153757 12.       ], shape=(6,), dtype=float32)",14.0,[5 1 0 0 0 0 0 6 5 4 6 1 0 0 0 0 0 0 0 0 0 0 0 0 22],False,"tf.Tensor(
[[ 1.2820523  2.1398056  2.0771003  2.2490556  3.2153757 33.948196
  32.0215    34.002724  34.389267  34.571384  34.803944  33.455246
  33.077564  33.758533  33.866535  33.800983  34.397743  34.852524 ]], shape=(1, 18), dtype=float32)"
725,[5 1 0 0 0 0 0 6 5 4 6 1 0 0 0 0 0 0 0 0 0 0 0 0 22],"tf.Tensor([ 1.929213   2.8660996  1.8261602  1.7874264  2.0315363 11.       ], shape=(6,), dtype=float32)",0.5,[5 2 5 3 3 1 2 0 0 0 0 0 0 0 0 0 0 0 0 0 0 0 0 0 22],False,"tf.Tensor(
[[ 1.929213   2.8660996  1.8261602  1.7874264  2.0315363 33.405437
  32.11915   33.26706   31.950815  31.809698  32.337692  32.78059
  32.88807   33.27558   32.37788   33.272312  35.0725    30.907936 ]], shape=(1, 18), dtype=float32)"
726,[5 2 5 3 3 1 2 0 0 0 0 0 0 0 0 0 0 0 0 0 0 0 0 0 22],"tf.Tensor([0.8490296 1.962333  1.7005689 1.3432215 1.4621828 3.       ], shape=(6,), dtype=float32)",0.0,[5 3 5 3 3 1 2 0 0 0 0 0 0 0 0 0 0 0 0 0 0 0 0 0 22],False,"tf.Tensor(
[[ 0.8490296  1.962333   1.7005689  1.3432215  1.4621828 32.467514
  31.47355   32.112827  33.243023  32.867393  32.618774  31.927265
  30.447077  32.003708  32.119335  32.17721   32.507202  31.75849  ]], shape=(1, 18), dtype=float32)"
727,[5 3 5 3 3 1 2 0 0 0 0 0 0 0 0 0 0 0 0 0 0 0 0 0 22],"tf.Tensor([0.71500283 1.8667078  1.7357401  1.2972447  1.4930651  3.        ], shape=(6,), dtype=float32)",0.0,[6 1 0 0 0 0 0 5 3 3 1 2 0 0 0 0 0 0 0 0 0 0 0 0 22],False,"tf.Tensor(
[[ 0.71500283  1.8667078   1.7357401   1.2972447   1.4930651  33.017506
  32.169674   32.58848    33.80617    33.47584    33.208378   32.41781
  31.175566   32.552933   32.80956    32.774006   32.98933    32.37107   ]], shape=(1, 18), dtype=float32)"
728,[6 1 0 0 0 0 0 5 3 3 1 2 0 0 0 0 0 0 0 0 0 0 0 0 22],"tf.Tensor([ 1.6105393  2.0576313  1.5357534  1.3991344  0.8859968 11.       ], shape=(6,), dtype=float32)",0.4,[6 2 2 1 5 1 0 0 0 0 0 3 0 0 0 0 0 0 0 0 0 0 0 0 22],False,"tf.Tensor(
[[ 1.6105393  2.0576313  1.5357534  1.3991344  0.8859968 29.242115
  28.448555  29.570969  28.171173  28.141716  28.731619  28.967619
  28.40705   28.97481   28.549894  29.326303  30.248402  27.321762 ]], shape=(1, 18), dtype=float32)"
729,[6 2 2 1 5 1 0 0 0 0 0 3 0 0 0 0 0 0 0 0 0 0 0 0 22],[1 0 0 0 0 2],0.0,[6 3 2 1 5 1 0 0 0 0 0 1 0 0 0 0 0 0 0 0 0 0 0 0 22],False,"tf.Tensor(
[[ 1.1918871   1.9560813   1.516881    1.8664569   0.63762796 29.782614
  28.574646   30.135593   29.859694   29.486137   30.514463   29.507437
  27.329575   29.46419    28.928322   29.792423   29.54343    29.57035   ]], shape=(1, 18), dtype=float32)"
730,[6 3 2 1 5 1 0 0 0 0 0 1 0 0 0 0 0 0 0 0 0 0 0 0 22],"tf.Tensor([0.9350731  1.561377   1.2829285  1.643076   0.59584105 5.        ], shape=(6,), dtype=float32)",0.0,[7 1 0 0 0 0 0 2 1 5 1 1 0 0 0 0 0 0 0 0 0 0 0 0 22],False,"tf.Tensor(
[[ 0.9350731   1.561377    1.2829285   1.643076    0.59584105 29.991917
  28.870659   30.182215   30.313177   30.031315   30.6464     29.762209
  27.389225   29.267015   29.34157    29.901413   29.597189   29.990791  ]], shape=(1, 18), dtype=float32)"
731,[7 1 0 0 0 0 0 2 1 5 1 1 0 0 0 0 0 0 0 0 0 0 0 0 22],"tf.Tensor([ 1.2886248   1.6547487   1.1169533   1.1702796   0.34896398 11.        ], shape=(6,), dtype=float32)",0.4,[7 2 3 1 4 3 0 0 0 0 0 4 0 0 0 0 0 0 0 0 0 0 0 0 22],False,"tf.Tensor(
[[ 1.2886248   1.6547487   1.1169533   1.1702796   0.34896398 28.15944
  27.284239   28.321707   27.218124   27.142519   27.590776   28.405119
  26.647598   27.433725   27.270454   28.338673   28.541967   26.667753  ]], shape=(1, 18), dtype=float32)"
732,[7 2 3 1 4 3 0 0 0 0 0 4 0 0 0 0 0 0 0 0 0 0 0 0 22],"tf.Tensor([0.9060454  1.8150706  1.7747517  1.7487535  0.72377837 5.        ], shape=(6,), dtype=float32)",0.0,[7 3 3 1 4 3 0 0 0 0 0 6 0 0 0 0 0 0 0 0 0 0 0 0 22],False,"tf.Tensor(
[[ 0.9060454   1.8150706   1.7747517   1.7487535   0.72377837 30.952837
  30.072857   31.19807    31.096947   30.770655   31.792122   30.59267
  28.808899   30.8712     30.35647    30.899565   30.696264   30.744366  ]], shape=(1, 18), dtype=float32)"
733,[7 3 3 1 4 3 0 0 0 0 0 6 0 0 0 0 0 0 0 0 0 0 0 0 22],"tf.Tensor([1.1171665  2.0048833  1.9117533  1.8973941  0.89913523 5.        ], shape=(6,), dtype=float32)",0.0,[8 1 0 0 0 0 0 3 1 4 3 1 0 0 0 0 0 0 0 0 0 0 0 0 22],False,"tf.Tensor(
[[ 1.1171665   2.0048833   1.9117533   1.8973941   0.89913523 31.899742
  31.069267   32.399937   31.967884   31.764755   32.95865    31.585842
  30.043882   32.107822   31.302284   32.016396   31.836708   31.611368  ]], shape=(1, 18), dtype=float32)"
734,[8 1 0 0 0 0 0 3 1 4 3 1 0 0 0 0 0 0 0 0 0 0 0 0 22],"tf.Tensor([ 1.3118578  1.7694547  1.156009   1.1233821  0.3249576 11.       ], shape=(6,), dtype=float32)",0.4,[8 2 5 5 5 5 0 0 0 0 0 4 0 0 0 0 0 0 0 0 0 0 0 0 22],False,"tf.Tensor(
[[ 1.3118578  1.7694547  1.156009   1.1233821  0.3249576 29.204834
  28.175251  29.426262  28.271912  28.051056  28.592375  29.538166
  27.561754  28.302694  28.297287  29.213766  29.756794  27.510199 ]], shape=(1, 18), dtype=float32)"
735,[8 2 5 5 5 5 0 0 0 0 0 4 0 0 0 0 0 0 0 0 0 0 0 0 22],"tf.Tensor([0.892484  1.9053038 1.7000831 1.8115915 1.7100261 5.       ], shape=(6,), dtype=float32)",0.1,[8 3 5 5 5 5 4 0 0 0 0 0 0 0 0 0 0 0 0 0 0 0 0 0 22],False,"tf.Tensor(
[[ 0.892484   1.9053038  1.7000831  1.8115915  1.7100261 38.14207
  37.055946  38.264187  38.43191   38.672672  39.094524  37.6548
  36.331005  38.29763   37.85656   37.998455  37.85273   38.144714 ]], shape=(1, 18), dtype=float32)"
736,[8 3 5 5 5 5 4 0 0 0 0 0 0 0 0 0 0 0 0 0 0 0 0 0 22],"tf.Tensor([0.7131732 1.5233485 1.3277175 1.5098158 1.9347523 3.       ], shape=(6,), dtype=float32)",8.0,[9 1 0 0 0 0 0 5 5 5 5 1 0 0 0 4 0 0 0 0 0 0 0 0 22],False,"tf.Tensor(
[[ 0.7131732  1.5233485  1.3277175  1.5098158  1.9347523 40.825497
  39.365135  39.9363    41.06369   40.780846  41.038677  39.573353
  38.32817   40.53737   40.18507   39.94333   39.91186   40.569153 ]], shape=(1, 18), dtype=float32)"
737,[9 1 0 0 0 0 0 5 5 5 5 1 0 0 0 4 0 0 0 0 0 0 0 0 22],"tf.Tensor([ 1.0704302   1.4086043   0.24636813  1.1148808   0.32831252 10.        ], shape=(6,), dtype=float32)",0.30000000000000004,[9 2 4 4 5 0 0 0 0 3 0 4 0 0 0 4 0 0 0 0 0 0 0 0 22],False,"tf.Tensor(
[[ 1.0704302   1.4086043   0.24636813  1.1148808   0.32831252 31.025341
  30.171394   31.594261   28.95713    30.264977   30.300362   31.514523
  30.458797   30.178728   30.796824   31.641275   31.591984   29.735628  ]], shape=(1, 18), dtype=float32)"
738,[9 2 4 4 5 0 0 0 0 3 0 4 0 0 0 4 0 0 0 0 0 0 0 0 22],"tf.Tensor([0.24748258 0.95605224 0.42531258 0.9035454  0.26314557 4.        ], shape=(6,), dtype=float32)",0.0,[9 3 4 4 5 0 0 0 0 1 0 2 0 0 0 4 0 0 0 0 0 0 0 0 22],False,"tf.Tensor(
[[ 0.24748258  0.95605224  0.42531258  0.9035454   0.26314557 32.696606
  32.273914   33.12408    32.311867   33.860703   33.092358   32.988895
  31.527739   32.245552   33.20839    33.431946   31.901922   32.78255   ]], shape=(1, 18), dtype=float32)"
739,[9 3 4 4 5 0 0 0 0 1 0 2 0 0 0 4 0 0 0 0 0 0 0 0 22],"tf.Tensor([0.17733376 0.52982813 0.22243781 0.682601   0.03101812 4.        ], shape=(6,), dtype=float32)",10.0,[10 1 0 0 0 0 0 4 4 1 5 6 0 0 0 4 5 0 0 0 0 0 0 0 22],False,"tf.Tensor(
[[1.7733376e-01 5.2982813e-01 2.2243781e-01 6.8260098e-01 3.1018123e-02
  3.1683605e+01 3.1101788e+01 3.2211498e+01 3.1979561e+01 3.3398605e+01
  3.2240322e+01 3.2153965e+01 2.9857151e+01 3.0550434e+01 3.2231010e+01
  3.2124409e+01 3.0734194e+01 3.2168365e+01]], shape=(1, 18), dtype=float32)"
740,[10 1 0 0 0 0 0 4 4 1 5 6 0 0 0 4 5 0 0 0 0 0 0 0 22],"tf.Tensor([1.246265   1.6277508  0.4974671  0.6338074  0.13402246 2.        ], shape=(6,), dtype=float32)",0.2,[10 2 4 1 0 0 0 0 0 6 4 1 0 0 0 4 5 0 0 0 0 0 0 0 22],False,"tf.Tensor(
[[ 1.246265    1.6277508   0.4974671   0.6338074   0.13402246 29.528252
  28.977558   30.2747     28.119526   28.72304    29.032578   29.562666
  28.956638   29.179989   29.177809   29.798738   29.784458   27.777966  ]], shape=(1, 18), dtype=float32)"
741,[10 2 4 1 0 0 0 0 0 6 4 1 0 0 0 4 5 0 0 0 0 0 0 0 22],"tf.Tensor([-0.03234084  0.6312422   0.22867568  0.02935721  0.14176427  6.        ], shape=(6,), dtype=float32)",0.0,[10 3 4 1 0 0 0 0 0 3 1 6 0 0 0 4 5 0 0 0 0 0 0 0 22],False,"tf.Tensor(
[[-3.2340840e-02  6.3124222e-01  2.2867568e-01  2.9357210e-02
   1.4176427e-01  3.0018940e+01  2.9916500e+01  3.0176926e+01
   2.9572315e+01  3.0933304e+01  2.9491728e+01  3.0965797e+01
   2.9239256e+01  2.9108902e+01  3.0615570e+01  3.0447498e+01
   2.9774544e+01  2.9259590e+01]], shape=(1, 18), dtype=float32)"
742,[10 3 4 1 0 0 0 0 0 3 1 6 0 0 0 4 5 0 0 0 0 0 0 0 22],"tf.Tensor([ 0.22684519  0.7799893   0.80066943  0.19350363 -0.00704814  4.        ], shape=(6,), dtype=float32)",-10.0,[11 1 0 0 0 0 0 4 1 6 4 3 0 0 0 4 0 0 0 0 0 0 0 0 22],False,"tf.Tensor(
[[ 2.2684519e-01  7.7998930e-01  8.0066943e-01  1.9350363e-01
  -7.0481449e-03  2.8481413e+01  2.8661533e+01  2.9051090e+01
   2.8275999e+01  2.9336622e+01  2.8611465e+01  2.9102026e+01
   2.7951662e+01  2.8176552e+01  2.8975368e+01  2.8980379e+01
   2.8141996e+01  2.7823017e+01]], shape=(1, 18), dtype=float32)"
743,[11 1 0 0 0 0 0 4 1 6 4 3 0 0 0 4 0 0 0 0 0 0 0 0 22],"tf.Tensor([ 0.7521518   0.9450328   0.50330764  0.8047062  -0.60437214  6.        ], shape=(6,), dtype=float32)",0.1,[11 2 3 0 0 0 0 2 0 3 6 4 0 0 0 4 0 0 0 0 0 0 0 0 22],False,"tf.Tensor(
[[ 0.7521518   0.9450328   0.50330764  0.8047062  -0.60437214 29.708563
  28.863888   30.470318   27.790878   29.03722    29.160206   30.8141
  28.77714    28.585411   29.631546   30.116505   29.94477    28.537159  ]], shape=(1, 18), dtype=float32)"
744,[11 2 3 0 0 0 0 2 0 3 6 4 0 0 0 4 0 0 0 0 0 0 0 0 22],"tf.Tensor([ 0.73998684  1.2278184   0.85237306  0.8879347  -0.16853859  6.        ], shape=(6,), dtype=float32)",0.0,[11 3 3 0 0 0 0 5 0 5 4 6 0 0 0 4 0 0 0 0 0 0 0 0 22],False,"tf.Tensor(
[[ 0.73998684  1.2278184   0.85237306  0.8879347  -0.16853859 30.514046
  29.546524   31.25334    29.470064   30.199183   30.30098    31.74057
  29.36669    29.108847   30.4363     30.863417   31.004328   29.509726  ]], shape=(1, 18), dtype=float32)"
745,[11 3 3 0 0 0 0 5 0 5 4 6 0 0 0 4 0 0 0 0 0 0 0 0 22],"tf.Tensor([ 0.4110567   1.3530294   1.4508909   1.1150173   0.35869777 11.        ], shape=(6,), dtype=float32)",0.0,[12 1 0 0 0 0 0 2 3 6 5 1 0 0 0 4 0 0 0 0 0 0 0 0 22],False,"tf.Tensor(
[[ 0.4110567   1.3530294   1.4508909   1.1150173   0.35869777 33.001163
  32.56877    33.389523   31.098814   32.206566   32.659397   33.565853
  33.039654   32.58158    33.398426   33.3229     33.79314    31.684206  ]], shape=(1, 18), dtype=float32)"
746,[12 1 0 0 0 0 0 2 3 6 5 1 0 0 0 4 0 0 0 0 0 0 0 0 22],"tf.Tensor([ 0.576433    0.56466025 -0.3196681   0.48117006 -0.6890062   6.        ], shape=(6,), dtype=float32)",0.0,[12 2 0 0 0 0 0 2 5 4 6 1 0 0 0 4 0 0 0 0 0 0 0 0 22],False,"tf.Tensor(
[[ 0.576433    0.56466025 -0.3196681   0.48117006 -0.6890062  29.579548
  28.945354   30.247824   27.91627    29.33403    28.988867   30.982449
  28.283798   28.153324   29.38578    30.358881   29.220972   28.770348  ]], shape=(1, 18), dtype=float32)"
747,[12 2 0 0 0 0 0 2 5 4 6 1 0 0 0 4 0 0 0 0 0 0 0 0 22],"tf.Tensor([ 0.67603844  0.6990927  -0.5065554   0.5324726  -0.3965236   6.        ], shape=(6,), dtype=float32)",0.0,[12 3 0 0 0 0 0 6 3 2 3 1 0 0 0 4 0 0 0 0 0 0 0 0 22],False,"tf.Tensor(
[[ 0.67603844  0.6990927  -0.5065554   0.5324726  -0.3965236  30.352636
  29.815308   31.007566   28.791231   30.079975   29.868868   31.508339
  29.117128   28.965685   30.04349    31.286552   29.93069    29.612223  ]], shape=(1, 18), dtype=float32)"
748,[12 3 0 0 0 0 0 6 3 2 3 1 0 0 0 4 0 0 0 0 0 0 0 0 22],"tf.Tensor(
[ 4.7808200e-01  5.3103715e-03  2.2530749e-02  4.2174911e-01
 -5.9529138e-01  6.0000000e+00], shape=(6,), dtype=float32)",0.0,[13 1 0 0 0 0 0 4 4 5 5 3 0 0 0 4 0 0 0 0 0 0 0 0 22],False,"tf.Tensor(
[[ 4.7808200e-01  5.3103715e-03  2.2530749e-02  4.2174911e-01
  -5.9529138e-01  2.9295540e+01  2.8811182e+01  3.0067169e+01
   2.7951942e+01  2.9182125e+01  2.8958639e+01  3.0128086e+01
   2.7875917e+01  2.7830120e+01  2.9298782e+01  2.9287867e+01
   2.9197231e+01  2.8722853e+01]], shape=(1, 18), dtype=float32)"
749,[13 1 0 0 0 0 0 4 4 5 5 3 0 0 0 4 0 0 0 0 0 0 0 0 22],"tf.Tensor([ 0.6517804   0.7851327  -0.1125056   0.7148596  -0.43329346  6.        ], shape=(6,), dtype=float32)",0.0,[13 2 0 0 0 0 0 5 6 5 3 6 0 0 0 4 0 0 0 0 0 0 0 0 22],False,"tf.Tensor(
[[ 0.6517804   0.7851327  -0.1125056   0.7148596  -0.43329346 31.293
  30.76564    31.878038   29.112513   30.466566   30.696499   32.27884
  30.378757   30.27632    31.045301   32.05026    31.082636   30.222065  ]], shape=(1, 18), dtype=float32)"
750,[13 2 0 0 0 0 0 5 6 5 3 6 0 0 0 4 0 0 0 0 0 0 0 0 22],"tf.Tensor([ 0.5676933   0.96734065  0.15036912  0.88278365  0.02594684 10.        ], shape=(6,), dtype=float32)",0.1,[13 3 6 0 0 0 0 6 0 1 2 1 0 0 0 4 0 0 0 0 0 0 0 0 22],False,"tf.Tensor(
[[5.6769329e-01 9.6734065e-01 1.5036912e-01 8.8278365e-01 2.5946841e-02
  3.3040424e+01 3.3175941e+01 3.3501747e+01 3.0344852e+01 3.1943316e+01
  3.2629250e+01 3.3377308e+01 3.3296242e+01 3.2981945e+01 3.3064236e+01
  3.4218044e+01 3.2820499e+01 3.1787661e+01]], shape=(1, 18), dtype=float32)"
751,[13 3 6 0 0 0 0 6 0 1 2 1 0 0 0 4 0 0 0 0 0 0 0 0 22],"tf.Tensor([-0.21450193 -0.5330232   0.7582472   0.5262867  -0.15838875  6.        ], shape=(6,), dtype=float32)",0.0,[14 1 0 0 0 0 0 5 4 4 2 2 0 0 0 4 0 0 0 0 0 0 0 0 22],True,"tf.Tensor(
[[-0.21450193 -0.5330232   0.7582472   0.5262867  -0.15838875 31.163305
  30.753242   31.582443   30.403435   31.739939   31.106987   32.185616
  29.857569   29.535973   31.900284   30.733582   31.3936     31.094934  ]], shape=(1, 18), dtype=float32)"
752,[1 1 0 0 0 0 0 1 3 3 1 3 0 0 0 0 0 0 0 0 0 0 0 0 0],"tf.Tensor([2.7579288 3.2691982 1.125409  1.8257916 3.1386085 8.       ], shape=(6,), dtype=float32)",0.5,[1 2 1 3 3 1 3 0 0 0 0 0 0 0 0 0 0 0 0 0 0 0 0 0 0],False,"tf.Tensor(
[[ 2.7579288  3.2691982  1.125409   1.8257916  3.1386085 10.980473
   9.247926  11.37672    9.658742  10.134483  11.235502  11.164022
  12.334771  12.919407  10.17715   12.700871  12.158061  11.175098 ]], shape=(1, 18), dtype=float32)"
753,[1 2 1 3 3 1 3 0 0 0 0 0 0 0 0 0 0 0 0 0 0 0 0 0 0],[1 0 1 0 1 1],0.0,[1 3 1 3 3 1 3 0 0 0 0 0 0 0 0 0 0 0 0 0 0 0 0 0 0],False,"tf.Tensor(
[[ 2.2781117  2.4800124  1.3356568  2.321831   2.6122673 14.1083145
  11.543414  14.900213  13.202163  13.91916   14.963     14.444365
  14.741693  14.102523  13.855165  15.461183  14.6521    15.61183  ]], shape=(1, 18), dtype=float32)"
754,[1 3 1 3 3 1 3 0 0 0 0 0 0 0 0 0 0 0 0 0 0 0 0 0 0],"tf.Tensor([ 2.3152888  2.4523225  1.3557506  2.2882257  2.6775894 12.       ], shape=(6,), dtype=float32)",22.0,[2 1 0 0 0 0 0 1 3 3 1 3 0 0 0 0 0 0 0 0 0 0 0 0 11],False,"tf.Tensor(
[[ 2.3152888  2.4523225  1.3557506  2.2882257  2.6775894 14.743554
  12.208729  15.467415  13.874094  14.571087  15.59961   15.08324
  15.401272  14.737347  14.459506  16.13961   15.226631  16.23351  ]], shape=(1, 18), dtype=float32)"
755,[2 1 0 0 0 0 0 1 3 3 1 3 0 0 0 0 0 0 0 0 0 0 0 0 11],"tf.Tensor([1.1974382 1.8711853 1.1119106 1.1263306 1.4882466 8.       ], shape=(6,), dtype=float32)",0.5,[2 2 3 3 2 2 2 0 0 0 0 0 0 0 0 0 0 0 0 0 0 0 0 0 11],False,"tf.Tensor(
[[ 1.1974382  1.8711853  1.1119106  1.1263306  1.4882466 17.314192
  16.898397  17.098877  16.469326  16.304295  16.86749   16.548994
  17.468649  17.897188  16.50567   17.653671  17.831919  16.081686 ]], shape=(1, 18), dtype=float32)"
756,[2 2 3 3 2 2 2 0 0 0 0 0 0 0 0 0 0 0 0 0 0 0 0 0 11],"tf.Tensor([0.9599934 1.6075559 1.2778772 1.281466  1.8642666 3.       ], shape=(6,), dtype=float32)",0.0,[2 3 3 3 2 2 2 0 0 0 0 0 0 0 0 0 0 0 0 0 0 0 0 0 11],False,"tf.Tensor(
[[ 0.9599934  1.6075559  1.2778772  1.281466   1.8642666 21.809366
  20.66911   21.42582   22.003222  21.802155  21.875778  21.015924
  20.895952  21.800274  21.34138   21.362907  21.975922  21.492706 ]], shape=(1, 18), dtype=float32)"
757,[2 3 3 3 2 2 2 0 0 0 0 0 0 0 0 0 0 0 0 0 0 0 0 0 11],"tf.Tensor([0.9391481 1.5215816 1.3053185 1.2605301 1.8865656 3.       ], shape=(6,), dtype=float32)",0.0,[3 1 0 0 0 0 0 3 3 2 2 2 0 0 0 0 0 0 0 0 0 0 0 0 11],False,"tf.Tensor(
[[ 0.9391481  1.5215816  1.3053185  1.2605301  1.8865656 22.238258
  21.209854  21.996077  22.466444  22.41558   22.450275  21.59063
  21.556427  22.217741  21.943855  21.947552  22.424156  22.044697 ]], shape=(1, 18), dtype=float32)"
758,[3 1 0 0 0 0 0 3 3 2 2 2 0 0 0 0 0 0 0 0 0 0 0 0 11],"tf.Tensor([ 1.1419455  1.7090459  1.1141955  1.103104   1.3648599 11.       ], shape=(6,), dtype=float32)",0.5,[3 2 4 5 4 3 4 0 0 0 0 0 0 0 0 0 0 0 0 0 0 0 0 0 11],False,"tf.Tensor(
[[ 1.1419455  1.7090459  1.1141955  1.103104   1.3648599 18.181973
  17.703981  18.024597  17.193016  17.116058  17.662447  17.514763
  18.289013  18.52531   17.56929   18.28138   18.894918  16.840479 ]], shape=(1, 18), dtype=float32)"
759,[3 2 4 5 4 3 4 0 0 0 0 0 0 0 0 0 0 0 0 0 0 0 0 0 11],"tf.Tensor([ 1.7504287  2.4316728  1.6066445  2.0728848  3.0785882 12.       ], shape=(6,), dtype=float32)",0.0,[3 3 4 5 4 3 4 0 0 0 0 0 0 0 0 0 0 0 0 0 0 0 0 0 11],False,"tf.Tensor(
[[ 1.7504287  2.4316728  1.6066445  2.0728848  3.0785882 28.656673
  26.52123   28.4399    28.322546  28.461847  29.055996  28.011892
  28.071402  28.900845  28.079048  28.87836   28.733095  29.216837 ]], shape=(1, 18), dtype=float32)"
760,[3 3 4 5 4 3 4 0 0 0 0 0 0 0 0 0 0 0 0 0 0 0 0 0 11],"tf.Tensor([ 1.6738573  2.2568069  1.6233746  2.0198545  3.0749516 12.       ], shape=(6,), dtype=float32)",18.0,[4 1 0 0 0 0 0 4 5 4 3 4 0 0 0 0 0 0 0 0 0 0 0 0 20],False,"tf.Tensor(
[[ 1.6738573  2.2568069  1.6233746  2.0198545  3.0749516 29.019936
  27.057901  28.88485   28.725742  29.027918  29.565058  28.500574
  28.656652  29.235283  28.626278  29.369621  29.091944  29.681797 ]], shape=(1, 18), dtype=float32)"
761,[4 1 0 0 0 0 0 4 5 4 3 4 0 0 0 0 0 0 0 0 0 0 0 0 20],"tf.Tensor([ 1.7801784  2.749165   1.8470577  1.6264534  1.9270097 11.       ], shape=(6,), dtype=float32)",0.5,[4 2 3 6 4 2 1 0 0 0 0 0 0 0 0 0 0 0 0 0 0 0 0 0 20],False,"tf.Tensor(
[[ 1.7801784  2.749165   1.8470577  1.6264534  1.9270097 29.479912
  28.791763  29.379057  28.15474   28.013203  28.740297  28.605835
  29.545828  30.060583  28.512335  29.78901   30.696238  27.216805 ]], shape=(1, 18), dtype=float32)"
762,[4 2 3 6 4 2 1 0 0 0 0 0 0 0 0 0 0 0 0 0 0 0 0 0 20],[0 0 0 1 1 2],0.0,[4 3 3 6 4 2 1 0 0 0 0 0 0 0 0 0 0 0 0 0 0 0 0 0 20],False,"tf.Tensor(
[[ 0.8835078  2.0932565  1.5095803  1.4422505  1.6508759 32.85812
  31.496597  32.234505  33.455982  33.203728  32.88628   31.667261
  30.79546   32.499336  32.324905  32.369995  32.410713  32.49789  ]], shape=(1, 18), dtype=float32)"
763,[4 3 3 6 4 2 1 0 0 0 0 0 0 0 0 0 0 0 0 0 0 0 0 0 20],"tf.Tensor([0.846466  1.9941566 1.5023217 1.4014337 1.6629502 3.       ], shape=(6,), dtype=float32)",8.0,[5 1 0 0 0 0 0 3 6 4 2 1 0 0 0 4 0 0 0 0 0 0 0 0 20],False,"tf.Tensor(
[[ 0.846466   1.9941566  1.5023217  1.4014337  1.6629502 33.321705
  32.081707  32.807816  33.94499   33.828995  33.467403  32.246002
  31.46401   32.97314   32.942635  32.937523  32.894985  33.03258  ]], shape=(1, 18), dtype=float32)"
764,[5 1 0 0 0 0 0 3 6 4 2 1 0 0 0 4 0 0 0 0 0 0 0 0 20],"tf.Tensor([ 1.3766854   1.6009567   0.2643677   1.1915494   0.57354224 10.        ], shape=(6,), dtype=float32)",0.30000000000000004,[5 2 3 3 2 0 0 0 0 3 0 4 0 0 0 4 0 0 0 0 0 0 0 0 20],False,"tf.Tensor(
[[ 1.3766854   1.6009567   0.2643677   1.1915494   0.57354224 25.8181
  25.04969    26.61381    24.394123   25.607386   25.47855    25.97719
  25.500906   25.33922    25.528856   26.68349    26.42906    24.861813  ]], shape=(1, 18), dtype=float32)"
765,[5 2 3 3 2 0 0 0 0 3 0 4 0 0 0 4 0 0 0 0 0 0 0 0 20],"tf.Tensor([0.7838976  1.5171962  0.99951196 1.0274196  0.3797184  4.        ], shape=(6,), dtype=float32)",0.1,[5 3 3 3 2 3 0 0 0 0 0 3 0 0 0 4 0 0 0 0 0 0 0 0 20],False,"tf.Tensor(
[[ 0.7838976   1.5171962   0.99951196  1.0274196   0.3797184  26.359432
  25.831596   27.26254    26.010403   27.322237   26.67162    26.78719
  25.901411   26.245281   26.747076   27.094173   26.529703   26.083109  ]], shape=(1, 18), dtype=float32)"
766,[5 3 3 3 2 3 0 0 0 0 0 3 0 0 0 4 0 0 0 0 0 0 0 0 20],"tf.Tensor([0.5107954 1.1853666 1.1882488 1.1096774 0.2667453 4.       ], shape=(6,), dtype=float32)",0.0,[6 1 0 0 0 0 0 3 3 5 2 3 0 0 0 4 0 0 0 0 0 0 0 0 20],False,"tf.Tensor(
[[ 0.5107954  1.1853666  1.1882488  1.1096774  0.2667453 26.930166
  26.314156  27.707619  26.982494  27.976196  27.58988   26.959698
  26.005676  26.480515  27.43968   27.167656  26.784773  27.262505 ]], shape=(1, 18), dtype=float32)"
767,[6 1 0 0 0 0 0 3 3 5 2 3 0 0 0 4 0 0 0 0 0 0 0 0 20],"tf.Tensor([1.1798944  1.5081758  0.7234336  1.0959729  0.11707994 2.        ], shape=(6,), dtype=float32)",0.30000000000000004,[6 2 3 4 5 0 0 0 0 5 0 1 0 0 0 4 0 0 0 0 0 0 0 0 20],False,"tf.Tensor(
[[ 1.1798944   1.5081758   0.7234336   1.0959729   0.11707994 25.675999
  24.975218   26.600586   24.09781    25.337456   25.366028   26.187508
  25.53257    25.28814    25.634106   26.399582   26.340689   24.56256   ]], shape=(1, 18), dtype=float32)"
768,[6 2 3 4 5 0 0 0 0 5 0 1 0 0 0 4 0 0 0 0 0 0 0 0 20],"tf.Tensor([0.23637481 1.046607   0.39811492 0.9853983  0.66974723 4.        ], shape=(6,), dtype=float32)",0.0,[6 3 3 4 5 0 0 0 0 4 0 4 0 0 0 4 0 0 0 0 0 0 0 0 20],False,"tf.Tensor(
[[ 0.23637481  1.046607    0.39811492  0.9853983   0.66974723 30.757683
  29.973806   30.813541   30.328053   31.929544   30.78374    30.755133
  29.712296   30.173454   31.271154   31.21962    30.190643   30.899164  ]], shape=(1, 18), dtype=float32)"
769,[6 3 3 4 5 0 0 0 0 4 0 4 0 0 0 4 0 0 0 0 0 0 0 0 20],"tf.Tensor([0.35670167 1.3431697  0.77555275 1.1975287  0.60827875 4.        ], shape=(6,), dtype=float32)",10.0,[7 1 0 0 0 0 0 3 4 6 5 5 0 0 0 4 5 0 0 0 0 0 0 0 20],False,"tf.Tensor(
[[ 0.35670167  1.3431697   0.77555275  1.1975287   0.60827875 31.079674
  30.601612   31.499151   30.376616   32.02765    31.50238    31.088047
  30.734108   31.092361   31.740301   31.938408   30.616966   31.146997  ]], shape=(1, 18), dtype=float32)"
770,[7 1 0 0 0 0 0 3 4 6 5 5 0 0 0 4 5 0 0 0 0 0 0 0 20],"tf.Tensor([ 1.059853    1.9930015   0.74024814  1.0226101   0.913344   10.        ], shape=(6,), dtype=float32)",0.4,[7 2 4 5 1 3 0 0 0 2 0 0 0 0 0 4 5 0 0 0 0 0 0 0 20],False,"tf.Tensor(
[[ 1.059853    1.9930015   0.74024814  1.0226101   0.913344   29.65357
  29.1461     29.788242   27.45948    28.5008     28.776875   29.305481
  30.207918   29.97252    29.473778   30.245922   30.13152    27.85347   ]], shape=(1, 18), dtype=float32)"
771,[7 2 4 5 1 3 0 0 0 2 0 0 0 0 0 4 5 0 0 0 0 0 0 0 20],"tf.Tensor([0.06731828 0.5314365  0.51678383 0.25964844 0.4814764  4.        ], shape=(6,), dtype=float32)",0.0,[7 3 4 5 1 3 0 0 0 6 0 0 0 0 0 4 5 0 0 0 0 0 0 0 20],False,"tf.Tensor(
[[ 0.06731828  0.5314365   0.51678383  0.25964844  0.4814764  29.560984
  29.094337   29.443567   29.842958   30.841747   29.333395   29.147205
  28.395401   28.784052   30.115202   29.34439    28.733261   29.612112  ]], shape=(1, 18), dtype=float32)"
772,[7 3 4 5 1 3 0 0 0 6 0 0 0 0 0 4 5 0 0 0 0 0 0 0 20],"tf.Tensor([-0.05830841  0.7009056   0.6340798   0.34787428  1.1025687   4.        ], shape=(6,), dtype=float32)",0.0,[8 1 0 0 0 0 0 4 5 1 1 3 0 0 0 4 5 0 0 0 0 0 0 0 20],False,"tf.Tensor(
[[-0.05830841  0.7009056   0.6340798   0.34787428  1.1025687  33.112938
  32.833797   32.289574   32.82559    33.92106    32.38863    32.34363
  32.49574    32.372093   33.67297    33.019924   32.35687    32.579758  ]], shape=(1, 18), dtype=float32)"
773,[8 1 0 0 0 0 0 4 5 1 1 3 0 0 0 4 5 0 0 0 0 0 0 0 20],"tf.Tensor([1.0091155  0.9662824  0.01365246 0.54566884 0.08710322 2.        ], shape=(6,), dtype=float32)",0.2,[8 2 6 5 0 0 0 0 0 5 1 5 0 0 0 4 5 0 0 0 0 0 0 0 20],False,"tf.Tensor(
[[1.0091155e+00 9.6628243e-01 1.3652459e-02 5.4566884e-01 8.7103218e-02
  2.4842089e+01 2.4596611e+01 2.5761698e+01 2.3846062e+01 2.4940722e+01
  2.4773718e+01 2.4853794e+01 2.4448318e+01 2.4488811e+01 2.4884214e+01
  2.5367260e+01 2.4876131e+01 2.4012867e+01]], shape=(1, 18), dtype=float32)"
774,[8 2 6 5 0 0 0 0 0 5 1 5 0 0 0 4 5 0 0 0 0 0 0 0 20],[1 0 0 1 1 3],0.2,[8 3 6 5 1 5 0 0 0 5 0 0 0 0 0 4 5 0 0 0 0 0 0 0 20],False,"tf.Tensor(
[[ 0.19226165  1.2241571   0.65379155  0.25215983  1.1475829  31.12787
  31.519112   31.35208    30.59575    32.444317   30.876682   31.300392
  31.89196    31.592266   32.105125   32.039143   31.0961     30.250555  ]], shape=(1, 18), dtype=float32)"
775,[8 3 6 5 1 5 0 0 0 5 0 0 0 0 0 4 5 0 0 0 0 0 0 0 20],"tf.Tensor([-0.03756742  0.5876749   0.8671006   0.50449777  1.5468545   4.        ], shape=(6,), dtype=float32)",10.0,[9 1 0 0 0 0 0 6 5 6 1 3 0 0 0 4 10 0 0 0 0 0 0 0 20],False,"tf.Tensor(
[[-0.03756742  0.5876749   0.8671006   0.50449777  1.5468545  35.787174
  35.32229    35.0026     35.754246   36.686653   35.280487   35.120712
  35.05713    34.97702    36.38344    35.420677   35.284065   35.451225  ]], shape=(1, 18), dtype=float32)"
776,[9 1 0 0 0 0 0 6 5 6 1 3 0 0 0 4 10 0 0 0 0 0 0 0 20],"tf.Tensor([0.58819884 1.1493022  0.06499101 0.66317725 0.81898344 7.        ], shape=(6,), dtype=float32)",0.1,[9 2 2 0 0 0 0 5 0 5 3 1 0 0 0 4 10 0 0 0 0 0 0 0 20],False,"tf.Tensor(
[[ 0.58819884  1.1493022   0.06499101  0.66317725  0.81898344 30.08528
  29.770061   29.755377   27.802042   29.24401    29.123692   28.873756
  30.618362   30.21821    30.381874   30.334538   29.775223   28.728876  ]], shape=(1, 18), dtype=float32)"
777,[9 2 2 0 0 0 0 5 0 5 3 1 0 0 0 4 10 0 0 0 0 0 0 0 20],"tf.Tensor([0.05902024 0.7285996  0.5668824  0.08672763 0.38973936 9.        ], shape=(6,), dtype=float32)",0.0,[9 3 2 0 0 0 0 4 0 4 5 4 0 0 0 4 10 0 0 0 0 0 0 0 20],False,"tf.Tensor(
[[ 0.05902024  0.7285996   0.5668824   0.08672763  0.38973936 28.448425
  27.909979   28.317356   27.367777   28.3873     27.516886   28.120268
  28.196259   28.070164   29.156176   27.850716   28.526817   27.336702  ]], shape=(1, 18), dtype=float32)"
778,[9 3 2 0 0 0 0 4 0 4 5 4 0 0 0 4 10 0 0 0 0 0 0 0 20],"tf.Tensor([0.1420172  1.2747896  0.84503245 0.21035255 0.6525761  9.        ], shape=(6,), dtype=float32)",0.0,[10 1 0 0 0 0 0 3 2 5 1 4 0 0 0 4 10 0 0 0 0 0 0 0 20],False,"tf.Tensor(
[[ 0.1420172   1.2747896   0.84503245  0.21035255  0.6525761  29.72474
  29.551573   29.558075   28.51433    29.31981    28.943193   29.276215
  29.90128    29.67069    30.348822   29.403625   29.95373    28.128626  ]], shape=(1, 18), dtype=float32)"
779,[10 1 0 0 0 0 0 3 2 5 1 4 0 0 0 4 10 0 0 0 0 0 0 0 20],"tf.Tensor([ 0.31966287  0.69553417  0.04040243  0.09518529 -0.01799849  9.        ], shape=(6,), dtype=float32)",0.0,[10 2 0 0 0 0 0 4 6 2 6 2 0 0 0 4 10 0 0 0 0 0 0 0 20],False,"tf.Tensor(
[[ 3.1966287e-01  6.9553417e-01  4.0402427e-02  9.5185295e-02
  -1.7998487e-02  2.6294867e+01  2.6402430e+01  2.6646646e+01
   2.5103153e+01  2.6396009e+01  2.5950626e+01  2.6287548e+01
   2.6218130e+01  2.6251940e+01  2.6704012e+01  2.6641918e+01
   2.5806812e+01  2.5377743e+01]], shape=(1, 18), dtype=float32)"
780,[10 2 0 0 0 0 0 4 6 2 6 2 0 0 0 4 10 0 0 0 0 0 0 0 20],"tf.Tensor([ 0.49284273  0.74545926 -0.47007382  0.08979441  0.4228643  10.        ], shape=(6,), dtype=float32)",0.0,[10 3 0 0 0 0 0 6 3 1 2 4 0 0 0 4 10 0 0 0 0 0 0 0 20],False,"tf.Tensor(
[[ 0.49284273  0.74545926 -0.47007382  0.08979441  0.4228643  29.914541
  29.761925   29.744635   28.158447   29.075283   28.947536   29.164793
  29.774574   29.664745   29.844986   30.03329    29.283161   28.52295   ]], shape=(1, 18), dtype=float32)"
781,[10 3 0 0 0 0 0 6 3 1 2 4 0 0 0 4 10 0 0 0 0 0 0 0 20],"tf.Tensor([0.42052406 0.6163761  0.2517377  0.21847285 0.34948763 9.        ], shape=(6,), dtype=float32)",0.0,[11 1 0 0 0 0 0 4 3 3 4 2 0 0 0 4 10 0 0 0 0 0 0 0 20],False,"tf.Tensor(
[[ 0.42052406  0.6163761   0.2517377   0.21847285  0.34948763 27.803577
  27.565308   28.04339    26.475004   27.340607   27.332205   27.000006
  27.845018   27.779251   28.135504   27.528133   27.4688     26.979134  ]], shape=(1, 18), dtype=float32)"
782,[11 1 0 0 0 0 0 4 3 3 4 2 0 0 0 4 10 0 0 0 0 0 0 0 20],"tf.Tensor([ 0.32745284  0.50190777 -0.2879107  -0.00731479  0.0238938   2.        ], shape=(6,), dtype=float32)",0.0,[11 2 0 0 0 0 0 3 4 5 5 1 0 0 0 4 10 0 0 0 0 0 0 0 20],False,"tf.Tensor(
[[ 3.2745284e-01  5.0190777e-01 -2.8791070e-01 -7.3147863e-03
   2.3893803e-02  2.7516827e+01  2.7306433e+01  2.7766317e+01
   2.6294170e+01  2.7285662e+01  2.6890709e+01  2.7478903e+01
   2.6943630e+01  2.7111176e+01  2.7637796e+01  2.7484074e+01
   2.7041227e+01  2.6628510e+01]], shape=(1, 18), dtype=float32)"
783,[11 2 0 0 0 0 0 3 4 5 5 1 0 0 0 4 10 0 0 0 0 0 0 0 20],"tf.Tensor([ 0.2527005   0.46086937 -0.5731622  -0.12969886  0.13947484 10.        ], shape=(6,), dtype=float32)",0.0,[11 3 0 0 0 0 0 3 2 5 4 5 0 0 0 4 10 0 0 0 0 0 0 0 20],False,"tf.Tensor(
[[ 0.2527005   0.46086937 -0.5731622  -0.12969886  0.13947484 29.569836
  29.283384   29.207302   28.064953   29.131739   28.502188   29.271414
  29.065489   28.962166   29.57826    29.629814   28.679615   28.395578  ]], shape=(1, 18), dtype=float32)"
784,[11 3 0 0 0 0 0 3 2 5 4 5 0 0 0 4 10 0 0 0 0 0 0 0 20],"tf.Tensor([ 0.06788023  0.7227623   0.11497797 -0.12888037 -0.02491763  9.        ], shape=(6,), dtype=float32)",0.0,[12 1 0 0 0 0 0 5 6 3 6 5 0 0 0 4 10 0 0 0 0 0 0 0 20],False,"tf.Tensor(
[[ 6.7880228e-02  7.2276229e-01  1.1497797e-01 -1.2888037e-01
  -2.4917632e-02  2.9377131e+01  2.9669569e+01  2.9265591e+01
   2.7744822e+01  2.8840031e+01  2.8626982e+01  2.9072229e+01
   2.9571457e+01  2.9368820e+01  2.9796478e+01  2.9612473e+01
   2.8674013e+01  2.7887817e+01]], shape=(1, 18), dtype=float32)"
785,[12 1 0 0 0 0 0 5 6 3 6 5 0 0 0 4 10 0 0 0 0 0 0 0 20],"tf.Tensor([ 0.3937977   0.9853721  -0.29421115  0.2747867   0.5256263   7.        ], shape=(6,), dtype=float32)",0.1,[12 2 4 0 0 0 0 3 0 6 4 6 0 0 0 4 10 0 0 0 0 0 0 0 20],False,"tf.Tensor(
[[ 0.3937977   0.9853721  -0.29421115  0.2747867   0.5256263  31.868238
  31.973536   31.479149   29.334604   30.375603   30.831959   30.968376
  32.22005    32.061012   31.810173   32.17966    31.164648   30.102755  ]], shape=(1, 18), dtype=float32)"
786,[12 2 4 0 0 0 0 3 0 6 4 6 0 0 0 4 10 0 0 0 0 0 0 0 20],[0 1 0 0 1 2],0.1,[12 3 4 6 0 0 0 6 0 6 2 0 0 0 0 4 10 0 0 0 0 0 0 0 20],False,"tf.Tensor(
[[1.4023498e-02 9.8150367e-01 6.8120503e-01 3.0491102e-01 6.6175652e-01
  3.1840567e+01 3.1947395e+01 3.1728863e+01 3.0273651e+01 3.1545094e+01
  3.1238859e+01 3.1890402e+01 3.2131577e+01 3.2052380e+01 3.2452534e+01
  3.1954563e+01 3.1799845e+01 3.0465979e+01]], shape=(1, 18), dtype=float32)"
787,[12 3 4 6 0 0 0 6 0 6 2 0 0 0 0 4 10 0 0 0 0 0 0 0 20],"tf.Tensor([-0.34616882  0.2964025   0.04290451 -0.19577609  0.9727404   9.        ], shape=(6,), dtype=float32)",0.0,[13 1 0 0 0 0 0 2 4 4 4 2 0 0 0 4 10 0 0 0 0 0 0 0 20],False,"tf.Tensor(
[[-0.34616882  0.2964025   0.04290451 -0.19577609  0.9727404  36.37547
  36.20463    35.460182   35.084877   36.836903   34.94333    35.400387
  36.37573    35.87877    37.381718   35.951683   35.589886   35.389996  ]], shape=(1, 18), dtype=float32)"
788,[13 1 0 0 0 0 0 2 4 4 4 2 0 0 0 4 10 0 0 0 0 0 0 0 20],"tf.Tensor([-0.08539395 -0.11173254 -0.87383676 -0.3370149  -0.27975908 10.        ], shape=(6,), dtype=float32)",0.0,[13 2 0 0 0 0 0 2 2 6 5 5 0 0 0 4 10 0 0 0 0 0 0 0 20],False,"tf.Tensor(
[[-0.08539395 -0.11173254 -0.87383676 -0.3370149  -0.27975908 28.07336
  28.39724    28.141394   26.740128   28.152668   27.523561   28.402369
  27.396643   27.595713   28.257132   28.405876   26.862171   27.37717   ]], shape=(1, 18), dtype=float32)"
789,[13 2 0 0 0 0 0 2 2 6 5 5 0 0 0 4 10 0 0 0 0 0 0 0 20],"tf.Tensor([ 0.01696391  0.5906648  -0.2020366  -0.15486394 -0.08099106 10.        ], shape=(6,), dtype=float32)",0.0,[13 3 0 0 0 0 0 4 2 4 3 5 0 0 0 4 10 0 0 0 0 0 0 0 20],False,"tf.Tensor(
[[ 1.6963914e-02  5.9066480e-01 -2.0203660e-01 -1.5486394e-01
  -8.0991060e-02  3.0508362e+01  3.0716213e+01  3.0109383e+01
   2.8750879e+01  2.9751650e+01  2.9566158e+01  3.0342308e+01
   3.0275846e+01  3.0310461e+01  3.0626064e+01  3.0823338e+01
   2.9395782e+01  2.9068092e+01]], shape=(1, 18), dtype=float32)"
790,[13 3 0 0 0 0 0 4 2 4 3 5 0 0 0 4 10 0 0 0 0 0 0 0 20],"tf.Tensor([-0.09523563  0.21209568 -0.10447739 -0.2151209  -0.18355015  9.        ], shape=(6,), dtype=float32)",0.0,[14 1 0 0 0 0 0 1 2 4 2 3 0 0 0 4 10 0 0 0 0 0 0 0 20],True,"tf.Tensor(
[[-0.09523563  0.21209568 -0.10447739 -0.2151209  -0.18355015 29.473463
  29.817394   29.349392   27.909918   29.049797   28.844553   29.20411
  29.332342   29.214598   29.892029   29.5503     28.475792   28.361729  ]], shape=(1, 18), dtype=float32)"
791,[1 1 0 0 0 0 0 5 1 4 4 1 0 0 0 0 0 0 0 0 0 0 0 0 0],"tf.Tensor([ 2.1843438  3.7631412  0.7007302  2.3292499  4.8607893 11.       ], shape=(6,), dtype=float32)",0.4,[1 2 5 1 4 1 0 0 0 4 0 0 0 0 0 0 0 0 0 0 0 0 0 0 0],False,"tf.Tensor(
[[ 2.1843438  3.7631412  0.7007302  2.3292499  4.8607893 16.691725
  13.978562  15.244985  14.9468565 13.481342  15.271814  15.093815
  15.667921  17.210766  14.699866  15.212102  18.063147  14.427729 ]], shape=(1, 18), dtype=float32)"
792,[1 2 5 1 4 1 0 0 0 4 0 0 0 0 0 0 0 0 0 0 0 0 0 0 0],"tf.Tensor([ 2.8211486  3.648089   1.9450443  2.8238566  4.210323  10.       ], shape=(6,), dtype=float32)",0.1,[1 3 5 1 4 1 4 0 0 0 0 0 0 0 0 0 0 0 0 0 0 0 0 0 0],False,"tf.Tensor(
[[ 2.8211486  3.648089   1.9450443  2.8238566  4.210323  17.96748
  15.197151  18.533848  17.203     17.524097  18.85783   18.644806
  18.849907  18.632526  17.4496    19.920435  19.558624  19.168203 ]], shape=(1, 18), dtype=float32)"
793,[1 3 5 1 4 1 4 0 0 0 0 0 0 0 0 0 0 0 0 0 0 0 0 0 0],[1 0 0 0 1 0],2.0,[2 1 0 0 0 0 0 5 1 4 4 1 2 0 0 0 0 0 0 0 0 0 0 0 0],False,"tf.Tensor(
[[ 2.9406002  3.3484483  2.008365   3.3855824  4.2038336 18.731266
  15.77091   19.782616  17.601353  18.200686  20.167645  19.30534
  19.670616  19.062109  18.249344  20.600937  20.124573  20.814157 ]], shape=(1, 18), dtype=float32)"
794,[2 1 0 0 0 0 0 5 1 4 4 1 2 0 0 0 0 0 0 0 0 0 0 0 0],[0 0 0 0 0 8],0.0,[2 2 0 0 0 0 0 2 4 1 5 6 2 0 0 0 0 0 0 0 0 0 0 0 0],False,"tf.Tensor(
[[ 2.1212409  3.737874   0.2671518  2.2334476  4.550768  16.899488
  14.293142  15.496355  14.917265  13.723271  15.290265  15.253339
  15.838607  17.47344   15.144001  15.362045  18.118462  14.445268 ]], shape=(1, 18), dtype=float32)"
795,[2 2 0 0 0 0 0 2 4 1 5 6 2 0 0 0 0 0 0 0 0 0 0 0 0],"tf.Tensor([3.5289423 4.5141106 1.2354598 2.1797018 5.0117683 8.       ], shape=(6,), dtype=float32)",0.5,[2 3 2 4 1 5 6 0 0 0 0 0 2 0 0 0 0 0 0 0 0 0 0 0 0],False,"tf.Tensor(
[[ 3.5289423  4.5141106  1.2354598  2.1797018  5.0117683 18.130976
  15.10378   17.616575  16.306814  15.498519  17.373333  17.179726
  18.830296  19.3055    16.227123  19.089914  19.24132   16.94947  ]], shape=(1, 18), dtype=float32)"
796,[2 3 2 4 1 5 6 0 0 0 0 0 2 0 0 0 0 0 0 0 0 0 0 0 0],[1 0 1 0 0 6],0.0,[3 1 0 0 0 0 0 5 3 4 3 1 2 0 0 0 0 0 0 0 0 0 0 0 0],False,"tf.Tensor(
[[ 3.5420024  3.6349242  1.6640167  3.3839471  3.9393072 20.292797
  16.693937  21.293049  18.566633  19.320148  21.334846  20.360178
  21.530678  20.622166  19.530964  22.308264  20.996946  22.333971 ]], shape=(1, 18), dtype=float32)"
797,[3 1 0 0 0 0 0 5 3 4 3 1 2 0 0 0 0 0 0 0 0 0 0 0 0],[0 0 1 0 1 5],0.2,[3 2 4 4 0 0 0 6 1 0 5 0 2 0 0 0 0 0 0 0 0 0 0 0 0],False,"tf.Tensor(
[[ 2.1403646   3.53897     0.07358727  2.61932     4.3329926  17.410229
  15.255135   16.585104   14.954809   14.55886    16.385971   15.911022
  16.852715   18.482365   16.068806   16.418818   18.751102   15.380959  ]], shape=(1, 18), dtype=float32)"
798,[3 2 4 4 0 0 0 6 1 0 5 0 2 0 0 0 0 0 0 0 0 0 0 0 0],[1 0 1 1 1 4],0.2,[3 3 4 4 6 5 0 0 2 0 0 0 2 0 0 0 0 0 0 0 0 0 0 0 0],False,"tf.Tensor(
[[ 2.1525993   3.8785663   0.49094597  3.6140988   4.990798   21.003963
  17.92278    21.324308   18.582634   19.582455   21.438974   19.97037
  21.123896   21.937557   20.435106   20.54874    22.732729   20.634867  ]], shape=(1, 18), dtype=float32)"
799,[3 3 4 4 6 5 0 0 2 0 0 0 2 0 0 0 0 0 0 0 0 0 0 0 0],[1 1 1 0 1 2],0.0,[4 1 0 0 0 0 0 6 5 4 2 4 2 0 0 0 0 0 0 0 0 0 0 0 0],False,"tf.Tensor(
[[ 3.7864728  3.9468784  2.1251328  4.0473638  4.2165728 24.779999
  21.095045  26.876581  23.398716  24.629728  26.879025  26.298607
  25.967945  24.730988  24.704233  27.925686  26.050657  27.917923 ]], shape=(1, 18), dtype=float32)"
800,[4 1 0 0 0 0 0 6 5 4 2 4 2 0 0 0 0 0 0 0 0 0 0 0 0],"tf.Tensor([2.905791  4.3802967 0.3005663 3.2066212 5.254679  8.       ], shape=(6,), dtype=float32)",0.4,[4 2 1 5 6 2 0 0 0 3 0 0 2 0 0 0 0 0 0 0 0 0 0 0 0],False,"tf.Tensor(
[[ 2.905791   4.3802967  0.3005663  3.2066212  5.254679  20.912725
  18.43403   20.544409  17.9012    17.7952    20.217052  19.097183
  20.982433  22.630522  19.38709   20.578451  22.446793  19.000782 ]], shape=(1, 18), dtype=float32)"
801,[4 2 1 5 6 2 0 0 0 3 0 0 2 0 0 0 0 0 0 0 0 0 0 0 0],"tf.Tensor([ 3.182709   3.5168068  1.3866178  2.8035097  3.263139  10.       ], shape=(6,), dtype=float32)",0.1,[4 3 1 5 6 2 3 0 0 0 0 0 2 0 0 0 0 0 0 0 0 0 0 0 0],False,"tf.Tensor(
[[ 3.182709   3.5168068  1.3866178  2.8035097  3.263139  20.568579
  17.358616  21.898876  19.08204   20.2201    21.802969  21.925413
  21.668076  20.869553  20.323936  23.406418  21.007978  22.93574  ]], shape=(1, 18), dtype=float32)"
802,[4 3 1 5 6 2 3 0 0 0 0 0 2 0 0 0 0 0 0 0 0 0 0 0 0],"tf.Tensor([ 3.0203087  3.2794857  1.5239732  3.007646   3.0009577 10.       ], shape=(6,), dtype=float32)",0.0,[5 1 0 0 0 0 0 1 5 1 6 2 2 0 0 0 0 0 0 0 0 0 0 0 0],False,"tf.Tensor(
[[ 3.0203087  3.2794857  1.5239732  3.007646   3.0009577 21.40597
  17.90153   23.003199  19.945099  21.444702  22.877089  22.68237
  22.528357  21.142174  21.530607  24.05979   21.815046  23.999983 ]], shape=(1, 18), dtype=float32)"
803,[5 1 0 0 0 0 0 1 5 1 6 2 2 0 0 0 0 0 0 0 0 0 0 0 0],"tf.Tensor([2.857254  3.1354399 0.3609545 1.9917482 3.6941779 8.       ], shape=(6,), dtype=float32)",0.4,[5 2 3 3 1 2 0 0 0 2 0 0 2 0 0 0 0 0 0 0 0 0 0 0 0],False,"tf.Tensor(
[[ 2.857254   3.1354399  0.3609545  1.9917482  3.6941779 16.461569
  14.845525  15.92465   14.202886  13.998539  15.732864  15.904027
  16.824903  18.481964  14.648205  17.693356  17.088423  15.858881 ]], shape=(1, 18), dtype=float32)"
804,[5 2 3 3 1 2 0 0 0 2 0 0 2 0 0 0 0 0 0 0 0 0 0 0 0],"tf.Tensor([ 2.0859497  1.921954   0.7143488  1.8607357  2.6749878 10.       ], shape=(6,), dtype=float32)",0.0,[5 3 3 3 1 2 0 0 0 1 0 0 2 0 0 0 0 0 0 0 0 0 0 0 0],False,"tf.Tensor(
[[ 2.0859497  1.921954   0.7143488  1.8607357  2.6749878 15.335466
  13.255253  15.513797  14.436169  14.924202  15.607373  15.677155
  15.6978445 15.151333  14.705243  16.480642  15.646563  16.374409 ]], shape=(1, 18), dtype=float32)"
805,[5 3 3 3 1 2 0 0 0 1 0 0 2 0 0 0 0 0 0 0 0 0 0 0 0],"tf.Tensor([ 1.9307499   1.6856647   0.79412067  1.9119565   2.655251   12.        ], shape=(6,), dtype=float32)",18.0,[6 1 0 0 0 0 0 3 3 6 1 2 2 0 0 0 0 0 0 0 0 0 0 0 9],False,"tf.Tensor(
[[ 1.9307499   1.6856647   0.79412067  1.9119565   2.655251   15.579216
  13.61095    15.850433   14.716786   15.297583   16.049253   15.876287
  15.89421    15.318136   15.021562   16.698938   15.811712   16.83191   ]], shape=(1, 18), dtype=float32)"
806,[6 1 0 0 0 0 0 3 3 6 1 2 2 0 0 0 0 0 0 0 0 0 0 0 9],"tf.Tensor([0.8781647  1.1494418  0.37031713 1.0445559  1.0717442  7.        ], shape=(6,), dtype=float32)",0.30000000000000004,[6 2 6 1 5 0 0 5 0 4 0 0 2 0 0 0 0 0 0 0 0 0 0 0 9],False,"tf.Tensor(
[[ 0.8781647   1.1494418   0.37031713  1.0445559   1.0717442  19.33131
  18.930809   18.909355   17.234034   18.071518   18.551151   18.862572
  19.954739   19.936882   18.88623    19.747725   19.454021   18.21584   ]], shape=(1, 18), dtype=float32)"
807,[6 2 6 1 5 0 0 5 0 4 0 0 2 0 0 0 0 0 0 0 0 0 0 0 9],"tf.Tensor([ 0.59419394  1.2973788   1.1195269   1.8750496   2.6408248  11.        ], shape=(6,), dtype=float32)",0.1,[6 3 6 1 5 4 0 6 0 0 0 0 2 0 0 0 0 0 0 0 0 0 0 0 9],False,"tf.Tensor(
[[ 0.59419394  1.2973788   1.1195269   1.8750496   2.6408248  27.205933
  26.049744   26.884357   26.279613   27.285137   27.191858   26.615505
  26.965319   27.40563    27.50922    26.7211     28.34105    27.16387   ]], shape=(1, 18), dtype=float32)"
808,[6 3 6 1 5 4 0 6 0 0 0 0 2 0 0 0 0 0 0 0 0 0 0 0 9],"tf.Tensor([ 0.82787037  1.0350834   1.7747029   2.6558495   2.893464   12.        ], shape=(6,), dtype=float32)",14.0,[7 1 0 0 0 0 0 4 6 6 1 5 2 0 0 0 0 0 0 0 0 0 0 0 16],False,"tf.Tensor(
[[ 0.82787037  1.0350834   1.7747029   2.6558495   2.893464   28.754475
  26.922949   28.910843   27.624958   28.532476   29.425226   28.019676
  28.326614   28.935747   28.910229   27.87591    29.787271   30.13143   ]], shape=(1, 18), dtype=float32)"
809,[7 1 0 0 0 0 0 4 6 6 1 5 2 0 0 0 0 0 0 0 0 0 0 0 16],[ 0  1  1  1  1 12],0.4,[7 2 5 4 3 1 0 4 0 0 0 0 2 0 0 0 0 0 0 0 0 0 0 0 16],False,"tf.Tensor(
[[ 1.1896052   1.8230368   0.95797193  1.3498275   1.3475202  27.606897
  27.667007   27.559048   25.279377   26.136152   27.069193   27.046453
  28.637274   28.614693   27.171291   28.642206   28.101961   25.870712  ]], shape=(1, 18), dtype=float32)"
810,[7 2 5 4 3 1 0 4 0 0 0 0 2 0 0 0 0 0 0 0 0 0 0 0 16],"tf.Tensor([0.3070855 1.0032485 1.2779611 1.1242117 1.4143939 4.       ], shape=(6,), dtype=float32)",0.0,[7 3 5 4 3 1 0 5 0 0 0 0 2 0 0 0 0 0 0 0 0 0 0 0 16],False,"tf.Tensor(
[[ 0.3070855  1.0032485  1.2779611  1.1242117  1.4143939 29.520582
  28.85452   29.41022   29.560232  30.25351   29.692303  29.113047
  28.581955  29.244402  29.990206  29.099215  29.817059  29.422548 ]], shape=(1, 18), dtype=float32)"
811,[7 3 5 4 3 1 0 5 0 0 0 0 2 0 0 0 0 0 0 0 0 0 0 0 16],"tf.Tensor([0.34407234 0.99022907 1.410547   1.2460841  1.5792756  4.        ], shape=(6,), dtype=float32)",10.0,[8 1 0 0 0 0 0 5 5 4 3 1 2 0 0 0 5 0 0 0 0 0 0 0 16],False,"tf.Tensor(
[[ 0.34407234  0.99022907  1.410547    1.2460841   1.5792756  30.616985
  29.879436   30.572628   30.516083   31.311108   30.858482   30.173714
  29.881807   30.393728   31.17248    30.124008   31.094912   30.573689  ]], shape=(1, 18), dtype=float32)"
812,[8 1 0 0 0 0 0 5 5 4 3 1 2 0 0 0 5 0 0 0 0 0 0 0 16],"tf.Tensor([0.7795459  1.3185717  0.39540038 0.84209913 1.1899912  8.        ], shape=(6,), dtype=float32)",0.2,[8 2 6 2 0 0 0 2 0 3 6 0 2 0 0 0 5 0 0 0 0 0 0 0 16],False,"tf.Tensor(
[[ 0.7795459   1.3185717   0.39540038  0.84209913  1.1899912  27.376871
  26.912943   26.473322   25.442745   25.858938   26.227694   26.14778
  27.398523   27.48871    26.919916   27.334917   27.193993   25.738535  ]], shape=(1, 18), dtype=float32)"
813,[8 2 6 2 0 0 0 2 0 3 6 0 2 0 0 0 5 0 0 0 0 0 0 0 16],[1 1 0 1 0 4],0.2,[8 3 6 2 2 6 0 0 0 3 0 0 2 0 0 0 5 0 0 0 0 0 0 0 16],False,"tf.Tensor(
[[ 0.25197232  1.5031188   1.0145721   0.60775346  1.875699   29.820547
  29.534607   29.31742    29.519783   30.0104     29.187248   29.805677
  29.671331   29.641281   30.177275   29.707224   30.582756   28.568945  ]], shape=(1, 18), dtype=float32)"
814,[8 3 6 2 2 6 0 0 0 3 0 0 2 0 0 0 5 0 0 0 0 0 0 0 16],[ 0  0  1  0  0 10],0.0,[9 1 0 0 0 0 0 1 6 5 5 2 2 0 0 0 5 0 0 0 0 0 0 0 16],False,"tf.Tensor(
[[ 0.24662219  0.62266666  1.223607    0.93915576  1.8588244  32.398167
  31.882008   31.934616   32.62119    32.925804   32.608448   31.886312
  31.431255   32.182106   32.616344   31.75547    32.28707    32.35136   ]], shape=(1, 18), dtype=float32)"
815,[9 1 0 0 0 0 0 1 6 5 5 2 2 0 0 0 5 0 0 0 0 0 0 0 16],"tf.Tensor([ 0.9258698   1.5974189  -0.02897254  0.71711606  1.2337878  10.        ], shape=(6,), dtype=float32)",0.30000000000000004,[9 2 1 6 2 0 0 0 0 1 3 0 2 0 0 0 5 0 0 0 0 0 0 0 16],False,"tf.Tensor(
[[ 0.9258698   1.5974189  -0.02897254  0.71711606  1.2337878  27.80957
  27.497925   26.806019   26.199617   26.364048   26.645586   27.05777
  27.59302    27.988106   26.935492   28.431631   27.257904   26.175766  ]], shape=(1, 18), dtype=float32)"
816,[9 2 1 6 2 0 0 0 0 1 3 0 2 0 0 0 5 0 0 0 0 0 0 0 16],"tf.Tensor([ 0.19184682  0.7137631  -0.20115164 -0.11881058  0.32965946  4.        ], shape=(6,), dtype=float32)",0.0,[9 3 1 6 2 0 0 0 0 4 2 0 2 0 0 0 5 0 0 0 0 0 0 0 16],False,"tf.Tensor(
[[ 0.19184682  0.7137631  -0.20115164 -0.11881058  0.32965946 27.196667
  26.99146    26.681635   27.290743   27.79768    26.631538   26.638535
  25.635271   26.611586   27.04335    27.149744   25.720898   26.627333  ]], shape=(1, 18), dtype=float32)"
817,[9 3 1 6 2 0 0 0 0 4 2 0 2 0 0 0 5 0 0 0 0 0 0 0 16],"tf.Tensor([ 0.0503701   0.64651126 -0.08475319 -0.19047306  0.61789876  4.        ], shape=(6,), dtype=float32)",-10.0,[10 1 0 0 0 0 0 1 6 2 3 2 2 0 0 0 0 0 0 0 0 0 0 0 16],False,"tf.Tensor(
[[ 0.0503701   0.64651126 -0.08475319 -0.19047306  0.61789876 29.382126
  29.394798   28.401993   29.139778   29.720564   28.458698   28.551321
  28.29973    28.893162   29.302092   29.4323     27.840252   28.521452  ]], shape=(1, 18), dtype=float32)"
818,[10 1 0 0 0 0 0 1 6 2 3 2 2 0 0 0 0 0 0 0 0 0 0 0 16],[0 0 0 0 0 1],0.0,[10 2 0 0 0 0 0 3 5 6 5 5 2 0 0 0 0 0 0 0 0 0 0 0 16],False,"tf.Tensor(
[[ 0.55406356  0.74840957 -0.09609452  0.5180746   0.22098395 24.66746
  24.856846   24.590948   23.450144   23.921146   24.26845    24.72667
  23.959263   24.391401   24.075478   25.488115   23.947289   23.772362  ]], shape=(1, 18), dtype=float32)"
819,[10 2 0 0 0 0 0 3 5 6 5 5 2 0 0 0 0 0 0 0 0 0 0 0 16],"tf.Tensor([ 1.120264    1.8482311   0.57266617  1.1823654   0.9758723  10.        ], shape=(6,), dtype=float32)",0.4,[10 3 3 5 5 5 0 0 0 3 0 0 2 0 0 0 0 0 0 0 0 0 0 0 16],False,"tf.Tensor(
[[ 1.120264    1.8482311   0.57266617  1.1823654   0.9758723  30.0907
  29.869892   29.959639   27.393055   28.114258   29.309868   29.920637
  30.687592   30.83111    29.407608   31.11968    30.170464   28.148954  ]], shape=(1, 18), dtype=float32)"
820,[10 3 3 5 5 5 0 0 0 3 0 0 2 0 0 0 0 0 0 0 0 0 0 0 16],"tf.Tensor([0.19876407 0.52894634 0.44440517 0.8565609  1.2089334  4.        ], shape=(6,), dtype=float32)",30.0,[11 1 0 0 0 0 0 6 2 6 2 2 2 0 0 0 15 0 0 0 0 0 0 0 16],False,"tf.Tensor(
[[ 0.19876407  0.52894634  0.44440517  0.8565609   1.2089334  34.797985
  34.011143   34.047577   34.60521    34.94286    34.700592   34.084644
  32.938118   34.0721     34.586433   34.389557   33.547688   34.862587  ]], shape=(1, 18), dtype=float32)"
821,[11 1 0 0 0 0 0 6 2 6 2 2 2 0 0 0 15 0 0 0 0 0 0 0 16],"tf.Tensor([0.5136415  1.1015399  0.24513802 0.5398969  1.4822161  8.        ], shape=(6,), dtype=float32)",0.2,[11 2 4 1 0 0 0 6 0 1 4 0 2 0 0 0 15 0 0 0 0 0 0 0 16],False,"tf.Tensor(
[[ 0.5136415   1.1015399   0.24513802  0.5398969   1.4822161  29.864256
  28.844273   28.654207   28.310223   28.7162     28.517458   28.14789
  29.507753   29.94881    29.599415   28.819666   29.254984   28.535858  ]], shape=(1, 18), dtype=float32)"
822,[11 2 4 1 0 0 0 6 0 1 4 0 2 0 0 0 15 0 0 0 0 0 0 0 16],"tf.Tensor([0.23435138 0.7151299  0.5111978  0.1689276  1.6146245  0.        ], shape=(6,), dtype=float32)",0.0,[11 3 4 1 0 0 0 4 0 4 3 0 2 0 0 0 15 0 0 0 0 0 0 0 16],False,"tf.Tensor(
[[ 0.23435138  0.7151299   0.5111978   0.1689276   1.6146245  30.188457
  28.960758   28.836737   29.367414   29.145845   28.578741   28.154749
  29.111229   30.064226   30.006079   28.135395   29.528246   29.095915  ]], shape=(1, 18), dtype=float32)"
823,[11 3 4 1 0 0 0 4 0 4 3 0 2 0 0 0 15 0 0 0 0 0 0 0 16],"tf.Tensor([ 0.10456251  0.48164064  0.3483841  -0.05695052  1.4074651   9.        ], shape=(6,), dtype=float32)",0.0,[12 1 0 0 0 0 0 4 4 4 1 1 2 0 0 0 15 0 0 0 0 0 0 0 16],False,"tf.Tensor(
[[ 0.10456251  0.48164064  0.3483841  -0.05695052  1.4074651  30.588968
  29.877123   29.404379   30.07976    30.52277    29.265835   29.222044
  29.933239   30.432436   30.78449    29.328243   29.861359   29.628334  ]], shape=(1, 18), dtype=float32)"
824,[12 1 0 0 0 0 0 4 4 4 1 1 2 0 0 0 15 0 0 0 0 0 0 0 16],"tf.Tensor([ 0.15520082  0.06854601 -0.4904044   0.18299834  0.9685569   8.        ], shape=(6,), dtype=float32)",0.1,[12 2 5 0 0 0 0 5 4 1 3 0 2 0 0 0 15 0 0 0 0 0 0 0 16],False,"tf.Tensor(
[[ 0.15520082  0.06854601 -0.4904044   0.18299834  0.9685569  27.452232
  27.309748   26.273523   26.16166    26.88507    26.517124   25.9666
  27.047472   27.516365   27.190763   27.053183   25.867296   27.009901  ]], shape=(1, 18), dtype=float32)"
825,[12 2 5 0 0 0 0 5 4 1 3 0 2 0 0 0 15 0 0 0 0 0 0 0 16],[1 0 1 0 1 9],0.2,[12 3 5 5 1 0 0 0 1 0 6 0 2 0 0 0 15 0 0 0 0 0 0 0 16],False,"tf.Tensor(
[[ 0.3887365   0.13630576 -0.16342738  0.41374856  1.6546068  31.141508
  30.381233   29.66555    29.642307   30.1507     29.64214    28.983788
  30.384197   31.164104   30.755602   29.855125   29.814045   30.448795  ]], shape=(1, 18), dtype=float32)"
826,[12 3 5 5 1 0 0 0 1 0 6 0 2 0 0 0 15 0 0 0 0 0 0 0 16],"tf.Tensor([-0.05479492  0.16546161 -0.48076895 -0.78205615  1.3155595   4.        ], shape=(6,), dtype=float32)",-10.0,[13 1 0 0 0 0 0 2 6 6 3 5 2 0 0 0 10 0 0 0 0 0 0 0 16],False,"tf.Tensor(
[[-0.05479492  0.16546161 -0.48076895 -0.78205615  1.3155595  32.13944
  32.130737   31.10795    32.483963   32.713203   31.208263   31.23981
  31.152838   31.980175   32.089      31.471235   30.60933    31.29188   ]], shape=(1, 18), dtype=float32)"
827,[13 1 0 0 0 0 0 2 6 6 3 5 2 0 0 0 10 0 0 0 0 0 0 0 16],[0 1 0 0 0 0],0.1,[13 2 2 0 0 0 0 2 0 3 5 6 2 0 0 0 10 0 0 0 0 0 0 0 16],False,"tf.Tensor(
[[ 0.83885205  0.8973747  -0.49914232  0.40171415  1.0514413  30.242449
  30.125149   29.081034   27.870865   28.582882   29.016687   29.102688
  30.321653   30.895163   29.278807   30.569128   28.74589    28.58075   ]], shape=(1, 18), dtype=float32)"
828,[13 2 2 0 0 0 0 2 0 3 5 6 2 0 0 0 10 0 0 0 0 0 0 0 16],"tf.Tensor([0.5638319 1.1106879 0.6113541 0.1477    1.0212586 0.       ], shape=(6,), dtype=float32)",0.1,[13 3 2 6 0 0 0 2 0 5 4 0 2 0 0 0 10 0 0 0 0 0 0 0 16],False,"tf.Tensor(
[[ 0.5638319  1.1106879  0.6113541  0.1477     1.0212586 29.42379
  29.202986  28.449896  28.710768  28.174812  28.52286   28.671959
  28.42427   29.307667  28.684359  28.928303  28.753963  27.602331 ]], shape=(1, 18), dtype=float32)"
829,[13 3 2 6 0 0 0 2 0 5 4 0 2 0 0 0 10 0 0 0 0 0 0 0 16],"tf.Tensor([-0.11363567  0.22349496 -0.3758234  -0.63884753  0.8476944   0.        ], shape=(6,), dtype=float32)",-2.0,[14 1 0 0 0 0 0 3 2 6 6 6 0 0 0 0 10 0 0 0 0 0 0 0 16],True,"tf.Tensor(
[[-0.11363567  0.22349496 -0.3758234  -0.63884753  0.8476944  32.723927
  32.7032     31.17868    32.023018   32.64228    31.17142    31.888554
  31.923067   32.10871    32.6283     32.28212    31.041515   31.317154  ]], shape=(1, 18), dtype=float32)"
830,[1 1 0 0 0 0 0 5 1 3 5 1 0 0 0 0 0 0 0 0 0 0 0 0 0],"tf.Tensor([ 2.228369   3.811878   0.7649882  2.2475235  5.066518  11.       ], shape=(6,), dtype=float32)",0.4,[1 2 5 1 5 1 0 0 0 3 0 0 0 0 0 0 0 0 0 0 0 0 0 0 0],False,"tf.Tensor(
[[ 2.228369   3.811878   0.7649882  2.2475235  5.066518  17.104904
  14.311346  15.430873  15.454597  13.661195  15.500058  15.332651
  15.850868  17.530363  14.894081  15.428913  18.417437  14.601806 ]], shape=(1, 18), dtype=float32)"
831,[1 2 5 1 5 1 0 0 0 3 0 0 0 0 0 0 0 0 0 0 0 0 0 0 0],"tf.Tensor([ 2.7582517  3.5421555  2.0160363  2.961335   4.04048   10.       ], shape=(6,), dtype=float32)",0.1,[1 3 5 1 5 1 3 0 0 0 0 0 0 0 0 0 0 0 0 0 0 0 0 0 0],False,"tf.Tensor(
[[ 2.7582517  3.5421555  2.0160363  2.961335   4.04048   18.277916
  15.546788  19.190645  17.462114  17.924925  19.450933  19.199776
  19.135094  18.808542  17.932323  20.355331  19.861197  19.8371   ]], shape=(1, 18), dtype=float32)"
832,[1 3 5 1 5 1 3 0 0 0 0 0 0 0 0 0 0 0 0 0 0 0 0 0 0],[1 1 1 0 1 5],0.0,[2 1 0 0 0 0 0 5 1 3 5 1 0 0 0 0 0 0 0 0 0 0 0 0 0],False,"tf.Tensor(
[[ 2.8958275  3.413803   2.125388   3.4728262  4.0257254 19.097347
  16.107952  20.45902   18.029812  18.831743  20.817583  19.99942
  20.060005  19.479986  18.8504    21.14962   20.599892  21.392927 ]], shape=(1, 18), dtype=float32)"
833,[2 1 0 0 0 0 0 5 1 3 5 1 0 0 0 0 0 0 0 0 0 0 0 0 0],[1 0 0 1 0 7],0.2,[2 2 1 4 0 0 0 0 3 3 0 5 0 0 0 0 0 0 0 0 0 0 0 0 0],False,"tf.Tensor(
[[ 2.1889017  3.5956182  0.6025375  2.2230494  4.84306   17.288685
  14.635176  15.637494  15.454697  13.815279  15.638233  15.495054
  16.011015  17.805538  15.121825  15.627263  18.497967  14.747373 ]], shape=(1, 18), dtype=float32)"
834,[2 2 1 4 0 0 0 0 3 3 0 5 0 0 0 0 0 0 0 0 0 0 0 0 0],"tf.Tensor([ 3.4301026  3.5016162  1.4765564  2.0201297  3.351977  10.       ], shape=(6,), dtype=float32)",0.30000000000000004,[2 3 1 4 3 3 5 0 0 0 0 0 0 0 0 0 0 0 0 0 0 0 0 0 0],False,"tf.Tensor(
[[ 3.4301026  3.5016162  1.4765564  2.0201297  3.351977  14.457494
  12.734653  15.416342  13.2115135 14.220972  15.412855  15.073147
  16.767763  16.683493  13.763169  17.432508  15.50724   15.481364 ]], shape=(1, 18), dtype=float32)"
835,[2 3 1 4 3 3 5 0 0 0 0 0 0 0 0 0 0 0 0 0 0 0 0 0 0],[0 0 1 0 1 6],0.0,[3 1 0 0 0 0 0 1 1 4 4 3 0 0 0 0 0 0 0 0 0 0 0 0 0],False,"tf.Tensor(
[[ 2.9588928  3.1494246  1.6071655  3.0043097  3.3220034 19.063353
  15.663538  20.085466  17.700598  18.642706  20.135958  19.422691
  19.98443   18.977995  18.696331  20.890509  19.608746  21.065832 ]], shape=(1, 18), dtype=float32)"
836,[3 1 0 0 0 0 0 1 1 4 4 3 0 0 0 0 0 0 0 0 0 0 0 0 0],"tf.Tensor([2.578036  3.3402486 0.8997073 1.3108194 3.3432343 8.       ], shape=(6,), dtype=float32)",0.4,[3 2 4 6 3 1 0 0 0 3 0 0 0 0 0 0 0 0 0 0 0 0 0 0 0],False,"tf.Tensor(
[[ 2.578036   3.3402486  0.8997073  1.3108194  3.3432343 13.143971
  11.224123  12.4974165 11.555373  11.151089  12.215535  13.060702
  13.661005  14.987588  11.664999  14.0156355 13.9906645 12.072396 ]], shape=(1, 18), dtype=float32)"
837,[3 2 4 6 3 1 0 0 0 3 0 0 0 0 0 0 0 0 0 0 0 0 0 0 0],"tf.Tensor([ 3.159933   3.6139743  1.7323331  2.7211993  3.9089875 10.       ], shape=(6,), dtype=float32)",0.1,[3 3 4 6 3 1 3 0 0 0 0 0 0 0 0 0 0 0 0 0 0 0 0 0 0],False,"tf.Tensor(
[[ 3.159933   3.6139743  1.7323331  2.7211993  3.9089875 20.03795
  17.083923  21.016527  19.24049   20.347273  21.304829  21.23039
  21.371233  20.683918  19.85596   22.849749  21.111273  21.875093 ]], shape=(1, 18), dtype=float32)"
838,[3 3 4 6 3 1 3 0 0 0 0 0 0 0 0 0 0 0 0 0 0 0 0 0 0],"tf.Tensor([ 3.119475   3.2332385  1.6978468  2.8636131  3.7569506 10.       ], shape=(6,), dtype=float32)",0.0,[4 1 0 0 0 0 0 4 6 3 3 1 0 0 0 0 0 0 0 0 0 0 0 0 0],False,"tf.Tensor(
[[ 3.119475   3.2332385  1.6978468  2.8636131  3.7569506 20.56957
  17.406036  21.677013  19.548565  20.848223  21.967482  21.648254
  21.83307   20.697302  20.42897   23.218918  21.330479  22.740385 ]], shape=(1, 18), dtype=float32)"
839,[4 1 0 0 0 0 0 4 6 3 3 1 0 0 0 0 0 0 0 0 0 0 0 0 0],"tf.Tensor([2.753205  3.3511457 0.3491758 3.1179855 4.4727407 8.       ], shape=(6,), dtype=float32)",0.4,[4 2 4 4 5 2 0 0 0 3 0 0 0 0 0 0 0 0 0 0 0 0 0 0 0],False,"tf.Tensor(
[[ 2.753205   3.3511457  0.3491758  3.1179855  4.4727407 18.29723
  16.441065  17.8859    15.491757  15.531771  18.017487  17.233671
  18.279943  20.362217  16.586601  18.852795  19.390919  17.590443 ]], shape=(1, 18), dtype=float32)"
840,[4 2 4 4 5 2 0 0 0 3 0 0 0 0 0 0 0 0 0 0 0 0 0 0 0],"tf.Tensor([ 3.120109   3.5452764  1.7693465  3.051865   3.9099226 10.       ], shape=(6,), dtype=float32)",0.1,[4 3 4 4 5 2 3 0 0 0 0 0 0 0 0 0 0 0 0 0 0 0 0 0 0],False,"tf.Tensor(
[[ 3.120109   3.5452764  1.7693465  3.051865   3.9099226 21.21304
  18.079432  22.481089  20.131205  21.213568  22.6429    22.597303
  22.292835  21.497038  21.040092  23.9623    22.235607  23.519117 ]], shape=(1, 18), dtype=float32)"
841,[4 3 4 4 5 2 3 0 0 0 0 0 0 0 0 0 0 0 0 0 0 0 0 0 0],"tf.Tensor([ 3.148751   3.3696373  1.8368396  3.3134766  3.7833645 10.       ], shape=(6,), dtype=float32)",0.0,[5 1 0 0 0 0 0 4 4 2 5 2 0 0 0 0 0 0 0 0 0 0 0 0 0],False,"tf.Tensor(
[[ 3.148751   3.3696373  1.8368396  3.3134766  3.7833645 21.941938
  18.56523   23.492033  20.601002  21.993479  23.658175  23.301157
  23.139559  21.936148  21.877958  24.654585  22.828888  24.616873 ]], shape=(1, 18), dtype=float32)"
842,[5 1 0 0 0 0 0 4 4 2 5 2 0 0 0 0 0 0 0 0 0 0 0 0 0],"tf.Tensor([2.59617    3.329526   0.14253588 2.4011436  4.598303   8.        ], shape=(6,), dtype=float32)",0.4,[5 2 5 6 4 4 0 0 0 5 0 0 0 0 0 0 0 0 0 0 0 0 0 0 0],False,"tf.Tensor(
[[ 2.59617     3.329526    0.14253588  2.4011436   4.598303   18.705395
  16.610384   17.480291   15.98664    15.068253   17.399      17.064453
  17.945091   20.299763   16.421518   18.336905   19.393177   16.84132   ]], shape=(1, 18), dtype=float32)"
843,[5 2 5 6 4 4 0 0 0 5 0 0 0 0 0 0 0 0 0 0 0 0 0 0 0],"tf.Tensor([ 3.9687068  4.583303   2.068977   3.653805   5.0076337 10.       ], shape=(6,), dtype=float32)",0.1,[5 3 5 6 4 4 5 0 0 0 0 0 0 0 0 0 0 0 0 0 0 0 0 0 0],False,"tf.Tensor(
[[ 3.9687068  4.583303   2.068977   3.653805   5.0076337 26.626928
  22.65907   27.80779   25.291712  26.281826  27.962622  27.918465
  27.909887  27.083645  26.115406  29.7743    27.927269  28.942173 ]], shape=(1, 18), dtype=float32)"
844,[5 3 5 6 4 4 5 0 0 0 0 0 0 0 0 0 0 0 0 0 0 0 0 0 0],"tf.Tensor([ 3.9541678  4.183165   2.0890472  4.031253   4.7674065 10.       ], shape=(6,), dtype=float32)",0.0,[6 1 0 0 0 0 0 5 6 2 4 4 0 0 0 0 0 0 0 0 0 0 0 0 0],False,"tf.Tensor(
[[ 3.9541678  4.183165   2.0890472  4.031253   4.7674065 26.965826
  22.729023  28.75238   25.127584  26.718191  28.775951  28.274872
  28.524872  26.839687  26.717022  30.162462  27.983606  30.027718 ]], shape=(1, 18), dtype=float32)"
845,[6 1 0 0 0 0 0 5 6 2 4 4 0 0 0 0 0 0 0 0 0 0 0 0 0],"tf.Tensor([3.053074   3.8789756  0.07512514 3.0448132  5.261806   8.        ], shape=(6,), dtype=float32)",0.4,[6 2 3 6 2 3 0 0 0 5 0 0 0 0 0 0 0 0 0 0 0 0 0 0 0],False,"tf.Tensor(
[[ 3.053074    3.8789756   0.07512514  3.0448132   5.261806   21.716398
  19.432835   20.866926   18.472359   17.804197   20.700342   19.739073
  21.190058   23.610159   19.332846   21.5917     22.602709   19.825521  ]], shape=(1, 18), dtype=float32)"
846,[6 2 3 6 2 3 0 0 0 5 0 0 0 0 0 0 0 0 0 0 0 0 0 0 0],"tf.Tensor([ 3.230401   3.339015   1.1386195  2.329106   3.797708  10.       ], shape=(6,), dtype=float32)",0.1,[6 3 3 6 2 3 5 0 0 0 0 0 0 0 0 0 0 0 0 0 0 0 0 0 0],False,"tf.Tensor(
[[ 3.230401   3.339015   1.1386195  2.329106   3.797708  21.933002
  18.796822  22.148335  20.706726  21.307436  22.26749   22.666876
  22.756756  22.119946  21.058691  24.17938   22.34887   23.145084 ]], shape=(1, 18), dtype=float32)"
847,[6 3 3 6 2 3 5 0 0 0 0 0 0 0 0 0 0 0 0 0 0 0 0 0 0],"tf.Tensor([ 3.1781747  2.9380188  1.2137076  2.6707208  3.6511652 10.       ], shape=(6,), dtype=float32)",0.0,[7 1 0 0 0 0 0 3 6 4 2 3 0 0 0 0 0 0 0 0 0 0 0 0 0],False,"tf.Tensor(
[[ 3.1781747  2.9380188  1.2137076  2.6707208  3.6511652 22.46328
  18.973     23.053417  20.748487  21.838776  23.174698  23.109762
  23.424934  22.253323  21.701662  24.643436  22.47197   24.425299 ]], shape=(1, 18), dtype=float32)"
848,[7 1 0 0 0 0 0 3 6 4 2 3 0 0 0 0 0 0 0 0 0 0 0 0 0],"tf.Tensor([ 2.8010314   2.8855655  -0.17646888  2.495472    3.938824    8.        ], shape=(6,), dtype=float32)",0.4,[7 2 4 4 4 2 0 0 0 4 0 0 0 0 0 0 0 0 0 0 0 0 0 0 0],False,"tf.Tensor(
[[ 2.8010314   2.8855655  -0.17646888  2.495472    3.938824   18.752224
  17.521166   18.233679   15.5571785  15.910281   17.924858   17.680029
  19.067139   21.298796   16.803162   19.592245   19.41067    17.758095  ]], shape=(1, 18), dtype=float32)"
849,[7 2 4 4 4 2 0 0 0 4 0 0 0 0 0 0 0 0 0 0 0 0 0 0 0],"tf.Tensor([ 2.7774143  2.7968876  1.0568826  2.2707057  3.6097856 10.       ], shape=(6,), dtype=float32)",0.1,[7 3 4 4 4 2 4 0 0 0 0 0 0 0 0 0 0 0 0 0 0 0 0 0 0],False,"tf.Tensor(
[[ 2.7774143  2.7968876  1.0568826  2.2707057  3.6097856 21.544468
  18.636139  21.79224   20.400728  21.172312  22.063087  22.60279
  22.11882   21.469873  20.881805  23.683975  21.818901  23.202208 ]], shape=(1, 18), dtype=float32)"
850,[7 3 4 4 4 2 4 0 0 0 0 0 0 0 0 0 0 0 0 0 0 0 0 0 0],"tf.Tensor([ 2.7131956  2.588027   1.2349591  2.7562268  3.4813182 12.       ], shape=(6,), dtype=float32)",36.0,[8 1 0 0 0 0 0 4 4 2 4 2 0 0 0 0 0 0 0 0 0 0 0 0 18],False,"tf.Tensor(
[[ 2.7131956  2.588027   1.2349591  2.7562268  3.4813182 22.369776
  19.29274   23.192642  20.679556  22.036661  23.44401   23.400509
  23.238226  22.115116  21.922506  24.63327   22.531761  24.6708   ]], shape=(1, 18), dtype=float32)"
851,[8 1 0 0 0 0 0 4 4 2 4 2 0 0 0 0 0 0 0 0 0 0 0 0 18],[0 1 0 1 0 6],0.2,[8 2 3 4 0 0 0 3 0 2 0 4 0 0 0 0 0 0 0 0 0 0 0 0 18],False,"tf.Tensor(
[[ 1.2501616   1.7473878   0.8786459   1.020025    0.80367756 26.712334
  26.088652   26.80285    25.620338   25.48854    26.160099   26.638716
  25.781364   26.418709   25.831205   26.918531   27.172268   25.0267    ]], shape=(1, 18), dtype=float32)"
852,[8 2 3 4 0 0 0 3 0 2 0 4 0 0 0 0 0 0 0 0 0 0 0 0 18],"tf.Tensor([0.654835   1.4920396  1.3946801  0.7051834  0.95796645 8.        ], shape=(6,), dtype=float32)",0.2,[8 3 3 4 2 4 0 4 0 0 0 0 0 0 0 0 0 0 0 0 0 0 0 0 18],False,"tf.Tensor(
[[ 0.654835    1.4920396   1.3946801   0.7051834   0.95796645 27.823765
  27.745903   27.774624   27.474642   27.782934   27.579756   27.573738
  27.307728   28.046663   27.700115   27.99117    27.926403   26.610502  ]], shape=(1, 18), dtype=float32)"
853,[8 3 3 4 2 4 0 4 0 0 0 0 0 0 0 0 0 0 0 0 0 0 0 0 18],"tf.Tensor([0.3228657 0.8156469 1.268596  1.0616893 1.0536815 4.       ], shape=(6,), dtype=float32)",0.0,[9 1 0 0 0 0 0 3 3 4 4 4 0 0 0 0 0 0 0 0 0 0 0 0 18],False,"tf.Tensor(
[[ 0.3228657  0.8156469  1.268596   1.0616893  1.0536815 30.960403
  30.313997  30.79497   30.811443  31.182203  31.17071   30.327497
  29.607147  30.656109  31.06191   30.345116  30.717642  30.905453 ]], shape=(1, 18), dtype=float32)"
854,[9 1 0 0 0 0 0 3 3 4 4 4 0 0 0 0 0 0 0 0 0 0 0 0 18],[ 1  0  0  1  0 12],0.2,[9 2 6 2 0 0 0 0 1 5 0 6 0 0 0 0 0 0 0 0 0 0 0 0 18],False,"tf.Tensor(
[[ 1.0637825  1.7911863  1.0402175  1.0305992  0.695611  27.55433
  27.114515  27.503767  26.070473  26.023264  26.955204  27.59972
  26.930088  27.608618  26.669624  27.970465  27.792112  25.790922 ]], shape=(1, 18), dtype=float32)"
855,[9 2 6 2 0 0 0 0 1 5 0 6 0 0 0 0 0 0 0 0 0 0 0 0 18],"tf.Tensor([ 0.59489596  1.5246361   1.3058021   0.6263624   1.7064973  10.        ], shape=(6,), dtype=float32)",0.30000000000000004,[9 3 6 2 1 5 6 0 0 0 0 0 0 0 0 0 0 0 0 0 0 0 0 0 18],False,"tf.Tensor(
[[ 0.59489596  1.5246361   1.3058021   0.6263624   1.7064973  29.661547
  30.118053   29.599947   29.388397   29.973072   29.622072   30.060347
  29.943462   30.403023   29.658527   30.57532    30.078186   28.281914  ]], shape=(1, 18), dtype=float32)"
856,[9 3 6 2 1 5 6 0 0 0 0 0 0 0 0 0 0 0 0 0 0 0 0 0 18],[0 1 0 1 0 4],10.0,[10 1 0 0 0 0 0 6 6 1 2 6 0 0 0 0 5 0 0 0 0 0 0 0 18],False,"tf.Tensor(
[[ 0.5495292   0.8847264   1.0616434   0.87251735  1.8386889  34.0412
  33.148083   32.89484    34.049164   33.39749    33.728416   32.990566
  32.05778    33.719017   33.262173   32.998367   33.372105   33.221764  ]], shape=(1, 18), dtype=float32)"
857,[10 1 0 0 0 0 0 6 6 1 2 6 0 0 0 0 5 0 0 0 0 0 0 0 18],[0 1 1 0 0 7],0.2,[10 2 1 6 0 0 0 6 0 0 2 4 0 0 0 0 5 0 0 0 0 0 0 0 18],False,"tf.Tensor(
[[ 1.1762276   1.4249413   0.63965905  1.0467335   1.0711497  29.044685
  28.802746   28.706076   26.780283   26.951536   28.3947     27.800335
  29.058397   29.699091   28.180546   29.195948   28.716602   27.154781  ]], shape=(1, 18), dtype=float32)"
858,[10 2 1 6 0 0 0 6 0 0 2 4 0 0 0 0 5 0 0 0 0 0 0 0 18],"tf.Tensor([0.8420546  1.676844   0.8876002  0.31049287 1.0332111  8.        ], shape=(6,), dtype=float32)",0.1,[10 3 1 6 4 0 0 2 0 0 3 0 0 0 0 0 5 0 0 0 0 0 0 0 18],False,"tf.Tensor(
[[ 0.8420546   1.676844    0.8876002   0.31049287  1.0332111  30.634476
  30.089008   30.225672   29.939018   30.02382    29.732687   29.431786
  29.947073   30.664225   30.370548   30.09958    30.322033   28.829477  ]], shape=(1, 18), dtype=float32)"
859,[10 3 1 6 4 0 0 2 0 0 3 0 0 0 0 0 5 0 0 0 0 0 0 0 18],"tf.Tensor([ 0.33245894  0.7645738  -0.06609944  0.28964555  0.50136805  4.        ], shape=(6,), dtype=float32)",-10.0,[11 1 0 0 0 0 0 4 1 6 2 6 0 0 0 0 0 0 0 0 0 0 0 0 18],False,"tf.Tensor(
[[ 0.33245894  0.7645738  -0.06609944  0.28964555  0.50136805 31.241056
  30.602316   30.705206   31.168783   31.434324   30.917103   30.373713
  29.182402   30.68395    30.814152   30.914368   29.65262    30.86676   ]], shape=(1, 18), dtype=float32)"
860,[11 1 0 0 0 0 0 4 1 6 2 6 0 0 0 0 0 0 0 0 0 0 0 0 18],[1 1 0 0 1 2],0.30000000000000004,[11 2 1 1 5 0 0 0 0 1 1 0 0 0 0 0 0 0 0 0 0 0 0 0 18],False,"tf.Tensor(
[[ 0.6152476   1.4207914   1.2023127   0.91697633  0.42654774 28.18004
  28.100334   27.96306    26.366362   26.524366   27.609041   28.235807
  27.795448   28.519718   27.538166   28.425325   28.323696   26.364405  ]], shape=(1, 18), dtype=float32)"
861,[11 2 1 1 5 0 0 0 0 1 1 0 0 0 0 0 0 0 0 0 0 0 0 0 18],"tf.Tensor([ 0.38913915  0.15773274 -0.24988273  0.44540513 -0.21851888  3.        ], shape=(6,), dtype=float32)",0.0,[11 3 1 1 5 0 0 0 0 5 4 0 0 0 0 0 0 0 0 0 0 0 0 0 18],False,"tf.Tensor(
[[ 0.38913915  0.15773274 -0.24988273  0.44540513 -0.21851888 26.181187
  25.374302   26.055298   26.436935   26.323812   26.261473   26.422981
  22.90722    24.849518   25.268444   25.946552   24.690155   26.262028  ]], shape=(1, 18), dtype=float32)"
862,[11 3 1 1 5 0 0 0 0 5 4 0 0 0 0 0 0 0 0 0 0 0 0 0 18],"tf.Tensor([ 0.05353699  0.65660053 -0.0729723   0.509323    0.41532445 10.        ], shape=(6,), dtype=float32)",0.0,[12 1 0 0 0 0 0 1 1 5 4 5 0 0 0 0 0 0 0 0 0 0 0 0 18],False,"tf.Tensor(
[[ 0.05353699  0.65660053 -0.0729723   0.509323    0.41532445 30.530756
  30.052805   29.791399   29.934595   30.200144   30.154144   30.63889
  28.434488   29.658878   29.994133   30.735565   29.281649   30.012156  ]], shape=(1, 18), dtype=float32)"
863,[12 1 0 0 0 0 0 1 1 5 4 5 0 0 0 0 0 0 0 0 0 0 0 0 18],"tf.Tensor([0.63372064 1.2783067  0.74407554 0.58871937 0.13392529 6.        ], shape=(6,), dtype=float32)",0.1,[12 2 4 0 0 0 0 4 0 2 1 6 0 0 0 0 0 0 0 0 0 0 0 0 18],False,"tf.Tensor(
[[ 0.63372064  1.2783067   0.74407554  0.58871937  0.13392529 27.388641
  27.008821   27.196255   26.094486   25.969896   26.765156   27.91264
  26.158676   27.101267   26.408945   27.683592   26.967196   25.865742  ]], shape=(1, 18), dtype=float32)"
864,[12 2 4 0 0 0 0 4 0 2 1 6 0 0 0 0 0 0 0 0 0 0 0 0 18],"tf.Tensor([0.41015336 0.87918925 1.5182706  0.8870144  0.6141728  6.        ], shape=(6,), dtype=float32)",0.1,[12 3 4 2 0 0 0 3 0 0 1 5 0 0 0 0 0 0 0 0 0 0 0 0 18],False,"tf.Tensor(
[[ 0.41015336  0.87918925  1.5182706   0.8870144   0.6141728  28.413298
  28.281797   28.267761   27.53303    27.540888   28.361217   28.663572
  27.53064    28.212933   28.063297   28.321476   28.56233    27.233957  ]], shape=(1, 18), dtype=float32)"
865,[12 3 4 2 0 0 0 3 0 0 1 5 0 0 0 0 0 0 0 0 0 0 0 0 18],"tf.Tensor([0.25035283 0.6378505  1.1316637  0.45513022 0.5547303  6.        ], shape=(6,), dtype=float32)",0.0,[13 1 0 0 0 0 0 3 4 6 5 6 0 0 0 0 0 0 0 0 0 0 0 0 18],False,"tf.Tensor(
[[ 0.25035283  0.6378505   1.1316637   0.45513022  0.5547303  28.141926
  28.18975    27.906134   27.931328   27.90666    28.061062   28.230724
  26.8551     27.71848    27.815765   27.988075   27.75327    27.2577    ]], shape=(1, 18), dtype=float32)"
866,[13 1 0 0 0 0 0 3 4 6 5 6 0 0 0 0 0 0 0 0 0 0 0 0 18],[0 1 1 0 1 6],0.30000000000000004,[13 2 5 6 2 0 0 1 0 0 4 0 0 0 0 0 0 0 0 0 0 0 0 0 18],False,"tf.Tensor(
[[ 0.78345203  1.5748848   0.59886444  0.9908855   0.5282302  31.26663
  31.140966   30.917006   28.704405   29.001102   30.490541   31.373814
  31.01325    31.703749   30.279964   32.137066   30.856716   29.335545  ]], shape=(1, 18), dtype=float32)"
867,[13 2 5 6 2 0 0 1 0 0 4 0 0 0 0 0 0 0 0 0 0 0 0 0 18],"tf.Tensor([-0.03963664  0.52859807 -0.15147564 -0.3283524   0.91140115  4.        ], shape=(6,), dtype=float32)",0.0,[13 3 5 6 2 0 0 5 0 0 1 0 0 0 0 0 0 0 0 0 0 0 0 0 18],False,"tf.Tensor(
[[-0.03963664  0.52859807 -0.15147564 -0.3283524   0.91140115 32.115807
  32.06612    31.358685   32.672832   32.985325   31.505795   32.250366
  30.214539   31.156036   31.992334   32.188984   31.047327   31.423063  ]], shape=(1, 18), dtype=float32)"
868,[13 3 5 6 2 0 0 5 0 0 1 0 0 0 0 0 0 0 0 0 0 0 0 0 18],"tf.Tensor([-0.35318366 -0.16974042  0.2268059   0.09169708  0.9074162   4.        ], shape=(6,), dtype=float32)",10.0,[14 1 0 0 0 0 0 4 5 6 6 2 0 0 0 0 5 0 0 0 0 0 0 0 18],True,"tf.Tensor(
[[-0.35318366 -0.16974042  0.2268059   0.09169708  0.9074162  33.30665
  33.295685   32.444397   33.033524   33.826107   32.738625   32.845825
  31.85493    32.53032    33.56105    32.837868   32.21674    32.93428   ]], shape=(1, 18), dtype=float32)"
869,[1 1 0 0 0 0 0 6 1 5 5 6 0 0 0 0 0 0 0 0 0 0 0 0 0],"tf.Tensor([ 3.6451178  5.753393   1.6054993  2.6158433  6.719208  11.       ], shape=(6,), dtype=float32)",0.5,[1 2 6 1 5 5 6 0 0 0 0 0 0 0 0 0 0 0 0 0 0 0 0 0 0],False,"tf.Tensor(
[[ 3.6451178  5.753393   1.6054993  2.6158433  6.719208  22.0334
  18.099936  20.536625  19.8591    18.036497  20.466648  20.428911
  21.905691  23.61109   19.252644  21.514502  23.719791  19.636702 ]], shape=(1, 18), dtype=float32)"
870,[1 2 6 1 5 5 6 0 0 0 0 0 0 0 0 0 0 0 0 0 0 0 0 0 0],[1 0 0 1 1 4],0.0,[1 3 6 1 5 5 6 0 0 0 0 0 0 0 0 0 0 0 0 0 0 0 0 0 0],False,"tf.Tensor(
[[ 4.086645   4.997535   2.7655568  4.805443   6.063714  25.540916
  21.357956  27.144587  23.671333  24.09529   27.44044   26.100662
  26.884624  26.084906  24.69369   28.157415  27.559462  28.517647 ]], shape=(1, 18), dtype=float32)"
871,[1 3 6 1 5 5 6 0 0 0 0 0 0 0 0 0 0 0 0 0 0 0 0 0 0],"tf.Tensor([ 4.109523   4.9708514  2.7778585  4.8110695  6.0803485 12.       ], shape=(6,), dtype=float32)",46.0,[2 1 0 0 0 0 0 6 1 5 5 6 0 0 0 0 0 0 0 0 0 0 0 0 23],False,"tf.Tensor(
[[ 4.109523   4.9708514  2.7778585  4.8110695  6.0803485 26.099043
  21.956038  27.725182  24.262127  24.713581  28.024035  26.663458
  27.483152  26.627163  25.285936  28.725372  28.111639  29.088573 ]], shape=(1, 18), dtype=float32)"
872,[2 1 0 0 0 0 0 6 1 5 5 6 0 0 0 0 0 0 0 0 0 0 0 0 23],"tf.Tensor([ 2.036914   3.452797   3.1280696  1.893344   2.7801745 11.       ], shape=(6,), dtype=float32)",0.5,[2 2 2 1 6 4 5 0 0 0 0 0 0 0 0 0 0 0 0 0 0 0 0 0 23],False,"tf.Tensor(
[[ 2.036914   3.452797   3.1280696  1.893344   2.7801745 34.123634
  32.689167  33.283375  32.58895   31.727835  32.511055  32.572735
  34.156715  34.622063  32.803005  33.238754  36.025463  30.900194 ]], shape=(1, 18), dtype=float32)"
873,[2 2 2 1 6 4 5 0 0 0 0 0 0 0 0 0 0 0 0 0 0 0 0 0 23],"tf.Tensor([1.7001829 2.9458866 2.314652  2.9300437 1.8300693 5.       ], shape=(6,), dtype=float32)",0.0,[2 3 2 1 6 4 5 0 0 0 0 0 0 0 0 0 0 0 0 0 0 0 0 0 23],False,"tf.Tensor(
[[ 1.7001829  2.9458866  2.314652   2.9300437  1.8300693 36.078526
  33.5412    35.379505  35.63095   34.44174   36.453518  34.220833
  33.05124   35.988045  34.53582   34.97615   35.9402    35.525036 ]], shape=(1, 18), dtype=float32)"
874,[2 3 2 1 6 4 5 0 0 0 0 0 0 0 0 0 0 0 0 0 0 0 0 0 23],"tf.Tensor([1.6631453 2.8467875 2.3073976 2.889227  1.84215   5.       ], shape=(6,), dtype=float32)",12.0,[3 1 0 0 0 0 0 2 1 6 4 5 0 0 0 0 0 6 0 0 0 0 0 0 23],False,"tf.Tensor(
[[ 1.6631453  2.8467875  2.3073976  2.889227   1.84215   36.54212
  34.126316  35.95282   36.11996   35.067005  37.034637  34.799572
  33.71979   36.461838  35.15354   35.543682  36.424484  36.05974  ]], shape=(1, 18), dtype=float32)"
875,[3 1 0 0 0 0 0 2 1 6 4 5 0 0 0 0 0 6 0 0 0 0 0 0 23],"tf.Tensor([ 1.9822959  2.7195535  2.6066432  1.6147124  1.6902815 11.       ], shape=(6,), dtype=float32)",0.5,[3 2 2 6 1 6 2 0 0 0 0 0 0 0 0 0 0 6 0 0 0 0 0 0 23],False,"tf.Tensor(
[[ 1.9822959  2.7195535  2.6066432  1.6147124  1.6902815 32.13405
  30.87695   32.13445   30.553629  30.360296  31.021673  31.609272
  32.32346   32.018837  31.114845  31.98409   33.71847   29.470419 ]], shape=(1, 18), dtype=float32)"
876,[3 2 2 6 1 6 2 0 0 0 0 0 0 0 0 0 0 6 0 0 0 0 0 0 23],"tf.Tensor([1.2484167 2.1113572 2.2499363 1.513919  1.4629886 0.       ], shape=(6,), dtype=float32)",0.0,[3 3 2 6 1 6 2 0 0 0 0 0 0 0 0 0 0 6 0 0 0 0 0 0 23],False,"tf.Tensor(
[[ 1.2484167  2.1113572  2.2499363  1.513919   1.4629886 36.11122
  34.491474  35.57115   35.99054   35.622063  35.80261   34.529186
  34.591274  35.488785  35.48785   35.083786  36.02826   35.158424 ]], shape=(1, 18), dtype=float32)"
877,[3 3 2 6 1 6 2 0 0 0 0 0 0 0 0 0 0 6 0 0 0 0 0 0 23],"tf.Tensor([1.1271527 1.9908807 2.2485611 1.4522806 1.4398072 0.       ], shape=(6,), dtype=float32)",1.0,[4 1 0 0 0 0 0 2 6 1 6 2 1 0 0 0 0 6 0 0 0 0 0 0 23],False,"tf.Tensor(
[[ 1.1271527  1.9908807  2.2485611  1.4522806  1.4398072 36.55692
  35.13117   36.04815   36.453293  36.217632  36.338287  35.015846
  35.26867   35.956642  36.14219   35.649506  36.4341    35.67415  ]], shape=(1, 18), dtype=float32)"
878,[4 1 0 0 0 0 0 2 6 1 6 2 1 0 0 0 0 6 0 0 0 0 0 0 23],"tf.Tensor([ 2.330853   2.6634357  1.5259267  1.4020337  1.4022955 11.       ], shape=(6,), dtype=float32)",0.5,[4 2 3 6 5 6 6 0 0 0 0 0 1 0 0 0 0 6 0 0 0 0 0 0 23],False,"tf.Tensor(
[[ 2.330853   2.6634357  1.5259267  1.4020337  1.4022955 31.530962
  30.2188    32.08037   30.610397  30.34889   30.819931  31.223145
  31.013262  30.77413   30.338923  31.785234  32.885918  29.16911  ]], shape=(1, 18), dtype=float32)"
879,[4 2 3 6 5 6 6 0 0 0 0 0 1 0 0 0 0 6 0 0 0 0 0 0 23],[0 0 1 0 1 4],0.0,[4 3 3 6 5 6 6 0 0 0 0 0 1 0 0 0 0 6 0 0 0 0 0 0 23],False,"tf.Tensor(
[[ 1.6548376  2.5580623  2.3780951  2.240355   2.1212885 43.111713
  40.463806  42.306236  42.501682  42.033466  43.049606  41.061256
  41.125725  42.680138  42.135387  41.88515   42.575756  42.408264 ]], shape=(1, 18), dtype=float32)"
880,[4 3 3 6 5 6 6 0 0 0 0 0 1 0 0 0 0 6 0 0 0 0 0 0 23],"tf.Tensor([1.5771294 2.3805268 2.389576  2.1917224 2.11945   5.       ], shape=(6,), dtype=float32)",24.0,[5 1 0 0 0 0 0 3 6 5 6 6 1 0 0 0 0 18 0 0 0 0 0 0 23],False,"tf.Tensor(
[[ 1.5771294  2.3805268  2.389576   2.1917224  2.11945   43.483074
  41.008057  42.757576  42.90937   42.60066   43.561943  41.54998
  41.713985  43.014496  42.686893  42.379253  42.94117   42.87779  ]], shape=(1, 18), dtype=float32)"
881,[5 1 0 0 0 0 0 3 6 5 6 6 1 0 0 0 0 18 0 0 0 0 0 0 23],"tf.Tensor([ 2.1760826  1.9932675  2.4149132  1.5167176  1.175072  11.       ], shape=(6,), dtype=float32)",0.5,[5 2 1 3 5 5 5 0 0 0 0 0 1 0 0 0 0 18 0 0 0 0 0 0 23],False,"tf.Tensor(
[[ 2.1760826  1.9932675  2.4149132  1.5167176  1.175072  38.212288
  37.290295  38.760677  35.500057  36.031334  37.52503   37.374012
  39.40924   38.09014   37.42993   38.44636   39.477837  35.16333  ]], shape=(1, 18), dtype=float32)"
882,[5 2 1 3 5 5 5 0 0 0 0 0 1 0 0 0 0 18 0 0 0 0 0 0 23],[1 0 1 1 0 7],0.0,[5 3 1 3 5 5 5 0 0 0 0 0 1 0 0 0 0 18 0 0 0 0 0 0 23],False,"tf.Tensor(
[[ 1.503422    0.91195923  2.0189207   1.43282     0.25495934 39.362583
  37.033512   39.293564   37.876995   38.027096   39.19717    38.157803
  38.180725   37.75173    38.910236   38.102676   38.811703   38.24499   ]], shape=(1, 18), dtype=float32)"
883,[5 3 1 3 5 5 5 0 0 0 0 0 1 0 0 0 0 18 0 0 0 0 0 0 23],"tf.Tensor([1.3514848  0.75429064 2.038522   1.3934067  0.2236345  0.        ], shape=(6,), dtype=float32)",0.0,[6 1 0 0 0 0 0 1 3 5 5 5 1 0 0 0 0 18 0 0 0 0 0 0 23],False,"tf.Tensor(
[[ 1.3514848   0.75429064  2.038522    1.3934067   0.2236345  39.75747
  37.681686   39.69841    38.262947   38.590256   39.711628   38.602024
  38.85106    38.115402   39.562153   38.68306    39.141888   38.73909   ]], shape=(1, 18), dtype=float32)"
884,[6 1 0 0 0 0 0 1 3 5 5 5 1 0 0 0 0 18 0 0 0 0 0 0 23],"tf.Tensor([ 1.9540837   1.457395    2.0834885   1.1858708   0.48911357 11.        ], shape=(6,), dtype=float32)",0.4,[6 2 2 6 2 1 0 0 0 0 0 2 1 0 0 0 0 18 0 0 0 0 0 0 23],False,"tf.Tensor(
[[ 1.9540837   1.457395    2.0834885   1.1858708   0.48911357 34.545284
  33.40023    35.23577    32.2836     32.746727   33.864594   34.53455
  34.988796   33.60453    33.746777   34.56578    35.563915   32.061405  ]], shape=(1, 18), dtype=float32)"
885,[6 2 2 6 2 1 0 0 0 0 0 2 1 0 0 0 0 18 0 0 0 0 0 0 23],[0 1 0 1 1 0],0.1,[6 3 2 6 2 1 2 0 0 0 0 0 1 0 0 0 0 18 0 0 0 0 0 0 23],False,"tf.Tensor(
[[ 1.4789131   0.6906318   1.6567022   0.33641708 -0.14729844 34.427547
  33.35095    35.42799    33.880943   34.83735    34.28784    34.73588
  34.349277   32.66149    34.70862    34.16227    34.635708   32.913567  ]], shape=(1, 18), dtype=float32)"
886,[6 3 2 6 2 1 2 0 0 0 0 0 1 0 0 0 0 18 0 0 0 0 0 0 23],"tf.Tensor([ 1.3104334   0.4497108   1.4186307   0.16910519 -0.03976558  2.        ], shape=(6,), dtype=float32)",0.0,[7 1 0 0 0 0 0 2 6 2 1 2 1 0 0 0 0 18 0 0 0 0 0 0 23],False,"tf.Tensor(
[[ 1.3104334   0.4497108   1.4186307   0.16910519 -0.03976558 36.010227
  34.889072   36.51039    35.409576   36.271503   35.558323   35.990463
  35.74485    33.968727   36.270226   35.511745   35.879997   34.36929   ]], shape=(1, 18), dtype=float32)"
887,[7 1 0 0 0 0 0 2 6 2 1 2 1 0 0 0 0 18 0 0 0 0 0 0 23],"tf.Tensor([ 1.6627198  -0.10509484  1.2015849   0.9175863  -0.3760687   2.        ], shape=(6,), dtype=float32)",0.30000000000000004,[7 2 2 5 4 0 0 0 4 0 0 6 1 0 0 0 0 18 0 0 0 0 0 0 23],False,"tf.Tensor(
[[ 1.6627198  -0.10509484  1.2015849   0.9175863  -0.3760687  31.589193
  31.301247   32.767937   29.313694   30.41578    31.608414   31.847464
  31.75809    30.561182   31.022596   31.821308   31.840456   30.04301   ]], shape=(1, 18), dtype=float32)"
888,[7 2 2 5 4 0 0 0 4 0 0 6 1 0 0 0 0 18 0 0 0 0 0 0 23],[1 0 0 1 0 1],0.0,[7 3 2 5 4 0 0 0 2 0 0 4 1 0 0 0 0 18 0 0 0 0 0 0 23],False,"tf.Tensor(
[[ 1.6311541   0.88232034  1.4336729   0.8444613   0.22900058 37.00477
  36.36103    37.973843   35.86871    37.066753   37.432507   36.6825
  37.47496    36.134933   37.001373   37.63187    36.71674    35.600113  ]], shape=(1, 18), dtype=float32)"
889,[7 3 2 5 4 0 0 0 2 0 0 4 1 0 0 0 0 18 0 0 0 0 0 0 23],"tf.Tensor([ 1.3662746   0.5774693   1.475515    0.6194483  -0.11903332  2.        ], shape=(6,), dtype=float32)",0.0,[8 1 0 0 0 0 0 2 5 5 4 3 1 0 0 0 0 18 0 0 0 0 0 0 23],False,"tf.Tensor(
[[ 1.3662746   0.5774693   1.475515    0.6194483  -0.11903332 36.331345
  35.630825   37.356804   35.444862   36.68424    36.706963   36.441708
  36.60504    34.99993    36.68151    36.68792    36.11207    35.06639   ]], shape=(1, 18), dtype=float32)"
890,[8 1 0 0 0 0 0 2 5 5 4 3 1 0 0 0 0 18 0 0 0 0 0 0 23],[1 0 1 0 1 7],0.30000000000000004,[8 2 2 1 3 0 0 0 5 0 4 0 1 0 0 0 0 18 0 0 0 0 0 0 23],False,"tf.Tensor(
[[ 1.7727187e+00  8.2139212e-01  1.5645682e+00  1.0005587e+00
  -3.5740718e-02  3.5319256e+01  3.4476604e+01  3.6060898e+01
   3.2712139e+01  3.3424892e+01  3.4793118e+01  3.5352013e+01
   3.5550175e+01  3.4381584e+01  3.4562412e+01  3.5427238e+01
   3.5812698e+01  3.2962200e+01]], shape=(1, 18), dtype=float32)"
891,[8 2 2 1 3 0 0 0 5 0 4 0 1 0 0 0 0 18 0 0 0 0 0 0 23],"tf.Tensor([ 1.6216295   0.00789054  0.7881261   0.7528957  -0.33031392  2.        ], shape=(6,), dtype=float32)",0.0,[8 3 2 1 3 0 0 0 1 0 1 0 1 0 0 0 0 18 0 0 0 0 0 0 23],False,"tf.Tensor(
[[ 1.6216295e+00  7.8905374e-03  7.8812611e-01  7.5289571e-01
  -3.3031392e-01  3.4021355e+01  3.3113976e+01  3.5150249e+01
   3.2715698e+01  3.3677883e+01  3.4264641e+01  3.4616230e+01
   3.3359287e+01  3.2095848e+01  3.3595119e+01  3.4148830e+01
   3.4007618e+01  3.2778442e+01]], shape=(1, 18), dtype=float32)"
892,[8 3 2 1 3 0 0 0 1 0 1 0 1 0 0 0 0 18 0 0 0 0 0 0 23],"tf.Tensor([ 1.1618115  -0.39553636  1.0270472   0.34091163 -0.88535035  2.        ], shape=(6,), dtype=float32)",6.0,[9 1 0 0 0 0 0 2 4 1 1 3 1 0 3 0 0 18 0 0 0 0 0 0 23],False,"tf.Tensor(
[[ 1.1618115  -0.39553636  1.0270472   0.34091163 -0.88535035 31.617464
  30.827642   32.876587   30.859459   31.90639    31.878237   32.666702
  30.865519   29.273733   31.864178   31.465654   31.618114   30.617527  ]], shape=(1, 18), dtype=float32)"
893,[9 1 0 0 0 0 0 2 4 1 1 3 1 0 3 0 0 18 0 0 0 0 0 0 23],"tf.Tensor([ 1.4209541  -0.16101293  0.789613    0.6583364  -0.85205626  2.        ], shape=(6,), dtype=float32)",0.1,[9 2 4 0 0 0 0 0 1 4 1 1 1 0 3 0 0 18 0 0 0 0 0 0 23],False,"tf.Tensor(
[[ 1.4209541  -0.16101293  0.789613    0.6583364  -0.85205626 29.956783
  29.916264   31.887217   27.198614   29.168076   30.07423    30.873064
  30.324127   29.585407   29.799658   30.207167   30.089367   28.871056  ]], shape=(1, 18), dtype=float32)"
894,[9 2 4 0 0 0 0 0 1 4 1 1 1 0 3 0 0 18 0 0 0 0 0 0 23],[0 1 1 1 0 0],0.30000000000000004,[9 3 4 1 4 1 0 0 0 0 0 5 1 0 3 0 0 18 0 0 0 0 0 0 23],False,"tf.Tensor(
[[ 0.93039405 -0.37437397  1.1247128  -0.3666147  -0.46335864 30.910677
  31.195225   32.233982   29.797007   31.105888   30.576178   32.18515
  31.094036   29.74736    31.46421    30.502419   31.61406    29.32205   ]], shape=(1, 18), dtype=float32)"
895,[9 3 4 1 4 1 0 0 0 0 0 5 1 0 3 0 0 18 0 0 0 0 0 0 23],"tf.Tensor([ 0.62590647 -0.0392869   1.5578567   0.22067155 -0.5925286   2.        ], shape=(6,), dtype=float32)",-6.0,[10 1 0 0 0 0 0 4 2 2 5 6 1 0 0 0 0 18 0 0 0 0 0 0 23],False,"tf.Tensor(
[[ 0.62590647 -0.0392869   1.5578567   0.22067155 -0.5925286  34.000256
  33.621845   35.10881    32.94498    34.432552   34.331226   34.679916
  34.001217   32.833885   34.75544    33.689167   33.795975   32.978233  ]], shape=(1, 18), dtype=float32)"
896,[10 1 0 0 0 0 0 4 2 2 5 6 1 0 0 0 0 18 0 0 0 0 0 0 23],"tf.Tensor([ 1.720698    0.6774636   1.856406    0.8766353  -0.58425295  2.        ], shape=(6,), dtype=float32)",0.2,[10 2 3 4 0 0 0 0 5 0 3 1 1 0 0 0 0 18 0 0 0 0 0 0 23],False,"tf.Tensor(
[[ 1.720698    0.6774636   1.856406    0.8766353  -0.58425295 34.258434
  33.620663   35.76748    31.410273   32.51937    33.92559    34.649197
  34.66237    33.81263    33.981632   34.07485    35.05815    31.747757  ]], shape=(1, 18), dtype=float32)"
897,[10 2 3 4 0 0 0 0 5 0 3 1 1 0 0 0 0 18 0 0 0 0 0 0 23],[1 0 1 0 1 0],0.1,[10 3 3 4 1 0 0 0 4 0 3 0 1 0 0 0 0 18 0 0 0 0 0 0 23],False,"tf.Tensor(
[[ 1.2166245e+00 -7.2433490e-01  7.9652703e-01 -2.9782161e-02
  -4.1351187e-01  3.4686184e+01  3.4753922e+01  3.5556023e+01
   3.3590706e+01  3.4676662e+01  3.4607578e+01  3.5146183e+01
   3.4384399e+01  3.3142334e+01  3.4439903e+01  3.4643276e+01
   3.4280121e+01  3.3218128e+01]], shape=(1, 18), dtype=float32)"
898,[10 3 3 4 1 0 0 0 4 0 3 0 1 0 0 0 0 18 0 0 0 0 0 0 23],"tf.Tensor([ 0.9594071  -0.88201314  0.6757895  -0.15589033 -0.46994448  2.        ], shape=(6,), dtype=float32)",6.0,[11 1 0 0 0 0 0 3 3 4 6 3 1 0 3 0 0 18 0 0 0 0 0 0 23],False,"tf.Tensor(
[[ 0.9594071  -0.88201314  0.6757895  -0.15589033 -0.46994448 35.242016
  35.257076   36.00689    34.363785   35.559654   35.17447    35.78416
  34.857456   33.348198   35.289524   35.157074   34.715805   33.963818  ]], shape=(1, 18), dtype=float32)"
899,[11 1 0 0 0 0 0 3 3 4 6 3 1 0 3 0 0 18 0 0 0 0 0 0 23],"tf.Tensor([ 1.4389719   0.51140064  1.1364833   0.5130105  -0.72936535  2.        ], shape=(6,), dtype=float32)",0.2,[11 2 6 5 0 0 0 0 5 0 2 4 1 0 3 0 0 18 0 0 0 0 0 0 23],False,"tf.Tensor(
[[ 1.4389719   0.51140064  1.1364833   0.5130105  -0.72936535 35.002686
  34.50977    36.478584   31.657219   33.272987   34.349327   35.75842
  35.272144   34.774605   34.640976   34.766487   35.399075   32.703922  ]], shape=(1, 18), dtype=float32)"
900,[11 2 6 5 0 0 0 0 5 0 2 4 1 0 3 0 0 18 0 0 0 0 0 0 23],"tf.Tensor([ 0.7672281  -0.49071175  0.93843913 -0.4926077  -0.10646532  2.        ], shape=(6,), dtype=float32)",0.0,[11 3 6 5 0 0 0 0 2 0 6 6 1 0 3 0 0 18 0 0 0 0 0 0 23],False,"tf.Tensor(
[[ 0.7672281  -0.49071175  0.93843913 -0.4926077  -0.10646532 37.28444
  37.843338   37.96689    35.94738    37.697727   36.901707   37.299538
  37.82538    36.832703   37.680214   37.172894   36.549316   35.53435   ]], shape=(1, 18), dtype=float32)"
901,[11 3 6 5 0 0 0 0 2 0 6 6 1 0 3 0 0 18 0 0 0 0 0 0 23],"tf.Tensor([ 1.0304496   0.78372544  1.6282524  -0.3162228   0.1273029   2.        ], shape=(6,), dtype=float32)",-6.0,[12 1 0 0 0 0 0 6 5 5 1 1 1 0 0 0 0 18 0 0 0 0 0 0 23],False,"tf.Tensor(
[[ 1.0304496   0.78372544  1.6282524  -0.3162228   0.1273029  39.015133
  39.166275   39.90029    37.698933   38.863823   38.499275   39.080532
  39.773636   38.84552    39.412876   38.82352    39.088825   36.46616   ]], shape=(1, 18), dtype=float32)"
902,[12 1 0 0 0 0 0 6 5 5 1 1 1 0 0 0 0 18 0 0 0 0 0 0 23],"tf.Tensor([ 0.94788146 -0.8609639   0.93412185  1.015925   -0.8542758   2.        ], shape=(6,), dtype=float32)",0.30000000000000004,[12 2 5 1 6 0 0 0 3 0 0 6 1 0 0 0 0 18 0 0 0 0 0 0 23],False,"tf.Tensor(
[[ 0.94788146 -0.8609639   0.93412185  1.015925   -0.8542758  35.668118
  36.00508    37.047974   31.838726   34.336353   35.728596   36.401505
  36.64352    35.28485    35.91333    36.095276   35.749855   34.324898  ]], shape=(1, 18), dtype=float32)"
903,[12 2 5 1 6 0 0 0 3 0 0 6 1 0 0 0 0 18 0 0 0 0 0 0 23],"tf.Tensor([ 0.67311597 -0.5607875   1.1123701   0.451537   -0.6399944   2.        ], shape=(6,), dtype=float32)",0.0,[12 3 5 1 6 0 0 0 2 0 0 3 1 0 0 0 0 18 0 0 0 0 0 0 23],False,"tf.Tensor(
[[ 0.67311597 -0.5607875   1.1123701   0.451537   -0.6399944  36.9438
  36.881004   38.051086   35.89035    37.57324    37.99128    37.91287
  36.99387    35.636894   37.577778   37.559624   36.247967   36.0306    ]], shape=(1, 18), dtype=float32)"
904,[12 3 5 1 6 0 0 0 2 0 0 3 1 0 0 0 0 18 0 0 0 0 0 0 23],[1 1 0 0 1 6],0.0,[13 1 0 0 0 0 0 5 4 1 6 3 1 0 0 0 0 18 0 0 0 0 0 0 23],False,"tf.Tensor(
[[ 0.25906372 -1.1542495   0.89399815  0.09883823 -0.7562032  36.66289
  36.59719    37.456966   35.92655    37.60371    37.459183   37.720886
  36.312286   34.72226    37.486427   36.862267   35.757534   36.017944  ]], shape=(1, 18), dtype=float32)"
905,[13 1 0 0 0 0 0 5 4 1 6 3 1 0 0 0 0 18 0 0 0 0 0 0 23],"tf.Tensor([ 1.2480215  -0.54884726  1.1546824   0.6842123  -1.2876085   2.        ], shape=(6,), dtype=float32)",0.2,[13 2 1 2 0 0 0 0 3 0 5 3 1 0 0 0 0 18 0 0 0 0 0 0 23],False,"tf.Tensor(
[[ 1.2480215  -0.54884726  1.1546824   0.6842123  -1.2876085  35.040848
  35.127583   36.91889    31.538464   33.372257   35.181805   36.185547
  35.432343   34.724762   34.886578   35.110695   35.22022    33.115116  ]], shape=(1, 18), dtype=float32)"
906,[13 2 1 2 0 0 0 0 3 0 5 3 1 0 0 0 0 18 0 0 0 0 0 0 23],"tf.Tensor([ 1.2575562  -0.6744005   0.7837738   0.04594196 -1.1636088   2.        ], shape=(6,), dtype=float32)",0.0,[13 3 1 2 0 0 0 0 3 0 5 2 1 0 0 0 0 18 0 0 0 0 0 0 23],False,"tf.Tensor(
[[ 1.2575562  -0.6744005   0.7837738   0.04594196 -1.1636088  33.471313
  33.525383   35.05223    31.95705    32.94992    33.78239    34.890392
  32.789978   32.1369     33.02184    33.551388   33.141327   31.976366  ]], shape=(1, 18), dtype=float32)"
907,[13 3 1 2 0 0 0 0 3 0 5 2 1 0 0 0 0 18 0 0 0 0 0 0 23],[ 1  0  1  0  0 11],0.0,[14 1 0 0 0 0 0 1 4 2 2 6 1 0 0 0 0 18 0 0 0 0 0 0 23],True,"tf.Tensor(
[[ 1.047344   -0.9833965   0.65055215 -0.11348413 -1.1973761  33.77332
  34.01661    35.238125   32.28676    33.393784   34.045177   35.1568
  33.148876   32.32316    33.47507    33.832256   33.274788   32.387505  ]], shape=(1, 18), dtype=float32)"
908,[1 1 0 0 0 0 0 2 1 1 1 5 0 0 0 0 0 0 0 0 0 0 0 0 0],"tf.Tensor([2.2164657 2.9093874 0.9306731 1.5361611 3.151316  8.       ], shape=(6,), dtype=float32)",0.5,[1 2 2 1 1 1 5 0 0 0 0 0 0 0 0 0 0 0 0 0 0 0 0 0 0],False,"tf.Tensor(
[[ 2.2164657  2.9093874  0.9306731  1.5361611  3.151316  10.466786
   8.585875  10.367937   9.3065195  8.895668  10.208      9.950017
  10.908543  11.41794    9.283966  10.900787  11.279523   9.92175  ]], shape=(1, 18), dtype=float32)"
909,[1 2 2 1 1 1 5 0 0 0 0 0 0 0 0 0 0 0 0 0 0 0 0 0 0],[0 0 0 1 1 7],0.0,[1 3 2 1 1 1 5 0 0 0 0 0 0 0 0 0 0 0 0 0 0 0 0 0 0],False,"tf.Tensor(
[[ 2.4250438  2.4114807  1.2228993  2.326278   3.1614792 12.610583
  10.194868  12.692763  11.543429  11.6375475 13.054219  12.2713995
  13.162086  12.87522   11.643278  13.507392  13.151805  13.665799 ]], shape=(1, 18), dtype=float32)"
910,[1 3 2 1 1 1 5 0 0 0 0 0 0 0 0 0 0 0 0 0 0 0 0 0 0],"tf.Tensor([ 2.4634554  2.4076753  1.2552352  2.3601706  3.2620265 12.       ], shape=(6,), dtype=float32)",20.0,[2 1 0 0 0 0 0 2 1 1 1 5 0 0 0 0 0 0 0 0 0 0 0 0 10],False,"tf.Tensor(
[[ 2.4634554  2.4076753  1.2552352  2.3601706  3.2620265 13.2339325
  10.822292  13.314895  12.189673  12.303104  13.705192  12.883459
  13.824899  13.476594  12.269143  14.145108  13.765454  14.355798 ]], shape=(1, 18), dtype=float32)"
911,[2 1 0 0 0 0 0 2 1 1 1 5 0 0 0 0 0 0 0 0 0 0 0 0 10],"tf.Tensor([ 1.2558377  1.7617575  1.4390032  1.0015653  1.3765993 11.       ], shape=(6,), dtype=float32)",0.5,[2 2 3 4 2 3 3 0 0 0 0 0 0 0 0 0 0 0 0 0 0 0 0 0 10],False,"tf.Tensor(
[[ 1.2558377  1.7617575  1.4390032  1.0015653  1.3765993 15.482618
  15.035023  15.49759   14.964878  14.63165   15.098129  14.704261
  15.539962  16.014374  14.797988  15.379713  16.275862  14.126031 ]], shape=(1, 18), dtype=float32)"
912,[2 2 3 4 2 3 3 0 0 0 0 0 0 0 0 0 0 0 0 0 0 0 0 0 10],"tf.Tensor([ 1.2800639  1.8347327  1.3599949  1.5998564  2.4024668 11.       ], shape=(6,), dtype=float32)",0.0,[2 3 3 4 2 3 3 0 0 0 0 0 0 0 0 0 0 0 0 0 0 0 0 0 10],False,"tf.Tensor(
[[ 1.2800639  1.8347327  1.3599949  1.5998564  2.4024668 23.445923
  21.940086  23.062237  23.301516  23.17277   23.504654  22.506145
  22.751932  23.466269  22.83732   23.134712  23.557703  23.40671  ]], shape=(1, 18), dtype=float32)"
913,[2 3 3 4 2 3 3 0 0 0 0 0 0 0 0 0 0 0 0 0 0 0 0 0 10],"tf.Tensor([1.2218602 1.6904145 1.3760585 1.5610956 2.407992  5.       ], shape=(6,), dtype=float32)",0.0,[3 1 0 0 0 0 0 3 4 2 3 3 0 0 0 0 0 0 0 0 0 0 0 0 10],False,"tf.Tensor(
[[ 1.2218602  1.6904145  1.3760585  1.5610956  2.407992  23.834593
  22.483345  23.552685  23.726854  23.75838   24.038397  23.024118
  23.362532  23.822884  23.406912  23.66032   23.948929  23.899841 ]], shape=(1, 18), dtype=float32)"
914,[3 1 0 0 0 0 0 3 4 2 3 3 0 0 0 0 0 0 0 0 0 0 0 0 10],"tf.Tensor([ 1.3800145  1.9025334  0.9904124  1.1892779  1.8117573 11.       ], shape=(6,), dtype=float32)",0.5,[3 2 2 2 2 3 3 0 0 0 0 0 0 0 0 0 0 0 0 0 0 0 0 0 10],False,"tf.Tensor(
[[ 1.3800145  1.9025334  0.9904124  1.1892779  1.8117573 19.03094
  18.48261   18.837961  17.715176  17.662203  18.386194  18.168526
  19.448418  19.653511  18.190462  19.232405  19.811604  17.460905 ]], shape=(1, 18), dtype=float32)"
915,[3 2 2 2 2 3 3 0 0 0 0 0 0 0 0 0 0 0 0 0 0 0 0 0 10],"tf.Tensor([0.95878255 1.2908809  1.0039127  1.2761334  1.5769246  5.        ], shape=(6,), dtype=float32)",0.0,[3 3 2 2 2 3 3 0 0 0 0 0 0 0 0 0 0 0 0 0 0 0 0 0 10],False,"tf.Tensor(
[[ 0.95878255  1.2908809   1.0039127   1.2761334   1.5769246  20.84876
  19.68695    20.406666   20.585428   20.281422   20.873344   19.95387
  19.746826   20.830841   20.134714   20.307352   20.644526   20.619408  ]], shape=(1, 18), dtype=float32)"
916,[3 3 2 2 2 3 3 0 0 0 0 0 0 0 0 0 0 0 0 0 0 0 0 0 10],"tf.Tensor([0.9470378 1.2189176 1.0410688 1.2777908 1.6307089 5.       ], shape=(6,), dtype=float32)",0.0,[4 1 0 0 0 0 0 2 2 2 3 3 0 0 0 0 0 0 0 0 0 0 0 0 10],False,"tf.Tensor(
[[ 0.9470378  1.2189176  1.0410688  1.2777908  1.6307089 21.327625
  20.253529  20.996666  21.097378  20.92873   21.490215  20.553528
  20.42749   21.26241   20.763763  20.932142  21.136675  21.231117 ]], shape=(1, 18), dtype=float32)"
917,[4 1 0 0 0 0 0 2 2 2 3 3 0 0 0 0 0 0 0 0 0 0 0 0 10],"tf.Tensor([ 1.04456     1.6213166   1.0047929   0.96785575  1.1877337  11.        ], shape=(6,), dtype=float32)",0.5,[4 2 3 1 3 4 3 0 0 0 0 0 0 0 0 0 0 0 0 0 0 0 0 0 10],False,"tf.Tensor(
[[ 1.04456     1.6213166   1.0047929   0.96785575  1.1877337  17.31605
  16.841219   17.175535   16.3161     16.14384    16.794828   16.901695
  17.311304   17.625679   16.59793    17.435333   17.837578   16.030552  ]], shape=(1, 18), dtype=float32)"
918,[4 2 3 1 3 4 3 0 0 0 0 0 0 0 0 0 0 0 0 0 0 0 0 0 10],"tf.Tensor([0.9248661 1.1167042 1.0854558 1.5482526 1.7990901 5.       ], shape=(6,), dtype=float32)",0.0,[4 3 3 1 3 4 3 0 0 0 0 0 0 0 0 0 0 0 0 0 0 0 0 0 10],False,"tf.Tensor(
[[ 0.9248661  1.1167042  1.0854558  1.5482526  1.7990901 22.445023
  21.101988  22.127213  22.121899  21.876762  22.778313  21.748772
  21.27299   22.401846  21.80222   21.929438  22.28452   22.700974 ]], shape=(1, 18), dtype=float32)"
919,[4 3 3 1 3 4 3 0 0 0 0 0 0 0 0 0 0 0 0 0 0 0 0 0 10],"tf.Tensor([0.92397535 1.0525266  1.1365227  1.5748872  1.8890405  5.        ], shape=(6,), dtype=float32)",0.0,[5 1 0 0 0 0 0 3 1 3 4 3 0 0 0 0 0 0 0 0 0 0 0 0 10],False,"tf.Tensor(
[[ 0.92397535  1.0525266   1.1365227   1.5748872   1.8890405  22.989119
  21.684      22.750319   22.712837   22.570927   23.440937   22.373304
  21.965612   22.870634   22.461422   22.599203   22.830612   23.420122  ]], shape=(1, 18), dtype=float32)"
920,[5 1 0 0 0 0 0 3 1 3 4 3 0 0 0 0 0 0 0 0 0 0 0 0 10],"tf.Tensor([ 0.9936861  1.6318482  1.0826906  1.0220207  1.1647992 11.       ], shape=(6,), dtype=float32)",0.5,[5 2 2 6 6 1 3 0 0 0 0 0 0 0 0 0 0 0 0 0 0 0 0 0 10],False,"tf.Tensor(
[[ 0.9936861  1.6318482  1.0826906  1.0220207  1.1647992 18.824717
  18.255693  18.68381   17.426867  17.418558  18.14114   18.54961
  18.913197  19.207348  18.193092  18.759945  19.553179  17.30211  ]], shape=(1, 18), dtype=float32)"
921,[5 2 2 6 6 1 3 0 0 0 0 0 0 0 0 0 0 0 0 0 0 0 0 0 10],"tf.Tensor([ 1.4056145   1.7801226   0.99049014  1.4418638   2.1960297  12.        ], shape=(6,), dtype=float32)",0.0,[5 3 2 6 6 1 3 0 0 0 0 0 0 0 0 0 0 0 0 0 0 0 0 0 10],False,"tf.Tensor(
[[ 1.4056145   1.7801226   0.99049014  1.4418638   2.1960297  27.052893
  25.103323   26.654266   26.797188   27.138391   27.407412   26.700718
  26.124134   27.044413   26.56377    27.609428   26.228983   27.957092  ]], shape=(1, 18), dtype=float32)"
922,[5 3 2 6 6 1 3 0 0 0 0 0 0 0 0 0 0 0 0 0 0 0 0 0 10],[0 0 1 1 1 9],0.0,[6 1 0 0 0 0 0 2 6 6 1 3 0 0 0 0 0 0 0 0 0 0 0 0 10],False,"tf.Tensor(
[[ 1.3685571  1.6363     1.0068697  1.4246228  2.2142885 27.467041
  25.683702  27.148596  27.218191  27.688997  27.959621  27.210905
  26.736526  27.423206  27.110044  28.158478  26.6315    28.451778 ]], shape=(1, 18), dtype=float32)"
923,[6 1 0 0 0 0 0 2 6 6 1 3 0 0 0 0 0 0 0 0 0 0 0 0 10],"tf.Tensor([1.4371228  1.56499    0.35414484 1.2940828  1.6108596  8.        ], shape=(6,), dtype=float32)",0.4,[6 2 3 6 2 4 0 0 0 5 0 0 0 0 0 0 0 0 0 0 0 0 0 0 10],False,"tf.Tensor(
[[ 1.4371228   1.56499     0.35414484  1.2940828   1.6108596  21.198921
  20.784729   20.729868   18.96083    19.67677    20.685974   20.814754
  21.995134   22.418282   20.223011   22.308012   21.20188    20.130129  ]], shape=(1, 18), dtype=float32)"
924,[6 2 3 6 2 4 0 0 0 5 0 0 0 0 0 0 0 0 0 0 0 0 0 0 10],"tf.Tensor([1.2600632 1.995805  0.9918595 1.1521289 2.8044252 0.       ], shape=(6,), dtype=float32)",0.1,[6 3 3 6 2 4 5 0 0 0 0 0 0 0 0 0 0 0 0 0 0 0 0 0 10],False,"tf.Tensor(
[[ 1.2600632  1.995805   0.9918595  1.1521289  2.8044252 29.036997
  27.543852  28.132624  28.628113  28.546741  28.28979   28.310364
  28.385303  28.765806  28.2821    29.018303  28.897188  28.537151 ]], shape=(1, 18), dtype=float32)"
925,[6 3 3 6 2 4 5 0 0 0 0 0 0 0 0 0 0 0 0 0 0 0 0 0 10],"tf.Tensor([ 1.2606274  1.2829858  0.8231178  1.2007451  2.4637647 12.       ], shape=(6,), dtype=float32)",20.0,[7 1 0 0 0 0 0 3 6 4 2 4 0 0 0 0 0 0 0 0 0 0 0 0 20],False,"tf.Tensor(
[[ 1.2606274  1.2829858  0.8231178  1.2007451  2.4637647 28.452147
  26.976658  27.705616  27.886854  27.845827  28.223196  27.444874
  27.645163  28.305826  27.639324  28.316858  27.62616   28.529667 ]], shape=(1, 18), dtype=float32)"
926,[7 1 0 0 0 0 0 3 6 4 2 4 0 0 0 0 0 0 0 0 0 0 0 0 20],"tf.Tensor([ 1.487013   2.2055452  1.0968752  1.3308518  1.1697073 10.       ], shape=(6,), dtype=float32)",0.5,[7 2 2 2 4 3 4 0 0 0 0 0 0 0 0 0 0 0 0 0 0 0 0 0 20],False,"tf.Tensor(
[[ 1.487013   2.2055452  1.0968752  1.3308518  1.1697073 29.19413
  28.853146  29.247963  27.775997  27.828302  28.775799  28.772024
  28.919727  29.609518  28.211433  30.015406  29.605398  27.324036 ]], shape=(1, 18), dtype=float32)"
927,[7 2 2 2 4 3 4 0 0 0 0 0 0 0 0 0 0 0 0 0 0 0 0 0 20],"tf.Tensor([0.7457322  1.3505443  1.0114535  1.3029063  0.74412364 0.        ], shape=(6,), dtype=float32)",0.0,[7 3 2 2 4 3 4 0 0 0 0 0 0 0 0 0 0 0 0 0 0 0 0 0 20],False,"tf.Tensor(
[[ 0.7457322   1.3505443   1.0114535   1.3029063   0.74412364 31.435839
  30.291695   30.669582   31.270002   30.647545   31.42687    30.286112
  28.712269   30.923525   30.468473   30.770958   30.293966   30.875338  ]], shape=(1, 18), dtype=float32)"
928,[7 3 2 2 4 3 4 0 0 0 0 0 0 0 0 0 0 0 0 0 0 0 0 0 20],"tf.Tensor([0.7062423  1.2710525  1.0239793  1.2850621  0.81614274 5.        ], shape=(6,), dtype=float32)",0.0,[8 1 0 0 0 0 0 2 2 4 3 4 0 0 0 0 0 0 0 0 0 0 0 0 20],False,"tf.Tensor(
[[ 0.7062423   1.2710525   1.0239793   1.2850621   0.81614274 32.023895
  30.937174   31.26358    31.89392    31.328478   32.081627   30.88862
  29.41315    31.479322   31.132889   31.381073   30.878405   31.535177  ]], shape=(1, 18), dtype=float32)"
929,[8 1 0 0 0 0 0 2 2 4 3 4 0 0 0 0 0 0 0 0 0 0 0 0 20],"tf.Tensor([ 1.2983458  1.9684716  1.2518473  1.106902   0.4885587 10.       ], shape=(6,), dtype=float32)",0.4,[8 2 4 5 5 3 0 0 0 0 0 5 0 0 0 0 0 0 0 0 0 0 0 0 20],False,"tf.Tensor(
[[ 1.2983458  1.9684716  1.2518473  1.106902   0.4885587 27.765064
  27.13763   27.981985  26.63497   26.44317   27.314423  27.96034
  26.837128  27.618246  26.82685   28.182941  28.131681  25.987865 ]], shape=(1, 18), dtype=float32)"
930,[8 2 4 5 5 3 0 0 0 0 0 5 0 0 0 0 0 0 0 0 0 0 0 0 20],"tf.Tensor([0.97165453 1.8508381  1.4026213  1.5886691  1.4131553  5.        ], shape=(6,), dtype=float32)",0.1,[8 3 4 5 5 3 5 0 0 0 0 0 0 0 0 0 0 0 0 0 0 0 0 0 20],False,"tf.Tensor(
[[ 0.97165453  1.8508381   1.4026213   1.5886691   1.4131553  34.666447
  33.75514    34.886288   34.761276   35.020756   35.495316   34.274906
  33.094322   34.943222   34.25639    34.784096   34.225723   34.484562  ]], shape=(1, 18), dtype=float32)"
931,[8 3 4 5 5 3 5 0 0 0 0 0 0 0 0 0 0 0 0 0 0 0 0 0 20],"tf.Tensor([0.7403606 1.3810848 0.8808816 1.2292721 1.6476519 3.       ], shape=(6,), dtype=float32)",8.0,[9 1 0 0 0 0 0 4 5 5 3 5 0 0 0 4 0 0 0 0 0 0 0 0 20],False,"tf.Tensor(
[[ 0.7403606  1.3810848  0.8808816  1.2292721  1.6476519 37.839443
  36.5345    36.806942  37.842087  37.543957  37.770226  36.531094
  35.399708  37.50144   37.04528   37.10764   36.614693  37.282738 ]], shape=(1, 18), dtype=float32)"
932,[9 1 0 0 0 0 0 4 5 5 3 5 0 0 0 4 0 0 0 0 0 0 0 0 20],"tf.Tensor([ 0.9634824   1.3800715   0.4583264   1.0881584   0.19182974 10.        ], shape=(6,), dtype=float32)",0.30000000000000004,[9 2 1 2 3 0 0 0 0 5 0 5 0 0 0 4 0 0 0 0 0 0 0 0 20],False,"tf.Tensor(
[[ 0.9634824   1.3800715   0.4583264   1.0881584   0.19182974 28.581278
  28.374409   29.2574     26.222322   27.633669   28.168808   28.912899
  28.914812   28.622301   28.514301   29.667074   28.869593   27.292267  ]], shape=(1, 18), dtype=float32)"
933,[9 2 1 2 3 0 0 0 0 5 0 5 0 0 0 4 0 0 0 0 0 0 0 0 20],"tf.Tensor([ 0.43158567  0.7777145   0.25999552  0.70460206 -0.34008557 10.        ], shape=(6,), dtype=float32)",0.0,[9 3 1 2 3 0 0 0 0 6 0 6 0 0 0 4 0 0 0 0 0 0 0 0 20],False,"tf.Tensor(
[[ 0.43158567  0.7777145   0.25999552  0.70460206 -0.34008557 27.21177
  26.90218    27.885944   26.142664   27.626608   27.337082   27.788925
  26.300295   26.925823   27.337309   27.992117   26.440985   27.011368  ]], shape=(1, 18), dtype=float32)"
934,[9 3 1 2 3 0 0 0 0 6 0 6 0 0 0 4 0 0 0 0 0 0 0 0 20],"tf.Tensor([ 0.28607595  0.8425268   0.42585748  0.7392971  -0.19207543 10.        ], shape=(6,), dtype=float32)",0.0,[10 1 0 0 0 0 0 1 2 4 3 6 0 0 0 4 0 0 0 0 0 0 0 0 20],False,"tf.Tensor(
[[ 0.28607595  0.8425268   0.42585748  0.7392971  -0.19207543 28.516283
  28.465218   29.025696   27.17142    28.75595    28.62435    28.923365
  28.137213   28.526655   28.796875   29.487352   27.710894   28.211079  ]], shape=(1, 18), dtype=float32)"
935,[10 1 0 0 0 0 0 1 2 4 3 6 0 0 0 4 0 0 0 0 0 0 0 0 20],"tf.Tensor([ 0.8581594   1.2721273   0.50885576  0.8077796  -0.28368658  2.        ], shape=(6,), dtype=float32)",0.1,[10 2 6 0 0 0 0 5 0 6 6 2 0 0 0 4 0 0 0 0 0 0 0 0 20],False,"tf.Tensor(
[[ 0.8581594   1.2721273   0.50885576  0.8077796  -0.28368658 26.38367
  25.789917   27.285532   24.84843    25.88597    26.216894   27.263885
  25.83411    25.954779   26.155163   27.080667   26.419554   25.455406  ]], shape=(1, 18), dtype=float32)"
936,[10 2 6 0 0 0 0 5 0 6 6 2 0 0 0 4 0 0 0 0 0 0 0 0 20],"tf.Tensor([-0.05620168  1.2813364   1.2452074   1.1109695   1.2063413  11.        ], shape=(6,), dtype=float32)",0.30000000000000004,[10 3 6 6 6 2 0 6 0 0 0 0 0 0 0 4 0 0 0 0 0 0 0 0 20],False,"tf.Tensor(
[[-0.05620168  1.2813364   1.2452074   1.1109695   1.2063413  33.24853
  32.856934   33.087334   31.474472   32.858047   32.555637   33.842125
  33.639847   32.66759    34.132397   33.522266   34.51157    32.03604   ]], shape=(1, 18), dtype=float32)"
937,[10 3 6 6 6 2 0 6 0 0 0 0 0 0 0 4 0 0 0 0 0 0 0 0 20],[1 0 1 0 1 4],0.0,[11 1 0 0 0 0 0 5 6 2 5 4 0 0 0 4 0 0 0 0 0 0 0 0 20],False,"tf.Tensor(
[[-0.19921814  0.2550242   0.74296707  1.2357082   1.1196268  37.862125
  36.704292   38.00592    37.308956   39.057796   38.267883   37.484646
  36.789627   37.382454   38.967396   37.335186   37.54661    38.88002   ]], shape=(1, 18), dtype=float32)"
938,[11 1 0 0 0 0 0 5 6 2 5 4 0 0 0 4 0 0 0 0 0 0 0 0 20],"tf.Tensor([ 0.97283435  1.0830908  -0.01320355  0.9284728   0.09170884 10.        ], shape=(6,), dtype=float32)",0.30000000000000004,[11 2 1 2 3 0 0 0 0 5 0 5 0 0 0 4 0 0 0 0 0 0 0 0 20],False,"tf.Tensor(
[[ 9.7283435e-01  1.0830908e+00 -1.3203546e-02  9.2847282e-01
   9.1708839e-02  2.9284822e+01  2.8868740e+01  2.9912951e+01
   2.7049725e+01  2.8212523e+01  2.8781216e+01  2.9635132e+01
   2.8910458e+01  2.8720181e+01  2.8944233e+01  3.0041668e+01
   2.9392302e+01  2.8057907e+01]], shape=(1, 18), dtype=float32)"
939,[11 2 1 2 3 0 0 0 0 5 0 5 0 0 0 4 0 0 0 0 0 0 0 0 20],"tf.Tensor([ 0.14879109  0.39135528 -0.03486614  0.42995876 -0.46547276 10.        ], shape=(6,), dtype=float32)",0.0,[11 3 1 2 3 0 0 0 0 5 0 4 0 0 0 4 0 0 0 0 0 0 0 0 20],False,"tf.Tensor(
[[ 0.14879109  0.39135528 -0.03486614  0.42995876 -0.46547276 27.866598
  27.708738   28.382202   26.807      28.367239   27.900045   28.53413
  26.75157    27.419603   28.039835   28.537357   26.779642   27.752804  ]], shape=(1, 18), dtype=float32)"
940,[11 3 1 2 3 0 0 0 0 5 0 4 0 0 0 4 0 0 0 0 0 0 0 0 20],"tf.Tensor(
[ 1.4246851e-03  1.1946644e-01 -1.7207150e-01  2.6280910e-01
 -5.3717512e-01  4.0000000e+00], shape=(6,), dtype=float32)",0.0,[12 1 0 0 0 0 0 1 2 6 3 2 0 0 0 4 0 0 0 0 0 0 0 0 20],False,"tf.Tensor(
[[ 1.4246851e-03  1.1946644e-01 -1.7207150e-01  2.6280910e-01
  -5.3717512e-01  2.8003315e+01  2.7959740e+01  2.8448425e+01
   2.7120184e+01  2.8740032e+01  2.8038309e+01  2.8693949e+01
   2.6839067e+01  2.7312511e+01  2.8304541e+01  2.8669985e+01
   2.6779882e+01  2.8012245e+01]], shape=(1, 18), dtype=float32)"
941,[12 1 0 0 0 0 0 1 2 6 3 2 0 0 0 4 0 0 0 0 0 0 0 0 20],"tf.Tensor([ 0.26191366  0.22492065 -0.3523304   0.19431217 -0.7072727   6.        ], shape=(6,), dtype=float32)",0.0,[12 2 0 0 0 0 0 2 2 1 5 4 0 0 0 4 0 0 0 0 0 0 0 0 20],False,"tf.Tensor(
[[ 0.26191366  0.22492065 -0.3523304   0.19431217 -0.7072727  26.542133
  26.187893   27.12706    25.145283   26.64081    26.040081   27.885382
  25.411127   25.372614   26.55249    27.166433   25.962473   25.981852  ]], shape=(1, 18), dtype=float32)"
942,[12 2 0 0 0 0 0 2 2 1 5 4 0 0 0 4 0 0 0 0 0 0 0 0 20],"tf.Tensor([ 0.7942467   0.7818519   0.05730887  0.50211674 -0.5085235   6.        ], shape=(6,), dtype=float32)",0.0,[12 3 0 0 0 0 0 3 3 4 4 1 0 0 0 4 0 0 0 0 0 0 0 0 20],False,"tf.Tensor(
[[ 0.7942467   0.7818519   0.05730887  0.50211674 -0.5085235  26.889927
  26.008291   27.708319   25.886618   26.541773   26.643507   27.86739
  25.292706   25.439665   26.452255   27.073761   26.705717   26.152456  ]], shape=(1, 18), dtype=float32)"
943,[12 3 0 0 0 0 0 3 3 4 4 1 0 0 0 4 0 0 0 0 0 0 0 0 20],"tf.Tensor([ 0.2834133  0.094759  -0.363329   0.2922185 -0.6107014  6.       ], shape=(6,), dtype=float32)",0.0,[13 1 0 0 0 0 0 4 4 2 5 6 0 0 0 4 0 0 0 0 0 0 0 0 20],False,"tf.Tensor(
[[ 0.2834133  0.094759  -0.363329   0.2922185 -0.6107014 27.741915
  27.38713   28.2743    26.338657  27.719349  27.317106  28.820255
  26.537989  26.278826  27.754627  28.259014  27.20117   27.291918 ]], shape=(1, 18), dtype=float32)"
944,[13 1 0 0 0 0 0 4 4 2 5 6 0 0 0 4 0 0 0 0 0 0 0 0 20],"tf.Tensor([ 0.8020694   1.0942113   0.14860196  0.8055858  -0.1168943   2.        ], shape=(6,), dtype=float32)",0.1,[13 2 4 0 0 0 0 5 0 1 2 6 0 0 0 4 0 0 0 0 0 0 0 0 20],False,"tf.Tensor(
[[ 0.8020694   1.0942113   0.14860196  0.8055858  -0.1168943  29.393827
  28.83167    30.019087   27.327858   28.274172   28.962027   29.964619
  28.69965    28.762232   28.995754   29.902426   29.35023    28.231855  ]], shape=(1, 18), dtype=float32)"
945,[13 2 4 0 0 0 0 5 0 1 2 6 0 0 0 4 0 0 0 0 0 0 0 0 20],"tf.Tensor([ 0.30456984  0.35055292  0.9114684   0.7176648  -0.27725643  6.        ], shape=(6,), dtype=float32)",0.1,[13 3 4 1 0 0 0 3 0 0 3 2 0 0 0 4 0 0 0 0 0 0 0 0 20],False,"tf.Tensor(
[[ 0.30456984  0.35055292  0.9114684   0.7176648  -0.27725643 28.760735
  28.374384   29.376978   27.580961   28.54365    28.80706    29.581005
  27.88368    27.658249   29.057264   28.768196   29.01348    28.044392  ]], shape=(1, 18), dtype=float32)"
946,[13 3 4 1 0 0 0 3 0 0 3 2 0 0 0 4 0 0 0 0 0 0 0 0 20],"tf.Tensor([ 0.07457067 -0.30245626  0.16893633  0.09524162 -0.54189664  6.        ], shape=(6,), dtype=float32)",0.0,[14 1 0 0 0 0 0 6 4 1 4 4 0 0 0 4 0 0 0 0 0 0 0 0 20],True,"tf.Tensor(
[[ 0.07457067 -0.30245626  0.16893633  0.09524162 -0.54189664 27.528143
  27.01376    28.13619    27.321217   28.223173   27.44819    28.711126
  25.695606   25.713562   27.732069   27.340654   27.195473   27.473036  ]], shape=(1, 18), dtype=float32)"
947,[1 1 0 0 0 0 0 3 3 2 4 3 0 0 0 0 0 0 0 0 0 0 0 0 0],"tf.Tensor([ 2.7405374  3.861748   1.1006186  2.1101067  4.7004848 11.       ], shape=(6,), dtype=float32)",0.5,[1 2 3 3 2 4 3 0 0 0 0 0 0 0 0 0 0 0 0 0 0 0 0 0 0],False,"tf.Tensor(
[[ 2.7405374  3.861748   1.1006186  2.1101067  4.7004848 15.56536
  12.940223  14.725317  13.99473   12.981181  14.700526  14.523511
  15.526069  16.534132  13.730086  15.5508    16.743616  14.14144  ]], shape=(1, 18), dtype=float32)"
948,[1 2 3 3 2 4 3 0 0 0 0 0 0 0 0 0 0 0 0 0 0 0 0 0 0],"tf.Tensor([ 2.944816   3.2107515  1.7713268  3.1660686  3.7071776 12.       ], shape=(6,), dtype=float32)",0.0,[1 3 3 3 2 4 3 0 0 0 0 0 0 0 0 0 0 0 0 0 0 0 0 0 0],False,"tf.Tensor(
[[ 2.944816   3.2107515  1.7713268  3.1660686  3.7071776 17.336098
  14.400992  18.583118  16.1145    16.840672  18.601126  17.809795
  18.310837  17.586288  16.932417  19.189253  18.4465    19.423439 ]], shape=(1, 18), dtype=float32)"
949,[1 3 3 3 2 4 3 0 0 0 0 0 0 0 0 0 0 0 0 0 0 0 0 0 0],"tf.Tensor([ 2.987335   3.2111526  1.8057909  3.1435173  3.7370515 12.       ], shape=(6,), dtype=float32)",30.0,[2 1 0 0 0 0 0 3 3 2 4 3 0 0 0 0 0 0 0 0 0 0 0 0 15],False,"tf.Tensor(
[[ 2.987335   3.2111526  1.8057909  3.1435173  3.7370515 18.020397
  15.099642  19.270174  16.874426  17.596865  19.312765  18.52781
  19.001554  18.226063  17.647251  19.921036  19.1135    20.076185 ]], shape=(1, 18), dtype=float32)"
950,[2 1 0 0 0 0 0 3 3 2 4 3 0 0 0 0 0 0 0 0 0 0 0 0 15],[1 1 0 0 0 9],0.2,[2 2 3 5 0 0 0 0 0 4 1 2 0 0 0 0 0 0 0 0 0 0 0 0 15],False,"tf.Tensor(
[[ 1.651693   2.5186458  1.7600844  1.3953035  1.8781395 22.782125
  21.89714   22.6593    21.979532  21.537918  22.038956  21.934158
  22.748478  23.088427  21.870287  22.687231  24.07085   20.840708 ]], shape=(1, 18), dtype=float32)"
951,[2 2 3 5 0 0 0 0 0 4 1 2 0 0 0 0 0 0 0 0 0 0 0 0 15],"tf.Tensor([ 1.0179799  2.3839478  1.5828435  1.1003383  2.1609313 11.       ], shape=(6,), dtype=float32)",0.30000000000000004,[2 3 3 5 4 1 2 0 0 0 0 0 0 0 0 0 0 0 0 0 0 0 0 0 15],False,"tf.Tensor(
[[ 1.0179799  2.3839478  1.5828435  1.1003383  2.1609313 25.699604
  25.088415  25.25589   25.602823  25.73512   25.145723  24.899315
  25.649994  26.279335  25.33293   25.839054  26.396795  24.351604 ]], shape=(1, 18), dtype=float32)"
952,[2 3 3 5 4 1 2 0 0 0 0 0 0 0 0 0 0 0 0 0 0 0 0 0 15],"tf.Tensor([1.1030436 2.072305  1.5080824 1.5565695 2.0683982 3.       ], shape=(6,), dtype=float32)",8.0,[3 1 0 0 0 0 0 3 5 5 1 1 0 0 0 4 0 0 0 0 0 0 0 0 15],False,"tf.Tensor(
[[ 1.1030436  2.072305   1.5080824  1.5565695  2.0683982 28.301302
  26.846073  27.87006   28.729052  28.611794  28.50169   27.295732
  27.03055   28.170523  27.856068  27.985195  28.238728  28.06043  ]], shape=(1, 18), dtype=float32)"
953,[3 1 0 0 0 0 0 3 5 5 1 1 0 0 0 4 0 0 0 0 0 0 0 0 15],"tf.Tensor([ 1.0648893   1.3768804   0.34041077  1.2147324   0.85251313 10.        ], shape=(6,), dtype=float32)",0.30000000000000004,[3 2 1 1 4 0 0 0 0 3 0 6 0 0 0 4 0 0 0 0 0 0 0 0 15],False,"tf.Tensor(
[[ 1.0648893   1.3768804   0.34041077  1.2147324   0.85251313 21.107252
  20.524977   21.562891   19.360418   20.771774   20.668274   20.928452
  21.600155   21.058634   21.098509   21.897686   21.760511   20.369516  ]], shape=(1, 18), dtype=float32)"
954,[3 2 1 1 4 0 0 0 0 3 0 6 0 0 0 4 0 0 0 0 0 0 0 0 15],"tf.Tensor([0.96019566 1.7440798  1.0527508  1.6827762  0.42797714 2.        ], shape=(6,), dtype=float32)",0.1,[3 3 1 1 4 3 0 0 0 0 0 6 0 0 0 4 0 0 0 0 0 0 0 0 15],False,"tf.Tensor(
[[ 0.96019566  1.7440798   1.0527508   1.6827762   0.42797714 21.363512
  20.5357     22.23681    20.13036    21.266235   21.958012   21.292505
  21.305769   21.847927   21.429316   22.121319   21.49132    21.37078   ]], shape=(1, 18), dtype=float32)"
955,[3 3 1 1 4 3 0 0 0 0 0 6 0 0 0 4 0 0 0 0 0 0 0 0 15],"tf.Tensor([1.0109278  1.5195076  1.1302283  1.8630515  0.47724253 2.        ], shape=(6,), dtype=float32)",6.0,[4 1 0 0 0 0 0 1 1 3 4 5 0 0 3 4 0 0 0 0 0 0 0 0 15],False,"tf.Tensor(
[[ 1.0109278   1.5195076   1.1302283   1.8630515   0.47724253 22.147896
  21.176292   23.286684   21.399563   22.454193   23.232319   21.935072
  21.62816    22.288643   22.353058   22.655077   22.210186   22.780174  ]], shape=(1, 18), dtype=float32)"
956,[4 1 0 0 0 0 0 1 1 3 4 5 0 0 3 4 0 0 0 0 0 0 0 0 15],"tf.Tensor([1.0475676  1.5453569  0.63450265 0.9791671  0.05042166 2.        ], shape=(6,), dtype=float32)",0.30000000000000004,[4 2 4 4 3 0 0 0 0 5 0 5 0 0 3 4 0 0 0 0 0 0 0 0 15],False,"tf.Tensor(
[[ 1.0475676   1.5453569   0.63450265  0.9791671   0.05042166 19.959547
  19.191526   20.79257    17.879389   19.10697    19.325668   20.151806
  20.201899   20.055378   19.826015   20.248543   20.396452   19.067583  ]], shape=(1, 18), dtype=float32)"
957,[4 2 4 4 3 0 0 0 0 5 0 5 0 0 3 4 0 0 0 0 0 0 0 0 15],"tf.Tensor([0.708431  2.1197433 0.6141664 1.1665193 1.6550083 8.       ], shape=(6,), dtype=float32)",0.1,[4 3 4 4 3 5 0 0 0 1 0 0 0 0 3 4 0 0 0 0 0 0 0 0 15],False,"tf.Tensor(
[[ 0.708431   2.1197433  0.6141664  1.1665193  1.6550083 27.157112
  26.374527  27.494415  25.621094  27.455353  26.683548  26.819029
  27.629326  28.207651  27.525953  27.528545  27.320154  26.861635 ]], shape=(1, 18), dtype=float32)"
958,[4 3 4 4 3 5 0 0 0 1 0 0 0 0 3 4 0 0 0 0 0 0 0 0 15],"tf.Tensor([ 0.22464217  0.8382567   0.95617306  1.2025627   1.4369693  12.        ], shape=(6,), dtype=float32)",4.0,[5 1 0 0 0 0 0 4 4 3 3 3 0 0 3 4 0 0 0 0 0 0 0 0 17],False,"tf.Tensor(
[[ 0.22464217  0.8382567   0.95617306  1.2025627   1.4369693  27.762196
  26.50401    27.624065   27.194286   28.19262    27.57139    26.977331
  26.854832   27.337605   28.116507   27.133755   27.281733   28.857323  ]], shape=(1, 18), dtype=float32)"
959,[5 1 0 0 0 0 0 4 4 3 3 3 0 0 3 4 0 0 0 0 0 0 0 0 17],"tf.Tensor([1.015675   1.3521038  0.33191234 1.0762308  0.41713208 2.        ], shape=(6,), dtype=float32)",0.30000000000000004,[5 2 5 2 5 0 0 0 0 5 0 5 0 0 3 4 0 0 0 0 0 0 0 0 17],False,"tf.Tensor(
[[ 1.015675    1.3521038   0.33191234  1.0762308   0.41713208 23.577816
  22.95527    24.213688   21.165812   22.731293   22.789957   23.376362
  23.79282    23.664463   23.515842   23.827368   24.05359    22.654081  ]], shape=(1, 18), dtype=float32)"
960,[5 2 5 2 5 0 0 0 0 5 0 5 0 0 3 4 0 0 0 0 0 0 0 0 17],[1 1 1 0 0 1],0.1,[5 3 5 2 5 5 0 0 0 0 0 4 0 0 3 4 0 0 0 0 0 0 0 0 17],False,"tf.Tensor(
[[ 0.51349425  1.9170804   0.6885317   1.4784942   1.5290072  29.311794
  28.511293   29.790825   27.79697    29.766712   29.334969   29.261753
  29.43829    30.280462   29.866617   29.747107   29.465912   29.391495  ]], shape=(1, 18), dtype=float32)"
961,[5 3 5 2 5 5 0 0 0 0 0 4 0 0 3 4 0 0 0 0 0 0 0 0 17],"tf.Tensor([ 0.6741302  1.5120281  1.2161765  2.0900748  1.4662082 12.       ], shape=(6,), dtype=float32)",8.0,[6 1 0 0 0 0 0 5 2 5 5 1 0 0 3 4 0 0 0 0 0 0 0 0 21],False,"tf.Tensor(
[[ 0.6741302  1.5120281  1.2161765  2.0900748  1.4662082 29.71924
  28.450634  30.84902   28.646572  30.452127  30.805782  29.779856
  29.336401  30.061996  30.428825  29.964878  29.689863  31.345987 ]], shape=(1, 18), dtype=float32)"
962,[6 1 0 0 0 0 0 5 2 5 5 1 0 0 3 4 0 0 0 0 0 0 0 0 21],"tf.Tensor([ 1.0961217   1.5166001   0.66898006  1.2008024   0.30546504 11.        ], shape=(6,), dtype=float32)",0.30000000000000004,[6 2 3 1 4 0 0 0 0 2 0 2 0 0 3 4 0 0 0 0 0 0 0 0 21],False,"tf.Tensor(
[[ 1.0961217   1.5166001   0.66898006  1.2008024   0.30546504 28.759882
  27.469404   29.337727   26.342827   27.843353   27.636032   28.931644
  28.240955   28.0799     28.635973   28.509583   29.626854   27.525906  ]], shape=(1, 18), dtype=float32)"
963,[6 2 3 1 4 0 0 0 0 2 0 2 0 0 3 4 0 0 0 0 0 0 0 0 21],"tf.Tensor([ 0.42923045  0.76768875  0.3288526   0.9054035  -0.1900366   4.        ], shape=(6,), dtype=float32)",0.0,[6 3 3 1 4 0 0 0 0 5 0 3 0 0 3 4 0 0 0 0 0 0 0 0 21],False,"tf.Tensor(
[[ 0.42923045  0.76768875  0.3288526   0.9054035  -0.1900366  26.54324
  25.796968   27.398853   25.932833   27.524742   26.772469   26.972506
  25.019484   25.940544   26.909933   26.663382   26.078157   26.904593  ]], shape=(1, 18), dtype=float32)"
964,[6 3 3 1 4 0 0 0 0 5 0 3 0 0 3 4 0 0 0 0 0 0 0 0 21],"tf.Tensor([0.08592369 0.9413887  0.49930638 0.90959847 0.29813904 4.        ], shape=(6,), dtype=float32)",0.0,[7 1 0 0 0 0 0 3 1 5 4 5 0 0 3 4 0 0 0 0 0 0 0 0 21],False,"tf.Tensor(
[[ 0.08592369  0.9413887   0.49930638  0.90959847  0.29813904 28.76366
  28.475203   29.156004   27.585312   29.432558   28.701876   28.866854
  28.076862   28.853504   29.344486   29.107328   28.279778   28.879614  ]], shape=(1, 18), dtype=float32)"
965,[7 1 0 0 0 0 0 3 1 5 4 5 0 0 3 4 0 0 0 0 0 0 0 0 21],"tf.Tensor([ 1.0613991   1.5731621   0.8628114   1.0710928  -0.21375793  2.        ], shape=(6,), dtype=float32)",0.30000000000000004,[7 2 3 3 2 0 0 0 0 4 0 4 0 0 3 4 0 0 0 0 0 0 0 0 21],False,"tf.Tensor(
[[ 1.0613991   1.5731621   0.8628114   1.0710928  -0.21375793 27.66275
  26.807043   28.55883    25.221556   26.669062   26.903961   28.118423
  27.518482   27.479216   27.580624   27.899963   28.174574   26.37418   ]], shape=(1, 18), dtype=float32)"
966,[7 2 3 3 2 0 0 0 0 4 0 4 0 0 3 4 0 0 0 0 0 0 0 0 21],"tf.Tensor([0.2921939  0.9688244  0.30584508 0.49773824 0.13159674 4.        ], shape=(6,), dtype=float32)",0.0,[7 3 3 3 2 0 0 0 0 4 0 1 0 0 3 4 0 0 0 0 0 0 0 0 21],False,"tf.Tensor(
[[ 0.2921939   0.9688244   0.30584508  0.49773824  0.13159674 27.940329
  27.811222   28.508623   26.892452   28.729223   27.608442   28.149162
  27.29939    28.048748   28.362656   28.34007    27.407454   27.6991    ]], shape=(1, 18), dtype=float32)"
967,[7 3 3 3 2 0 0 0 0 4 0 1 0 0 3 4 0 0 0 0 0 0 0 0 21],"tf.Tensor([-0.0239576   0.44401455 -0.02652627  0.13343967  0.06685787  4.        ], shape=(6,), dtype=float32)",0.0,[8 1 0 0 0 0 0 3 3 3 2 1 0 0 3 4 0 0 0 0 0 0 0 0 21],False,"tf.Tensor(
[[-2.3957595e-02  4.4401455e-01 -2.6526272e-02  1.3343967e-01
   6.6857874e-02  2.7699657e+01  2.7602709e+01  2.8097227e+01
   2.7161068e+01  2.9092260e+01  2.7260143e+01  2.8056459e+01
   2.6631304e+01  2.7233400e+01  2.8327892e+01  2.7854094e+01
   2.6973640e+01  2.7765184e+01]], shape=(1, 18), dtype=float32)"
968,[8 1 0 0 0 0 0 3 3 3 2 1 0 0 3 4 0 0 0 0 0 0 0 0 21],"tf.Tensor([ 0.8201184  0.6333058 -0.1455546  0.6981797 -0.5343922  2.       ], shape=(6,), dtype=float32)",0.0,[8 2 0 0 0 0 0 6 3 6 4 5 0 0 3 4 0 0 0 0 0 0 0 0 21],False,"tf.Tensor(
[[ 0.8201184  0.6333058 -0.1455546  0.6981797 -0.5343922 25.201632
  24.666357  26.425882  23.653145  25.377466  24.954557  26.107574
  24.215927  24.329172  25.210766  25.627007  25.258488  24.926052 ]], shape=(1, 18), dtype=float32)"
969,[8 2 0 0 0 0 0 6 3 6 4 5 0 0 3 4 0 0 0 0 0 0 0 0 21],"tf.Tensor([0.68837273 1.4877591  0.83391327 1.170055   0.44094497 7.        ], shape=(6,), dtype=float32)",0.2,[8 3 3 4 0 0 0 3 0 1 0 5 0 0 3 4 0 0 0 0 0 0 0 0 21],False,"tf.Tensor(
[[ 0.68837273  1.4877591   0.83391327  1.170055    0.44094497 31.11648
  30.835203   31.541626   27.895468   29.77854    30.096418   30.985146
  31.872852   31.55028    31.384117   31.412928   31.764534   29.621794  ]], shape=(1, 18), dtype=float32)"
970,[8 3 3 4 0 0 0 3 0 1 0 5 0 0 3 4 0 0 0 0 0 0 0 0 21],[ 0  0  1  0  0 11],0.0,[9 1 0 0 0 0 0 4 5 5 2 5 0 0 3 4 0 0 0 0 0 0 0 0 21],False,"tf.Tensor(
[[ 0.47797287  0.9837475   0.6371798   0.48534405  0.04684609 28.0194
  27.817286   28.839386   26.912498   28.647493   27.697245   28.0866
  27.60743    27.965218   28.547375   28.136267   27.815119   27.619081  ]], shape=(1, 18), dtype=float32)"
971,[9 1 0 0 0 0 0 4 5 5 2 5 0 0 3 4 0 0 0 0 0 0 0 0 21],[0 0 1 0 0 6],0.1,[9 2 3 0 0 0 0 5 1 0 1 5 0 0 3 4 0 0 0 0 0 0 0 0 21],False,"tf.Tensor(
[[ 0.78333366  1.1702794   0.12649745  0.9706472  -0.03833073 28.892342
  28.719458   29.525705   25.979643   27.813612   28.191555   28.953602
  29.008512   29.186592   28.78402    29.648903   28.751629   27.866625  ]], shape=(1, 18), dtype=float32)"
972,[9 2 3 0 0 0 0 5 1 0 1 5 0 0 3 4 0 0 0 0 0 0 0 0 21],"tf.Tensor([ 0.7607728  0.8686751  0.8378654  0.87516   -0.2428034  2.       ], shape=(6,), dtype=float32)",0.0,[9 3 3 0 0 0 0 4 5 0 5 4 0 0 3 4 0 0 0 0 0 0 0 0 21],False,"tf.Tensor(
[[ 0.7607728  0.8686751  0.8378654  0.87516   -0.2428034 27.175621
  26.49615   28.177181  25.71942   26.989307  27.01684   27.457682
  26.500332  26.462011  27.492352  27.015587  27.60005   26.496098 ]], shape=(1, 18), dtype=float32)"
973,[9 3 3 0 0 0 0 4 5 0 5 4 0 0 3 4 0 0 0 0 0 0 0 0 21],"tf.Tensor([0.7006985  1.324983   0.30848628 0.961025   0.5596555  2.        ], shape=(6,), dtype=float32)",0.0,[10 1 0 0 0 0 0 2 4 3 1 1 0 0 3 4 0 0 0 0 0 0 0 0 21],False,"tf.Tensor(
[[ 0.7006985   1.324983    0.30848628  0.961025    0.5596555  30.414684
  30.169384   31.03107    28.50574    29.842134   30.001493   30.411507
  30.28266    30.188341   30.528873   30.902521   30.725542   29.548218  ]], shape=(1, 18), dtype=float32)"
974,[10 1 0 0 0 0 0 2 4 3 1 1 0 0 3 4 0 0 0 0 0 0 0 0 21],"tf.Tensor([ 0.5001004   0.02843918 -0.6707253   0.3934008  -0.85851175  2.        ], shape=(6,), dtype=float32)",0.0,[10 2 0 0 0 0 0 1 1 4 5 3 0 0 3 4 0 0 0 0 0 0 0 0 21],False,"tf.Tensor(
[[ 0.5001004   0.02843918 -0.6707253   0.3934008  -0.85851175 24.795767
  24.731565   26.083696   23.355381   25.399273   24.769054   26.045237
  23.694422   23.913229   24.906973   25.561382   24.237349   24.96198   ]], shape=(1, 18), dtype=float32)"
975,[10 2 0 0 0 0 0 1 1 4 5 3 0 0 3 4 0 0 0 0 0 0 0 0 21],"tf.Tensor([ 0.6171377   0.7145221  -0.08975202  0.44123745 -0.8868441   6.        ], shape=(6,), dtype=float32)",0.0,[10 3 0 0 0 0 0 6 6 2 4 6 0 0 3 4 0 0 0 0 0 0 0 0 21],False,"tf.Tensor(
[[ 0.6171377   0.7145221  -0.08975202  0.44123745 -0.8868441  26.936274
  26.242357   27.805548   25.139896   26.507286   26.307486   28.01418
  25.717577   25.864435   26.714952   27.259645   26.522236   26.294952  ]], shape=(1, 18), dtype=float32)"
976,[10 3 0 0 0 0 0 6 6 2 4 6 0 0 3 4 0 0 0 0 0 0 0 0 21],"tf.Tensor([0.79455733 1.415795   0.27257603 0.881284   0.2990263  8.        ], shape=(6,), dtype=float32)",0.0,[11 1 0 0 0 0 0 4 4 6 5 1 0 0 3 4 0 0 0 0 0 0 0 0 21],False,"tf.Tensor(
[[ 0.79455733  1.415795    0.27257603  0.881284    0.2990263  31.555235
  31.548693   32.10749    28.516563   30.135431   30.742758   31.0339
  31.98789    32.14429    31.588053   32.090496   31.466902   30.132914  ]], shape=(1, 18), dtype=float32)"
977,[11 1 0 0 0 0 0 4 4 6 5 1 0 0 3 4 0 0 0 0 0 0 0 0 21],"tf.Tensor([ 0.44315827  0.62470555 -0.4593913   0.69971526 -0.25780362  6.        ], shape=(6,), dtype=float32)",0.0,[11 2 0 0 0 0 0 4 3 5 3 6 0 0 3 4 0 0 0 0 0 0 0 0 21],False,"tf.Tensor(
[[ 0.44315827  0.62470555 -0.4593913   0.69971526 -0.25780362 30.222858
  29.587006   30.485222   27.385126   29.228662   29.07498    30.751808
  29.340734   29.439163   29.98158    30.53528    29.815441   29.446898  ]], shape=(1, 18), dtype=float32)"
978,[11 2 0 0 0 0 0 4 3 5 3 6 0 0 3 4 0 0 0 0 0 0 0 0 21],[0 0 0 0 0 7],0.0,[11 3 0 0 0 0 0 6 5 4 6 2 0 0 3 4 0 0 0 0 0 0 0 0 21],False,"tf.Tensor(
[[ 0.4646461   0.8784468   0.21769053  0.7342254  -0.41745526 29.65341
  29.562439   30.231152   26.730974   28.48041    28.93669    29.986639
  29.615839   29.719387   29.667349   30.221647   29.302542   28.63761   ]], shape=(1, 18), dtype=float32)"
979,[11 3 0 0 0 0 0 6 5 4 6 2 0 0 3 4 0 0 0 0 0 0 0 0 21],"tf.Tensor([ 0.4006921   0.9196421  -0.24274379  0.718065   -0.02871794 10.        ], shape=(6,), dtype=float32)",0.0,[12 1 0 0 0 0 0 3 5 6 3 3 0 0 3 4 0 0 0 0 0 0 0 0 21],False,"tf.Tensor(
[[ 4.0069211e-01  9.1964209e-01 -2.4274379e-01  7.1806502e-01
  -2.8717935e-02  3.2199997e+01  3.1982292e+01  3.2545727e+01
   2.8988958e+01  3.0893904e+01  3.1072393e+01  3.2196350e+01
   3.2064980e+01  3.2077251e+01  3.2325001e+01  3.2588741e+01
   3.1978071e+01  3.1007898e+01]], shape=(1, 18), dtype=float32)"
980,[12 1 0 0 0 0 0 3 5 6 3 3 0 0 3 4 0 0 0 0 0 0 0 0 21],"tf.Tensor([ 0.30167675  0.33735347 -0.6550215   0.4895712  -0.51726    10.        ], shape=(6,), dtype=float32)",0.0,[12 2 0 0 0 0 0 6 4 6 6 4 0 0 3 4 0 0 0 0 0 0 0 0 21],False,"tf.Tensor(
[[ 0.30167675  0.33735347 -0.6550215   0.4895712  -0.51726    29.461576
  29.41996    29.85367    26.611477   28.677223   28.573578   30.05396
  28.89908    29.105423   29.32734    30.237368   28.567308   28.829977  ]], shape=(1, 18), dtype=float32)"
981,[12 2 0 0 0 0 0 6 4 6 6 4 0 0 3 4 0 0 0 0 0 0 0 0 21],"tf.Tensor([ 0.33150637  1.0074693   0.0250966   0.85427916 -0.08642489 10.        ], shape=(6,), dtype=float32)",0.1,[12 3 4 0 0 0 0 6 0 4 4 6 0 0 3 4 0 0 0 0 0 0 0 0 21],False,"tf.Tensor(
[[ 3.3150637e-01  1.0074693e+00  2.5096595e-02  8.5427916e-01
  -8.6424887e-02  3.3187450e+01  3.3007996e+01  3.3415695e+01
   2.9420940e+01  3.1443167e+01  3.1935486e+01  3.3294857e+01
   3.3398365e+01  3.3366123e+01  3.3300339e+01  3.3664520e+01
   3.2977505e+01  3.1788149e+01]], shape=(1, 18), dtype=float32)"
982,[12 3 4 0 0 0 0 6 0 4 4 6 0 0 3 4 0 0 0 0 0 0 0 0 21],"tf.Tensor([-0.0335853   0.8454875   1.0532992   0.9518268   0.23631233  9.        ], shape=(6,), dtype=float32)",0.0,[13 1 0 0 0 0 0 3 3 2 4 1 0 0 3 4 0 0 0 0 0 0 0 0 21],False,"tf.Tensor(
[[-3.3585295e-02  8.4548748e-01  1.0532992e+00  9.5182681e-01
   2.3631233e-01  3.3012592e+01  3.2843857e+01  3.3233952e+01
   3.0324406e+01  3.2010780e+01  3.2362377e+01  3.3290718e+01
   3.3196320e+01  3.2922874e+01  3.3651821e+01  3.2963142e+01
   3.3407921e+01  3.2009071e+01]], shape=(1, 18), dtype=float32)"
983,[13 1 0 0 0 0 0 3 3 2 4 1 0 0 3 4 0 0 0 0 0 0 0 0 21],[1 1 1 0 0 0],0.30000000000000004,[13 2 4 1 1 0 0 0 0 0 2 2 0 0 3 4 0 0 0 0 0 0 0 0 21],False,"tf.Tensor(
[[ 0.3919729  -0.12930678 -0.8402787   0.2855457  -1.0731885  26.909513
  26.493196   27.952394   25.270582   26.968266   26.575085   28.279512
  25.161055   25.393322   26.755548   27.248518   26.215097   26.903261  ]], shape=(1, 18), dtype=float32)"
984,[13 2 4 1 1 0 0 0 0 0 2 2 0 0 3 4 0 0 0 0 0 0 0 0 21],"tf.Tensor([-0.04319237 -0.56449926 -0.60353273 -0.4005195  -0.9733756   6.        ], shape=(6,), dtype=float32)",0.0,[13 3 4 1 1 0 0 0 0 0 5 6 0 0 3 4 0 0 0 0 0 0 0 0 21],False,"tf.Tensor(
[[-0.04319237 -0.56449926 -0.60353273 -0.4005195  -0.9733756  26.472727
  26.075874   27.22214    26.39387    27.573309   26.184816   27.66925
  24.11298    24.84415    26.560266   26.236944   25.370777   26.779728  ]], shape=(1, 18), dtype=float32)"
985,[13 3 4 1 1 0 0 0 0 0 5 6 0 0 3 4 0 0 0 0 0 0 0 0 21],"tf.Tensor([ 0.2348292   0.521412    0.02474803  0.27638638 -0.32559222  6.        ], shape=(6,), dtype=float32)",0.0,[14 1 0 0 0 0 0 4 1 1 2 1 0 0 3 4 0 0 0 0 0 0 0 0 21],True,"tf.Tensor(
[[ 2.3482920e-01  5.2141201e-01  2.4748027e-02  2.7638638e-01
  -3.2559222e-01  3.0034224e+01  2.9675741e+01  3.0451012e+01
   2.9155405e+01  3.0026403e+01  2.9721605e+01  3.0723709e+01
   2.8353264e+01  2.8910362e+01  2.9859753e+01  3.0136930e+01
   2.9225618e+01  2.9653418e+01]], shape=(1, 18), dtype=float32)"
986,[1 1 0 0 0 0 0 1 1 1 4 5 0 0 0 0 0 0 0 0 0 0 0 0 0],"tf.Tensor([2.5665448 3.319465  1.2665344 1.4370735 3.604653  8.       ], shape=(6,), dtype=float32)",0.5,[1 2 1 1 1 4 5 0 0 0 0 0 0 0 0 0 0 0 0 0 0 0 0 0 0],False,"tf.Tensor(
[[ 2.5665448  3.319465   1.2665344  1.4370735  3.604653  12.276554
  10.021768  11.715531  11.112404  10.230708  11.660518  11.852708
  12.664768  13.379594  10.620077  12.8973675 13.0656395 11.39261  ]], shape=(1, 18), dtype=float32)"
987,[1 2 1 1 1 4 5 0 0 0 0 0 0 0 0 0 0 0 0 0 0 0 0 0 0],"tf.Tensor([ 2.7142546  2.801966   1.4477205  2.916103   3.2241206 12.       ], shape=(6,), dtype=float32)",0.0,[1 3 1 1 1 4 5 0 0 0 0 0 0 0 0 0 0 0 0 0 0 0 0 0 0],False,"tf.Tensor(
[[ 2.7142546  2.801966   1.4477205  2.916103   3.2241206 14.185688
  11.541722  14.889054  13.037096  13.281298  15.245868  14.070516
  14.890737  14.557414  13.403423  15.5385065 14.967037  15.822205 ]], shape=(1, 18), dtype=float32)"
988,[1 3 1 1 1 4 5 0 0 0 0 0 0 0 0 0 0 0 0 0 0 0 0 0 0],"tf.Tensor([ 2.7644846  2.8135486  1.4831231  2.9372935  3.3039303 12.       ], shape=(6,), dtype=float32)",24.0,[2 1 0 0 0 0 0 1 1 1 4 5 0 0 0 0 0 0 0 0 0 0 0 0 12],False,"tf.Tensor(
[[ 2.7644846  2.8135486  1.4831231  2.9372935  3.3039303 14.834199
  12.153157  15.547695  13.739126  14.002146  15.908213  14.71113
  15.5572815 15.146733  14.088922  16.193926  15.622135  16.499252 ]], shape=(1, 18), dtype=float32)"
989,[2 1 0 0 0 0 0 1 1 1 4 5 0 0 0 0 0 0 0 0 0 0 0 0 12],"tf.Tensor([ 1.420964   2.2581818  1.6419309  1.0757083  1.5260805 11.       ], shape=(6,), dtype=float32)",0.5,[2 2 4 2 4 4 4 0 0 0 0 0 0 0 0 0 0 0 0 0 0 0 0 0 12],False,"tf.Tensor(
[[ 1.420964   2.2581818  1.6419309  1.0757083  1.5260805 18.302282
  17.589834  18.205502  17.860296  17.176702  17.703524  17.557714
  18.20056   18.61854   17.378597  18.212687  19.224453  16.599398 ]], shape=(1, 18), dtype=float32)"
990,[2 2 4 2 4 4 4 0 0 0 0 0 0 0 0 0 0 0 0 0 0 0 0 0 12],"tf.Tensor([1.6219579 2.3088949 1.810484  2.428498  2.7977014 5.       ], shape=(6,), dtype=float32)",0.0,[2 3 4 2 4 4 4 0 0 0 0 0 0 0 0 0 0 0 0 0 0 0 0 0 12],False,"tf.Tensor(
[[ 1.6219579  2.3088949  1.810484   2.428498   2.7977014 27.380934
  25.22418   27.193775  27.021198  26.714325  27.90375   26.485558
  26.303427  27.454214  26.609362  27.014376  27.764853  27.663729 ]], shape=(1, 18), dtype=float32)"
991,[2 3 4 2 4 4 4 0 0 0 0 0 0 0 0 0 0 0 0 0 0 0 0 0 12],[0 1 0 1 0 0],0.0,[3 1 0 0 0 0 0 4 2 4 4 4 0 0 0 0 0 0 0 0 0 0 0 0 12],False,"tf.Tensor(
[[ 1.5429842  2.1307316  1.8230153  2.377705   2.7939348 27.747108
  25.763746  27.639881  27.427223  27.279299  28.411629  26.96931
  26.88539   27.783482  27.156492  27.501986  28.12425   28.127499 ]], shape=(1, 18), dtype=float32)"
992,[3 1 0 0 0 0 0 4 2 4 4 4 0 0 0 0 0 0 0 0 0 0 0 0 12],"tf.Tensor([ 1.3565918  2.2457235  1.6739843  1.4150864  2.1318636 11.       ], shape=(6,), dtype=float32)",0.5,[3 2 6 1 5 2 1 0 0 0 0 0 0 0 0 0 0 0 0 0 0 0 0 0 12],False,"tf.Tensor(
[[ 1.3565918  2.2457235  1.6739843  1.4150864  2.1318636 22.142605
  21.374256  21.77547   20.610355  20.51026   21.232368  21.359451
  22.656595  22.766249  21.365767  21.907293  23.435959  20.143368 ]], shape=(1, 18), dtype=float32)"
993,[3 2 6 1 5 2 1 0 0 0 0 0 0 0 0 0 0 0 0 0 0 0 0 0 12],"tf.Tensor([0.86119217 1.5571895  1.6319789  1.9088813  2.4270418  5.        ], shape=(6,), dtype=float32)",0.0,[3 3 6 1 5 2 1 0 0 0 0 0 0 0 0 0 0 0 0 0 0 0 0 0 12],False,"tf.Tensor(
[[ 0.86119217  1.5571895   1.6319789   1.9088813   2.4270418  25.257915
  23.837347   25.220701   25.76029    25.84323    26.153961   25.129822
  24.281017   25.10035    25.231539   25.079546   25.877031   25.785011  ]], shape=(1, 18), dtype=float32)"
994,[3 3 6 1 5 2 1 0 0 0 0 0 0 0 0 0 0 0 0 0 0 0 0 0 12],"tf.Tensor([0.8722248 1.5132179 1.7080758 1.928721  2.5278275 5.       ], shape=(6,), dtype=float32)",12.0,[4 1 0 0 0 0 0 6 1 5 2 1 0 0 0 0 0 6 0 0 0 0 0 0 12],False,"tf.Tensor(
[[ 0.8722248  1.5132179  1.7080758  1.928721   2.5278275 25.802267
  24.41097   25.841307  26.343918  26.522652  26.824612  25.772587
  25.000053  25.598879  25.883749  25.755175  26.43409   26.504292 ]], shape=(1, 18), dtype=float32)"
995,[4 1 0 0 0 0 0 6 1 5 2 1 0 0 0 0 0 6 0 0 0 0 0 0 12],"tf.Tensor([ 0.8872142  1.5244019  1.3654089  1.2692317  1.2244371 11.       ], shape=(6,), dtype=float32)",0.4,[4 2 2 5 5 1 0 1 0 0 0 0 0 0 0 0 0 6 0 0 0 0 0 0 12],False,"tf.Tensor(
[[ 0.8872142  1.5244019  1.3654089  1.2692317  1.2244371 22.593603
  21.748402  22.52489   20.60086   21.156612  21.978382  22.087446
  23.16011   22.601171  22.582249  21.829082  23.816895  20.52107  ]], shape=(1, 18), dtype=float32)"
996,[4 2 2 5 5 1 0 1 0 0 0 0 0 0 0 0 0 6 0 0 0 0 0 0 12],[0 1 0 1 0 4],0.0,[4 3 2 5 5 1 0 2 0 0 0 0 0 0 0 0 0 6 0 0 0 0 0 0 12],False,"tf.Tensor(
[[ 0.72274506  0.9212345   1.2256117   1.0518464   1.231409   25.359728
  24.027502   25.27451    25.311844   25.84679    25.641384   24.820095
  24.793446   24.58216    25.483889   25.187824   24.91986    25.643032  ]], shape=(1, 18), dtype=float32)"
997,[4 3 2 5 5 1 0 2 0 0 0 0 0 0 0 0 0 6 0 0 0 0 0 0 12],"tf.Tensor([0.7529657 0.8854158 1.3455716 1.1640693 1.3366416 4.       ], shape=(6,), dtype=float32)",20.0,[5 1 0 0 0 0 0 5 2 5 5 1 0 0 0 0 10 6 0 0 0 0 0 0 12],False,"tf.Tensor(
[[ 0.7529657  0.8854158  1.3455716  1.1640693  1.3366416 26.310732
  25.02135   26.406826  26.097557  26.85765   26.741457  25.863306
  26.075827  25.60355   26.638365  26.207253  26.073893  26.65963  ]], shape=(1, 18), dtype=float32)"
998,[5 1 0 0 0 0 0 5 2 5 5 1 0 0 0 0 10 6 0 0 0 0 0 0 12],"tf.Tensor([ 1.0859964   2.4154131   0.68321955  1.1951759   2.5135446  11.        ], shape=(6,), dtype=float32)",0.4,[5 2 6 3 3 1 0 0 0 5 0 0 0 0 0 0 10 6 0 0 0 0 0 0 12],False,"tf.Tensor(
[[ 1.0859964   2.4154131   0.68321955  1.1951759   2.5135446  25.943428
  23.868721   24.517109   24.16032    23.734837   24.514643   23.98622
  25.654436   25.326529   25.202776   23.735865   26.291523   23.20987   ]], shape=(1, 18), dtype=float32)"
999,[5 2 6 3 3 1 0 0 0 5 0 0 0 0 0 0 10 6 0 0 0 0 0 0 12],"tf.Tensor([1.0207502 1.5136391 1.4066529 0.9903438 2.843618  4.       ], shape=(6,), dtype=float32)",0.1,[5 3 6 3 3 1 5 0 0 0 0 0 0 0 0 0 10 6 0 0 0 0 0 0 12],False,"tf.Tensor(
[[ 1.0207502  1.5136391  1.4066529  0.9903438  2.843618  29.891953
  28.516151  29.079071  29.97718   30.296303  29.420675  28.666769
  29.77099   29.538544  29.829596  29.337702  29.987093  29.393211 ]], shape=(1, 18), dtype=float32)"
1000,[5 3 6 3 3 1 5 0 0 0 0 0 0 0 0 0 10 6 0 0 0 0 0 0 12],"tf.Tensor([1.4802476 1.3948578 1.4549628 1.2199364 2.6676598 0.       ], shape=(6,), dtype=float32)",1.0,[6 1 0 0 0 0 0 6 3 6 3 1 1 0 0 0 10 6 0 0 0 0 0 0 12],False,"tf.Tensor(
[[ 1.4802476  1.3948578  1.4549628  1.2199364  2.6676598 30.019821
  28.308508  29.587582  29.939495  29.988361  29.986708  28.657034
  29.706232  29.766916  29.710953  29.493706  29.62865   29.968575 ]], shape=(1, 18), dtype=float32)"
1001,[6 1 0 0 0 0 0 6 3 6 3 1 1 0 0 0 10 6 0 0 0 0 0 0 12],"tf.Tensor([ 1.030173    2.0807302   0.48709315  1.3095064   2.2995205  11.        ], shape=(6,), dtype=float32)",0.4,[6 2 4 5 5 2 0 0 0 2 0 0 1 0 0 0 10 6 0 0 0 0 0 0 12],False,"tf.Tensor(
[[ 1.030173    2.0807302   0.48709315  1.3095064   2.2995205  27.063324
  25.0846     25.686428   24.799244   24.930565   25.588425   24.880827
  26.983358   26.529274   26.512789   25.116531   27.158083   24.678387  ]], shape=(1, 18), dtype=float32)"
1002,[6 2 4 5 5 2 0 0 0 2 0 0 1 0 0 0 10 6 0 0 0 0 0 0 12],"tf.Tensor([ 1.2044203  1.1725419  1.2572087  1.2033902  2.2506294 12.       ], shape=(6,), dtype=float32)",0.1,[6 3 4 5 5 2 2 0 0 0 0 0 1 0 0 0 10 6 0 0 0 0 0 0 12],False,"tf.Tensor(
[[ 1.2044203  1.1725419  1.2572087  1.2033902  2.2506294 30.504446
  28.652958  30.291508  30.405605  30.847075  30.618477  29.520912
  30.117945  29.84162   30.456709  30.313482  29.762152  31.168653 ]], shape=(1, 18), dtype=float32)"
1003,[6 3 4 5 5 2 2 0 0 0 0 0 1 0 0 0 10 6 0 0 0 0 0 0 12],"tf.Tensor([ 1.2614313   0.94524086  1.2548727   1.2314905   2.153242   12.        ], shape=(6,), dtype=float32)",12.0,[7 1 0 0 0 0 0 4 5 3 5 2 1 0 0 0 10 6 0 0 0 0 0 0 18],False,"tf.Tensor(
[[ 1.2614313   0.94524086  1.2548727   1.2314905   2.153242   30.662987
  28.838348   30.591501   30.560852   31.021658   31.015175   29.581507
  30.281227   30.059422   30.63519    30.487658   29.679388   31.615492  ]], shape=(1, 18), dtype=float32)"
1004,[7 1 0 0 0 0 0 4 5 3 5 2 1 0 0 0 10 6 0 0 0 0 0 0 18],"tf.Tensor([1.1516308 1.7130945 0.6691047 0.6571839 1.4404826 7.       ], shape=(6,), dtype=float32)",0.30000000000000004,[7 2 4 5 5 0 0 0 0 3 1 0 1 0 0 0 10 6 0 0 0 0 0 0 18],False,"tf.Tensor(
[[ 1.1516308  1.7130945  0.6691047  0.6571839  1.4404826 30.055056
  29.077559  29.246655  28.271208  28.31327   28.910921  28.56054
  30.190142  29.812323  29.441034  29.312464  30.01992   27.56832  ]], shape=(1, 18), dtype=float32)"
1005,[7 2 4 5 5 0 0 0 0 3 1 0 1 0 0 0 10 6 0 0 0 0 0 0 18],"tf.Tensor([0.28061473 0.7328495  0.7595452  0.325956   1.3301013  4.        ], shape=(6,), dtype=float32)",0.0,[7 3 4 5 5 0 0 0 0 3 5 0 1 0 0 0 10 6 0 0 0 0 0 0 18],False,"tf.Tensor(
[[ 0.28061473  0.7328495   0.7595452   0.325956    1.3301013  33.725082
  32.79479    32.978165   33.856655   34.57509    33.520294   32.651386
  32.936695   33.40907    33.969887   33.112907   32.67592    33.292362  ]], shape=(1, 18), dtype=float32)"
1006,[7 3 4 5 5 0 0 0 0 3 5 0 1 0 0 0 10 6 0 0 0 0 0 0 18],"tf.Tensor([0.56524324 1.3522967  0.7456722  0.64003813 1.8630387  4.        ], shape=(6,), dtype=float32)",0.0,[8 1 0 0 0 0 0 4 5 6 4 5 1 0 0 0 10 6 0 0 0 0 0 0 18],False,"tf.Tensor(
[[ 0.56524324  1.3522967   0.7456722   0.64003813  1.8630387  36.316895
  35.090424   35.5412     36.04547    36.667515   35.9491     35.249947
  35.71588    35.931305   36.333534   35.811096   35.695568   35.53646   ]], shape=(1, 18), dtype=float32)"
1007,[8 1 0 0 0 0 0 4 5 6 4 5 1 0 0 0 10 6 0 0 0 0 0 0 18],"tf.Tensor([1.3576621  2.076505   0.9452157  0.82614934 1.877639   7.        ], shape=(6,), dtype=float32)",0.4,[8 2 5 2 3 6 0 0 0 0 5 0 1 0 0 0 10 6 0 0 0 0 0 0 18],False,"tf.Tensor(
[[ 1.3576621   2.076505    0.9452157   0.82614934  1.877639   32.558468
  31.678537   31.517015   30.296965   30.468082   31.190535   30.767025
  33.327168   32.944935   31.754124   32.152275   32.570423   29.802622  ]], shape=(1, 18), dtype=float32)"
1008,[8 2 5 2 3 6 0 0 0 0 5 0 1 0 0 0 10 6 0 0 0 0 0 0 18],"tf.Tensor([0.47282457 0.7338755  1.2747577  0.8891823  1.5468067  5.        ], shape=(6,), dtype=float32)",0.0,[8 3 5 2 3 6 0 0 0 0 4 0 1 0 0 0 10 6 0 0 0 0 0 0 18],False,"tf.Tensor(
[[ 0.47282457  0.7338755   1.2747577   0.8891823   1.5468067  34.33899
  32.96352    34.03144    34.08856    34.135693   34.495316   33.403984
  33.301228   34.173355   34.18439    33.037857   33.968925   34.316605  ]], shape=(1, 18), dtype=float32)"
1009,[8 3 5 2 3 6 0 0 0 0 4 0 1 0 0 0 10 6 0 0 0 0 0 0 18],"tf.Tensor([0.35714567 0.44261777 1.2934377  0.7954427  1.4313923  5.        ], shape=(6,), dtype=float32)",0.0,[9 1 0 0 0 0 0 5 2 3 3 6 1 0 0 0 10 6 0 0 0 0 0 0 18],False,"tf.Tensor(
[[ 0.35714567  0.44261777  1.2934377   0.7954427   1.4313923  34.265175
  33.147564   34.10402    34.113274   34.40671    34.623074   33.469048
  33.433838   34.098885   34.37223    33.102524   33.778374   34.46193   ]], shape=(1, 18), dtype=float32)"
1010,[9 1 0 0 0 0 0 5 2 3 3 6 1 0 0 0 10 6 0 0 0 0 0 0 18],"tf.Tensor([0.8476176  1.4890232  1.2410371  0.42743337 0.9562218  7.        ], shape=(6,), dtype=float32)",0.30000000000000004,[9 2 6 2 2 0 0 3 0 0 3 0 1 0 0 0 10 6 0 0 0 0 0 0 18],False,"tf.Tensor(
[[ 0.8476176   1.4890232   1.2410371   0.42743337  0.9562218  29.157003
  28.790356   28.828447   27.457047   27.643465   28.329708   27.950861
  29.686575   29.395443   29.020428   28.512589   29.216885   26.764238  ]], shape=(1, 18), dtype=float32)"
1011,[9 2 6 2 2 0 0 3 0 0 3 0 1 0 0 0 10 6 0 0 0 0 0 0 18],"tf.Tensor([0.06232226 0.13812433 0.9601474  0.16785814 0.89809597 9.        ], shape=(6,), dtype=float32)",0.0,[9 3 6 2 2 0 0 1 0 0 5 0 1 0 0 0 10 6 0 0 0 0 0 0 18],False,"tf.Tensor(
[[ 0.06232226  0.13812433  0.9601474   0.16785814  0.89809597 30.706768
  30.375404   30.386347   30.409184   31.16204    30.45697    30.162762
  30.321947   30.315393   31.32113    29.8601     30.38286    29.939486  ]], shape=(1, 18), dtype=float32)"
1012,[9 3 6 2 2 0 0 1 0 0 5 0 1 0 0 0 10 6 0 0 0 0 0 0 18],"tf.Tensor([ 0.01858807  0.28625262  0.81063855 -0.02917252  0.92867684  4.        ], shape=(6,), dtype=float32)",-20.0,[10 1 0 0 0 0 0 4 6 2 6 2 1 0 0 0 0 6 0 0 0 0 0 0 18],False,"tf.Tensor(
[[ 1.8588066e-02  2.8625262e-01  8.1063855e-01 -2.9172525e-02
   9.2867684e-01  3.1075703e+01  3.0931671e+01  3.0813772e+01
   3.1180157e+01  3.1807253e+01  3.0981623e+01  3.0923429e+01
   3.0697861e+01  3.0499733e+01  3.1683521e+01  3.0557640e+01
   3.0753494e+01  3.0221972e+01]], shape=(1, 18), dtype=float32)"
1013,[10 1 0 0 0 0 0 4 6 2 6 2 1 0 0 0 0 6 0 0 0 0 0 0 18],"tf.Tensor([ 1.1108233   0.7961217   0.5356991   0.78394616 -0.10082304  2.        ], shape=(6,), dtype=float32)",0.1,[10 2 3 0 0 0 0 0 2 6 6 2 1 0 0 0 0 6 0 0 0 0 0 0 18],False,"tf.Tensor(
[[ 1.1108233   0.7961217   0.5356991   0.78394616 -0.10082304 29.946089
  29.696987   30.286156   27.23388    28.018452   29.248688   29.858768
  29.817484   29.908821   29.3024     30.282465   29.753525   27.886776  ]], shape=(1, 18), dtype=float32)"
1014,[10 2 3 0 0 0 0 0 2 6 6 2 1 0 0 0 0 6 0 0 0 0 0 0 18],"tf.Tensor([0.4644059 1.035444  0.8650038 0.2803824 0.732447  6.       ], shape=(6,), dtype=float32)",0.1,[10 3 3 2 0 0 0 0 0 5 3 4 1 0 0 0 0 6 0 0 0 0 0 0 18],False,"tf.Tensor(
[[ 0.4644059  1.035444   0.8650038  0.2803824  0.732447  30.319653
  30.162134  29.951052  29.210005  29.635353  29.492805  30.906971
  30.360643  29.598375  30.15466   30.792076  30.49672   28.488619 ]], shape=(1, 18), dtype=float32)"
1015,[10 3 3 2 0 0 0 0 0 5 3 4 1 0 0 0 0 6 0 0 0 0 0 0 18],"tf.Tensor([ 0.22218621  0.7554753   1.0504293  -0.06804322  0.42803144  6.        ], shape=(6,), dtype=float32)",0.0,[11 1 0 0 0 0 0 3 6 1 2 6 1 0 0 0 0 6 0 0 0 0 0 0 18],False,"tf.Tensor(
[[ 0.22218621  0.7554753   1.0504293  -0.06804322  0.42803144 29.581236
  29.886389   29.43322    28.829882   29.493692   28.978909   30.072886
  29.841671   29.108091   29.818232   30.049885   29.459835   27.921022  ]], shape=(1, 18), dtype=float32)"
1016,[11 1 0 0 0 0 0 3 6 1 2 6 1 0 0 0 0 6 0 0 0 0 0 0 18],"tf.Tensor([ 1.0166018   0.50418603  0.5756539   0.6774968  -0.2801149   2.        ], shape=(6,), dtype=float32)",0.1,[11 2 5 0 0 0 0 0 5 2 2 1 1 0 0 0 0 6 0 0 0 0 0 0 18],False,"tf.Tensor(
[[ 1.0166018   0.50418603  0.5756539   0.6774968  -0.2801149  27.957664
  28.214685   28.613007   25.58902    26.582577   27.831469   27.926779
  28.08273    28.36486    27.473406   28.610407   27.390469   26.341408  ]], shape=(1, 18), dtype=float32)"
1017,[11 2 5 0 0 0 0 0 5 2 2 1 1 0 0 0 0 6 0 0 0 0 0 0 18],"tf.Tensor([-0.06545424 -0.68673134  0.14876044 -0.13728975  0.20196915  1.        ], shape=(6,), dtype=float32)",0.0,[11 3 5 0 0 0 0 0 5 5 1 5 1 0 0 0 0 6 0 0 0 0 0 0 18],False,"tf.Tensor(
[[-0.06545424 -0.68673134  0.14876044 -0.13728975  0.20196915 28.05342
  29.003387   27.975536   27.352812   28.511536   27.94586    28.79998
  27.955135   27.250105   28.309631   28.794233   27.352245   27.209745  ]], shape=(1, 18), dtype=float32)"
1018,[11 3 5 0 0 0 0 0 5 5 1 5 1 0 0 0 0 6 0 0 0 0 0 0 18],"tf.Tensor([ 0.42766178  0.39353836  0.8088299   0.3827374   0.8186141  10.        ], shape=(6,), dtype=float32)",0.0,[12 1 0 0 0 0 0 5 4 4 3 4 1 0 0 0 0 6 0 0 0 0 0 0 18],False,"tf.Tensor(
[[ 0.42766178  0.39353836  0.8088299   0.3827374   0.8186141  31.394915
  32.343254   31.434763   30.180685   31.283014   31.355242   31.668985
  32.193913   31.571707   31.571627   32.56129    31.15025    30.019238  ]], shape=(1, 18), dtype=float32)"
1019,[12 1 0 0 0 0 0 5 4 4 3 4 1 0 0 0 0 6 0 0 0 0 0 0 18],"tf.Tensor([ 0.6017295   0.38886678  0.5943364   0.63162255 -0.35157073 10.        ], shape=(6,), dtype=float32)",0.0,[12 2 0 0 0 0 0 2 5 6 5 4 1 0 0 0 0 6 0 0 0 0 0 0 18],False,"tf.Tensor(
[[ 0.6017295   0.38886678  0.5943364   0.63162255 -0.35157073 29.752188
  30.010662   30.119999   26.869543   28.111746   29.268898   29.92806
  30.109188   30.008942   29.567528   30.208593   29.499353   27.884085  ]], shape=(1, 18), dtype=float32)"
1020,[12 2 0 0 0 0 0 2 5 6 5 4 1 0 0 0 0 6 0 0 0 0 0 0 18],"tf.Tensor([ 0.8479296   0.7784227   0.59347165  0.62300503 -0.12003183 10.        ], shape=(6,), dtype=float32)",0.0,[12 3 0 0 0 0 0 5 3 1 3 6 1 0 0 0 0 6 0 0 0 0 0 0 18],False,"tf.Tensor(
[[ 0.8479296   0.7784227   0.59347165  0.62300503 -0.12003183 31.59674
  31.597006   31.454502   28.89786    29.599636   30.856623   31.552769
  31.777931   31.734941   30.977806   32.299526   30.885183   29.580137  ]], shape=(1, 18), dtype=float32)"
1021,[12 3 0 0 0 0 0 5 3 1 3 6 1 0 0 0 0 6 0 0 0 0 0 0 18],"tf.Tensor([ 0.84451187  0.49701726  0.86576307  0.6422101  -0.4648937   2.        ], shape=(6,), dtype=float32)",0.0,[13 1 0 0 0 0 0 5 1 1 2 4 1 0 0 0 0 6 0 0 0 0 0 0 18],False,"tf.Tensor(
[[ 0.84451187  0.49701726  0.86576307  0.6422101  -0.4648937  29.411123
  29.493858   30.103407   26.905964   27.9013     29.189999   29.420536
  29.49177    29.619158   29.208744   29.67857    29.07106    27.625175  ]], shape=(1, 18), dtype=float32)"
1022,[13 1 0 0 0 0 0 5 1 1 2 4 1 0 0 0 0 6 0 0 0 0 0 0 18],"tf.Tensor([ 0.66043663 -0.05795468  0.776376    0.5735853  -0.69763315  2.        ], shape=(6,), dtype=float32)",0.0,[13 2 0 0 0 0 0 2 4 2 3 3 1 0 0 0 0 6 0 0 0 0 0 0 18],False,"tf.Tensor(
[[ 0.66043663 -0.05795468  0.776376    0.5735853  -0.69763315 26.46183
  26.22033    27.21207    24.500113   25.314102   26.346182   27.208683
  25.576635   25.867758   26.039726   26.268816   26.162012   25.429531  ]], shape=(1, 18), dtype=float32)"
1023,[13 2 0 0 0 0 0 2 4 2 3 3 1 0 0 0 0 6 0 0 0 0 0 0 18],[1 1 1 1 0 5],0.4,[13 3 2 4 2 3 0 0 0 0 0 5 1 0 0 0 0 6 0 0 0 0 0 0 18],False,"tf.Tensor(
[[ 0.3658203  -0.427804    0.11551023  0.08640434 -0.83216894 27.584545
  27.94082    28.05173    25.62886    26.770046   27.341948   28.345068
  27.013716   27.092974   27.262794   27.987238   26.527773   26.472067  ]], shape=(1, 18), dtype=float32)"
1024,[13 3 2 4 2 3 0 0 0 0 0 5 1 0 0 0 0 6 0 0 0 0 0 0 18],"tf.Tensor([-0.00691247 -0.44318628  0.25912774 -0.23265086 -0.6217675   4.        ], shape=(6,), dtype=float32)",0.0,[14 1 0 0 0 0 0 3 4 3 6 6 1 0 0 0 0 6 0 0 0 0 0 0 18],True,"tf.Tensor(
[[-6.9124699e-03 -4.4318628e-01  2.5912774e-01 -2.3265086e-01
  -6.2176752e-01  2.9632322e+01  3.0066130e+01  2.9779440e+01
   2.9341436e+01  3.0198105e+01  2.9848778e+01  2.9704721e+01
   2.8441984e+01  2.8781973e+01  2.9793436e+01  2.9767515e+01
   2.7953869e+01  2.9197002e+01]], shape=(1, 18), dtype=float32)"
1025,[1 1 0 0 0 0 0 1 6 2 4 2 0 0 0 0 0 0 0 0 0 0 0 0 0],"tf.Tensor([ 3.129708   3.783312   1.0831858  2.5608816  4.5926037 11.       ], shape=(6,), dtype=float32)",0.5,[1 2 1 6 2 4 2 0 0 0 0 0 0 0 0 0 0 0 0 0 0 0 0 0 0],False,"tf.Tensor(
[[ 3.129708   3.783312   1.0831858  2.5608816  4.5926037 15.306886
  12.891238  14.859745  13.804965  13.524731  15.327023  14.977057
  16.00648   16.783058  13.8295555 16.743711  16.830597  14.989095 ]], shape=(1, 18), dtype=float32)"
1026,[1 2 1 6 2 4 2 0 0 0 0 0 0 0 0 0 0 0 0 0 0 0 0 0 0],[0 0 0 1 0 2],0.0,[1 3 1 6 2 4 2 0 0 0 0 0 0 0 0 0 0 0 0 0 0 0 0 0 0],False,"tf.Tensor(
[[ 2.9105327  3.0722291  1.6744201  2.9725394  3.2034037 17.793379
  14.560633  18.978907  16.62898   17.568844  18.998667  18.404943
  18.636942  17.717339  17.539623  19.833529  18.441248  19.959623 ]], shape=(1, 18), dtype=float32)"
1027,[1 3 1 6 2 4 2 0 0 0 0 0 0 0 0 0 0 0 0 0 0 0 0 0 0],"tf.Tensor([ 2.9399621  3.049227   1.686953   2.9143534  3.2813864 12.       ], shape=(6,), dtype=float32)",30.0,[2 1 0 0 0 0 0 1 6 2 4 2 0 0 0 0 0 0 0 0 0 0 0 0 15],False,"tf.Tensor(
[[ 2.9399621  3.049227   1.686953   2.9143534  3.2813864 18.410418
  15.230562  19.555033  17.343313  18.244144  19.630043  19.009361
  19.256466  18.32064   18.138365  20.482689  19.012493  20.544031 ]], shape=(1, 18), dtype=float32)"
1028,[2 1 0 0 0 0 0 1 6 2 4 2 0 0 0 0 0 0 0 0 0 0 0 0 15],"tf.Tensor([ 1.7838452  2.6148725  1.0693848  1.4502947  1.9985433 11.       ], shape=(6,), dtype=float32)",0.5,[2 2 2 2 4 1 4 0 0 0 0 0 0 0 0 0 0 0 0 0 0 0 0 0 15],False,"tf.Tensor(
[[ 1.7838452  2.6148725  1.0693848  1.4502947  1.9985433 22.961369
  22.114485  22.753983  22.190239  21.72449   22.35033   22.03605
  22.743343  23.227081  21.676706  23.458506  23.783648  21.290554 ]], shape=(1, 18), dtype=float32)"
1029,[2 2 2 2 4 1 4 0 0 0 0 0 0 0 0 0 0 0 0 0 0 0 0 0 15],"tf.Tensor([1.2803545 2.094873  1.4157871 1.7734696 1.6133126 0.       ], shape=(6,), dtype=float32)",0.0,[2 3 2 2 4 1 4 0 0 0 0 0 0 0 0 0 0 0 0 0 0 0 0 0 15],False,"tf.Tensor(
[[ 1.2803545  2.094873   1.4157871  1.7734696  1.6133126 25.949219
  24.300411  25.32454   25.767452  25.085535  25.947615  24.673384
  24.108791  25.892042  24.905155  25.309492  25.774948  25.28861  ]], shape=(1, 18), dtype=float32)"
1030,[2 3 2 2 4 1 4 0 0 0 0 0 0 0 0 0 0 0 0 0 0 0 0 0 15],"tf.Tensor([1.2433143 1.9957753 1.4085313 1.7326506 1.6254007 5.       ], shape=(6,), dtype=float32)",0.0,[3 1 0 0 0 0 0 2 2 4 1 4 0 0 0 0 0 0 0 0 0 0 0 0 15],False,"tf.Tensor(
[[ 1.2433143  1.9957753  1.4085313  1.7326506  1.6254007 26.412804
  24.885527  25.897846  26.25646   25.710794  26.528727  25.252129
  24.777338  26.365826  25.522865  25.877018  26.259235  25.823301 ]], shape=(1, 18), dtype=float32)"
1031,[3 1 0 0 0 0 0 2 2 4 1 4 0 0 0 0 0 0 0 0 0 0 0 0 15],"tf.Tensor([ 1.2828288  2.1035304  1.6114687  1.2748364  1.4124871 11.       ], shape=(6,), dtype=float32)",0.5,[3 2 5 2 1 3 1 0 0 0 0 0 0 0 0 0 0 0 0 0 0 0 0 0 15],False,"tf.Tensor(
[[ 1.2828288  2.1035304  1.6114687  1.2748364  1.4124871 21.794516
  21.331816  21.638748  20.732477  20.56996   21.213713  21.102062
  21.874887  22.382275  21.04221   22.005224  22.557312  20.168999 ]], shape=(1, 18), dtype=float32)"
1032,[3 2 5 2 1 3 1 0 0 0 0 0 0 0 0 0 0 0 0 0 0 0 0 0 15],"tf.Tensor([0.69642323 1.5861505  1.7556541  1.2071856  1.7830589  3.        ], shape=(6,), dtype=float32)",0.0,[3 3 5 2 1 3 1 0 0 0 0 0 0 0 0 0 0 0 0 0 0 0 0 0 15],False,"tf.Tensor(
[[ 0.69642323  1.5861505   1.7556541   1.2071856   1.7830589  24.603418
  23.824802   24.42346    25.33683    25.14289    24.906042   24.227911
  23.640757   24.482462   24.553282   24.191849   25.181005   24.242138  ]], shape=(1, 18), dtype=float32)"
1033,[3 3 5 2 1 3 1 0 0 0 0 0 0 0 0 0 0 0 0 0 0 0 0 0 15],"tf.Tensor([0.6587028 1.4979793 1.7673446 1.172072  1.8257093 3.       ], shape=(6,), dtype=float32)",0.0,[4 1 0 0 0 0 0 5 2 1 3 1 0 0 0 0 0 0 0 0 0 0 0 0 15],False,"tf.Tensor(
[[ 0.6587028  1.4979793  1.7673446  1.172072   1.8257093 25.116383
  24.41471   24.98829   25.904242  25.795647  25.512768  24.801386
  24.290888  24.974924  25.1727    24.751484  25.699205  24.827248 ]], shape=(1, 18), dtype=float32)"
1034,[4 1 0 0 0 0 0 5 2 1 3 1 0 0 0 0 0 0 0 0 0 0 0 0 15],"tf.Tensor([ 1.404464   1.8215452  1.4510187  1.1614503  1.1034296 11.       ], shape=(6,), dtype=float32)",0.5,[4 2 1 3 2 6 4 0 0 0 0 0 0 0 0 0 0 0 0 0 0 0 0 0 15],False,"tf.Tensor(
[[ 1.404464   1.8215452  1.4510187  1.1614503  1.1034296 22.028069
  21.15208   22.225527  21.270067  21.095823  21.466175  21.680742
  21.510992  21.769533  21.487463  21.690369  23.228102  20.347818 ]], shape=(1, 18), dtype=float32)"
1035,[4 2 1 3 2 6 4 0 0 0 0 0 0 0 0 0 0 0 0 0 0 0 0 0 15],"tf.Tensor([1.06901   1.5393938 1.2201244 1.5347879 1.4164588 8.       ], shape=(6,), dtype=float32)",0.0,[4 3 1 3 2 6 4 0 0 0 0 0 0 0 0 0 0 0 0 0 0 0 0 0 15],False,"tf.Tensor(
[[ 1.06901    1.5393938  1.2201244  1.5347879  1.4164588 27.705004
  26.161993  26.97678   27.24485   26.602962  27.576864  26.104788
  25.679398  27.734041  26.55112   26.626362  27.040165  27.349195 ]], shape=(1, 18), dtype=float32)"
1036,[4 3 1 3 2 6 4 0 0 0 0 0 0 0 0 0 0 0 0 0 0 0 0 0 15],"tf.Tensor([1.0401855 1.4432966 1.2247237 1.517318  1.4261569 5.       ], shape=(6,), dtype=float32)",12.0,[5 1 0 0 0 0 0 1 3 2 6 4 0 0 0 0 0 6 0 0 0 0 0 0 15],False,"tf.Tensor(
[[ 1.0401855  1.4432966  1.2247237  1.517318   1.4261569 28.123657
  26.71822   27.54053   27.7011    27.247807  28.152863  26.679249
  26.321611  28.116915  27.170612  27.224648  27.473469  27.88899  ]], shape=(1, 18), dtype=float32)"
1037,[5 1 0 0 0 0 0 1 3 2 6 4 0 0 0 0 0 6 0 0 0 0 0 0 15],"tf.Tensor([ 1.5689278   1.8831296   1.2988901   0.89641374  1.0113493  11.        ], shape=(6,), dtype=float32)",0.4,[5 2 1 3 1 2 0 0 0 0 5 0 0 0 0 0 0 6 0 0 0 0 0 0 15],False,"tf.Tensor(
[[ 1.5689278   1.8831296   1.2988901   0.89641374  1.0113493  23.955994
  23.029945   24.146624   22.772392   22.58361    23.271923   23.759756
  23.910236   23.689148   22.957592   24.076496   24.621197   21.956415  ]], shape=(1, 18), dtype=float32)"
1038,[5 2 1 3 1 2 0 0 0 0 5 0 0 0 0 0 0 6 0 0 0 0 0 0 15],"tf.Tensor([ 1.1095097   1.4105867   0.9444548   0.68578035  0.7484312  11.        ], shape=(6,), dtype=float32)",0.0,[5 3 1 3 1 2 0 0 0 0 5 0 0 0 0 0 0 6 0 0 0 0 0 0 15],False,"tf.Tensor(
[[ 1.1095097   1.4105867   0.9444548   0.68578035  0.7484312  24.506374
  23.298985   24.604868   24.239094   24.093542   24.103264   24.334997
  23.427362   23.472155   23.86041    24.101606   24.670406   23.470242  ]], shape=(1, 18), dtype=float32)"
1039,[5 3 1 3 1 2 0 0 0 0 5 0 0 0 0 0 0 6 0 0 0 0 0 0 15],"tf.Tensor([ 0.94956726  1.2961038   0.972       0.61499816  0.7240875  11.        ], shape=(6,), dtype=float32)",0.0,[6 1 0 0 0 0 0 1 3 1 5 2 0 0 0 0 0 6 0 0 0 0 0 0 15],False,"tf.Tensor(
[[ 0.94956726  1.2961038   0.972       0.61499816  0.7240875  24.955526
  23.966438   25.03095    24.687225   24.640644   24.620703   24.775612
  24.140642   23.960314   24.524515   24.663801   25.050413   23.978783  ]], shape=(1, 18), dtype=float32)"
1040,[6 1 0 0 0 0 0 1 3 1 5 2 0 0 0 0 0 6 0 0 0 0 0 0 15],[ 1  0  0  1  1 11],0.30000000000000004,[6 2 2 2 4 0 0 0 2 2 0 0 0 0 0 0 0 6 0 0 0 0 0 0 15],False,"tf.Tensor(
[[ 1.4888716   1.4510268   0.8676003   0.7557034   0.44488502 22.454107
  21.48614    22.911663   21.494953   21.357168   22.017527   22.698029
  21.84582    21.708563   21.503273   22.58335    22.884459   20.858812  ]], shape=(1, 18), dtype=float32)"
1041,[6 2 2 2 4 0 0 0 2 2 0 0 0 0 0 0 0 6 0 0 0 0 0 0 15],"tf.Tensor([0.57852226 0.47911832 0.44985417 0.6128774  0.5933442  4.        ], shape=(6,), dtype=float32)",0.0,[6 3 2 2 4 0 0 0 3 4 0 0 0 0 0 0 0 6 0 0 0 0 0 0 15],False,"tf.Tensor(
[[ 0.57852226  0.47911832  0.44985417  0.6128774   0.5933442  25.426527
  24.884995   25.335917   25.147554   25.801056   25.521544   25.31562
  24.65052    24.558954   25.359709   25.664991   24.831835   24.99104   ]], shape=(1, 18), dtype=float32)"
1042,[6 3 2 2 4 0 0 0 3 4 0 0 0 0 0 0 0 6 0 0 0 0 0 0 15],"tf.Tensor([ 0.35390002  0.44529805  0.39774492  0.5834684   0.9148518  10.        ], shape=(6,), dtype=float32)",0.0,[7 1 0 0 0 0 0 2 1 2 2 4 0 0 0 0 0 6 0 0 0 0 0 0 15],False,"tf.Tensor(
[[ 0.35390002  0.44529805  0.39774492  0.5834684   0.9148518  27.52888
  27.3233     27.093206   26.90329    27.833574   27.488697   27.15803
  27.404179   26.934525   27.657137   28.060709   26.816221   26.98566   ]], shape=(1, 18), dtype=float32)"
1043,[7 1 0 0 0 0 0 2 1 2 2 4 0 0 0 0 0 6 0 0 0 0 0 0 15],"tf.Tensor([1.1691549  1.0199454  1.097272   0.66564816 0.12781893 2.        ], shape=(6,), dtype=float32)",0.30000000000000004,[7 2 3 5 5 0 0 0 0 0 2 5 0 0 0 0 0 6 0 0 0 0 0 0 15],False,"tf.Tensor(
[[ 1.1691549   1.0199454   1.097272    0.66564816  0.12781893 21.667818
  21.053324   22.156492   20.53774    20.680399   21.335014   21.990568
  21.240414   21.148697   21.046774   21.688803   22.007505   20.201632  ]], shape=(1, 18), dtype=float32)"
1044,[7 2 3 5 5 0 0 0 0 0 2 5 0 0 0 0 0 6 0 0 0 0 0 0 15],[1 1 0 1 0 5],0.1,[7 3 3 5 5 2 0 0 0 0 0 5 0 0 0 0 0 6 0 0 0 0 0 0 15],False,"tf.Tensor(
[[ 1.0602579  1.5394349  1.112201   1.01543    1.0796306 29.484638
  28.563414  29.82145   29.077387  29.611002  29.890715  29.374321
  29.106657  29.347246  29.296509  29.818766  29.205574  28.762674 ]], shape=(1, 18), dtype=float32)"
1045,[7 3 3 5 5 2 0 0 0 0 0 5 0 0 0 0 0 6 0 0 0 0 0 0 15],"tf.Tensor([1.1630547 1.3967329 1.3144101 1.3098754 1.1772752 5.       ], shape=(6,), dtype=float32)",-12.0,[8 1 0 0 0 0 0 3 5 5 1 1 0 0 0 0 0 0 0 0 0 0 0 0 15],False,"tf.Tensor(
[[ 1.1630547  1.3967329  1.3144101  1.3098754  1.1772752 30.416285
  29.47333   31.260826  30.083534  31.094957  31.38193   30.576841
  30.300095  30.226442  30.667976  31.132574  30.053574  30.549131 ]], shape=(1, 18), dtype=float32)"
1046,[8 1 0 0 0 0 0 3 5 5 1 1 0 0 0 0 0 0 0 0 0 0 0 0 15],"tf.Tensor([ 0.7634044   0.86422205  0.2598962   0.8858836   0.7750374  10.        ], shape=(6,), dtype=float32)",0.0,[8 2 0 0 0 0 0 1 5 4 3 3 0 0 0 0 0 0 0 0 0 0 0 0 15],False,"tf.Tensor(
[[ 0.7634044   0.86422205  0.2598962   0.8858836   0.7750374  24.144457
  23.939108   23.61905    22.522833   23.019077   23.511633   23.858343
  23.73606    24.12877    23.372845   24.685116   23.737192   23.055357  ]], shape=(1, 18), dtype=float32)"
1047,[8 2 0 0 0 0 0 1 5 4 3 3 0 0 0 0 0 0 0 0 0 0 0 0 15],"tf.Tensor([ 0.8583037   1.3570445   0.36896983  0.84175843  0.7739651  10.        ], shape=(6,), dtype=float32)",0.1,[8 3 5 0 0 0 0 3 0 2 4 3 0 0 0 0 0 0 0 0 0 0 0 0 15],False,"tf.Tensor(
[[ 0.8583037   1.3570445   0.36896983  0.84175843  0.7739651  24.478718
  24.434793   24.165888   23.08257    23.263153   24.038109   24.327396
  24.325293   24.617464   23.662926   25.451075   24.07351    23.229328  ]], shape=(1, 18), dtype=float32)"
1048,[8 3 5 0 0 0 0 3 0 2 4 3 0 0 0 0 0 0 0 0 0 0 0 0 15],"tf.Tensor([ 0.58965343  1.5651832   1.570765    1.0896347   1.7476693  11.        ], shape=(6,), dtype=float32)",0.0,[9 1 0 0 0 0 0 2 5 4 2 4 0 0 0 0 0 0 0 0 0 0 0 0 15],False,"tf.Tensor(
[[ 0.58965343  1.5651832   1.570765    1.0896347   1.7476693  26.626902
  26.162817   26.38382    26.159658   26.056543   26.423092   26.79598
  26.221972   26.50342    26.385647   26.49304    27.67308    25.429558  ]], shape=(1, 18), dtype=float32)"
1049,[9 1 0 0 0 0 0 2 5 4 2 4 0 0 0 0 0 0 0 0 0 0 0 0 15],"tf.Tensor([ 0.7832814   1.2635201   0.4282575   0.8598723   0.66690946 10.        ], shape=(6,), dtype=float32)",0.1,[9 2 5 0 0 0 0 5 0 4 3 5 0 0 0 0 0 0 0 0 0 0 0 0 15],False,"tf.Tensor(
[[ 0.7832814   1.2635201   0.4282575   0.8598723   0.66690946 24.512133
  24.606459   24.30605    22.861223   23.17545    24.114626   24.370205
  24.436104   24.874529   23.780989   25.44087    24.147152   23.209497  ]], shape=(1, 18), dtype=float32)"
1050,[9 2 5 0 0 0 0 5 0 4 3 5 0 0 0 0 0 0 0 0 0 0 0 0 15],"tf.Tensor([ 0.8020658  1.7635107  1.8012671  1.4292481  1.9348056 11.       ], shape=(6,), dtype=float32)",0.30000000000000004,[9 3 5 4 3 5 0 1 0 0 0 0 0 0 0 0 0 0 0 0 0 0 0 0 15],False,"tf.Tensor(
[[ 0.8020658  1.7635107  1.8012671  1.4292481  1.9348056 28.636316
  28.147425  28.578934  27.208225  27.538145  28.388567  28.824549
  28.835615  29.197939  28.417799  28.585611  30.034533  27.07461  ]], shape=(1, 18), dtype=float32)"
1051,[9 3 5 4 3 5 0 1 0 0 0 0 0 0 0 0 0 0 0 0 0 0 0 0 15],[1 0 1 1 0 7],0.0,[10 1 0 0 0 0 0 4 5 2 3 1 0 0 0 0 0 0 0 0 0 0 0 0 15],False,"tf.Tensor(
[[ 0.05504543  0.24854478  0.83135843  0.7199351   1.4825993  30.663347
  30.065886   30.20956    31.08741    31.281374   30.95318    30.272541
  29.137472   30.254517   30.667028   29.987873   30.035528   31.028355  ]], shape=(1, 18), dtype=float32)"
1052,[10 1 0 0 0 0 0 4 5 2 3 1 0 0 0 0 0 0 0 0 0 0 0 0 15],[1 1 0 0 0 7],0.2,[10 2 5 3 0 0 0 0 0 5 3 1 0 0 0 0 0 0 0 0 0 0 0 0 15],False,"tf.Tensor(
[[ 5.2832967e-01  3.0149218e-01 -1.4133900e-02  6.5926665e-01
   2.0277189e-01  2.4382902e+01  2.4396885e+01  2.4095184e+01
   2.2417034e+01  2.2963039e+01  2.3742756e+01  2.4230022e+01
   2.3573555e+01  2.4234503e+01  2.3634127e+01  2.4657070e+01
   2.3655729e+01  2.3285248e+01]], shape=(1, 18), dtype=float32)"
1053,[10 2 5 3 0 0 0 0 0 5 3 1 0 0 0 0 0 0 0 0 0 0 0 0 15],"tf.Tensor([-0.06336059  0.87706864  0.5270536  -0.30377817  1.3868512  10.        ], shape=(6,), dtype=float32)",0.1,[10 3 5 3 1 0 0 0 0 3 4 0 0 0 0 0 0 0 0 0 0 0 0 0 15],False,"tf.Tensor(
[[-0.06336059  0.87706864  0.5270536  -0.30377817  1.3868512  27.377739
  27.835728   26.566032   27.31706    27.999952   26.694517   27.998789
  27.311987   27.488766   27.673855   28.083557   27.218554   26.327158  ]], shape=(1, 18), dtype=float32)"
1054,[10 3 5 3 1 0 0 0 0 3 4 0 0 0 0 0 0 0 0 0 0 0 0 0 15],"tf.Tensor([-0.0992724   0.74915767  0.33455878 -0.18257196  1.362857    4.        ], shape=(6,), dtype=float32)",10.0,[11 1 0 0 0 0 0 5 3 3 1 6 0 0 0 0 5 0 0 0 0 0 0 0 15],False,"tf.Tensor(
[[-0.0992724   0.74915767  0.33455878 -0.18257196  1.362857   27.861156
  28.07466    27.017004   28.100487   28.538282   27.31124    28.261162
  27.194391   27.462593   28.036144   28.290783   27.509644   27.081034  ]], shape=(1, 18), dtype=float32)"
1055,[11 1 0 0 0 0 0 5 3 3 1 6 0 0 0 0 5 0 0 0 0 0 0 0 15],"tf.Tensor([0.68414813 0.80722487 0.5144131  0.6998324  0.6120144  8.        ], shape=(6,), dtype=float32)",0.0,[11 2 0 0 0 0 0 1 5 1 2 1 0 0 0 0 5 0 0 0 0 0 0 0 15],False,"tf.Tensor(
[[ 0.68414813  0.80722487  0.5144131   0.6998324   0.6120144  25.465557
  25.348053   25.046766   23.34034    23.697315   24.836946   24.735283
  25.326801   25.968695   24.823036   25.45277    24.847244   23.972786  ]], shape=(1, 18), dtype=float32)"
1056,[11 2 0 0 0 0 0 1 5 1 2 1 0 0 0 0 5 0 0 0 0 0 0 0 15],"tf.Tensor([ 0.00504476 -0.49191585 -0.59965754 -0.11117308  0.06226264  1.        ], shape=(6,), dtype=float32)",0.0,[11 3 0 0 0 0 0 2 2 4 6 6 0 0 0 0 5 0 0 0 0 0 0 0 15],False,"tf.Tensor(
[[ 5.0447583e-03 -4.9191585e-01 -5.9965754e-01 -1.1117308e-01
   6.2262639e-02  2.2800287e+01  2.3364700e+01  2.2264032e+01
   2.1800920e+01  2.2344824e+01  2.2429729e+01  2.2634842e+01
   2.1773102e+01  2.2523718e+01  2.2245783e+01  2.2990221e+01
   2.1099236e+01  2.2287558e+01]], shape=(1, 18), dtype=float32)"
1057,[11 3 0 0 0 0 0 2 2 4 6 6 0 0 0 0 5 0 0 0 0 0 0 0 15],"tf.Tensor([0.9087618 1.5748373 0.5794107 0.6035822 1.0891819 8.       ], shape=(6,), dtype=float32)",0.0,[12 1 0 0 0 0 0 4 2 3 5 4 0 0 0 0 5 0 0 0 0 0 0 0 15],False,"tf.Tensor(
[[ 0.9087618  1.5748373  0.5794107  0.6035822  1.0891819 28.24764
  27.942785  27.640099  26.730515  26.415613  27.467827  27.82976
  27.865772  28.515833  27.202417  28.43532   27.898489  26.31849  ]], shape=(1, 18), dtype=float32)"
1058,[12 1 0 0 0 0 0 4 2 3 5 4 0 0 0 0 5 0 0 0 0 0 0 0 15],"tf.Tensor([0.49116284 0.8439969  0.39731565 0.47239643 0.6465603  0.        ], shape=(6,), dtype=float32)",0.0,[12 2 0 0 0 0 0 4 2 6 2 4 0 0 0 0 5 0 0 0 0 0 0 0 15],False,"tf.Tensor(
[[ 0.49116284  0.8439969   0.39731565  0.47239643  0.6465603  26.883125
  26.64432    25.901817   25.119633   24.834255   25.82069    26.206137
  25.943493   26.827194   25.880388   26.546808   26.138908   25.15677   ]], shape=(1, 18), dtype=float32)"
1059,[12 2 0 0 0 0 0 4 2 6 2 4 0 0 0 0 5 0 0 0 0 0 0 0 15],[ 0  1  1  1  0 12],0.30000000000000004,[12 3 2 6 2 0 0 6 0 0 0 6 0 0 0 0 5 0 0 0 0 0 0 0 15],False,"tf.Tensor(
[[ 0.293158    0.5006908   0.26834586  0.39704436  0.5576229  26.864067
  26.903452   26.00425    24.832207   25.34802    25.975788   26.441628
  26.66127    27.146778   26.315458   26.851927   26.00777    25.417017  ]], shape=(1, 18), dtype=float32)"
1060,[12 3 2 6 2 0 0 6 0 0 0 6 0 0 0 0 5 0 0 0 0 0 0 0 15],"tf.Tensor([0.7147991  0.71596634 0.40469173 0.6002105  1.1158191  8.        ], shape=(6,), dtype=float32)",0.0,[13 1 0 0 0 0 0 4 6 2 2 1 0 0 0 0 5 0 0 0 0 0 0 0 15],False,"tf.Tensor(
[[ 0.7147991   0.71596634  0.40469173  0.6002105   1.1158191  30.761353
  30.32295    30.55992    29.403938   30.248524   30.505716   29.797897
  30.31255    31.16551    30.500488   30.403135   29.86987    29.87943   ]], shape=(1, 18), dtype=float32)"
1061,[13 1 0 0 0 0 0 4 6 2 2 1 0 0 0 0 5 0 0 0 0 0 0 0 15],[ 0  1  0  0  0 10],0.1,[13 2 5 0 0 0 0 2 0 3 3 6 0 0 0 0 5 0 0 0 0 0 0 0 15],False,"tf.Tensor(
[[-0.06180447 -0.74931633 -0.780638    0.33891135  0.20056258 25.340776
  25.886251   24.46733    23.032166   24.053131   24.695219   24.815783
  24.766203   25.304808   24.741077   25.592176   23.446432   24.928583  ]], shape=(1, 18), dtype=float32)"
1062,[13 2 5 0 0 0 0 2 0 3 3 6 0 0 0 0 5 0 0 0 0 0 0 0 15],[ 1  0  0  0  1 12],0.2,[13 3 5 2 6 0 0 0 0 4 2 0 0 0 0 0 5 0 0 0 0 0 0 0 15],False,"tf.Tensor(
[[ 0.19822389  0.567937    0.81163025  0.45696586  1.1327239  27.84741
  27.949171   27.362923   26.912037   27.117575   27.576687   28.09697
  27.264309   27.99871    27.447498   27.728203   27.581333   26.711374  ]], shape=(1, 18), dtype=float32)"
1063,[13 3 5 2 6 0 0 0 0 4 2 0 0 0 0 0 5 0 0 0 0 0 0 0 15],"tf.Tensor([-0.19593126 -0.01039129 -0.23752475 -0.05347461  1.2044847   4.        ], shape=(6,), dtype=float32)",0.0,[14 1 0 0 0 0 0 5 5 1 5 5 0 0 0 0 5 0 0 0 0 0 0 0 15],True,"tf.Tensor(
[[-1.9593126e-01 -1.0391295e-02 -2.3752475e-01 -5.3474605e-02
   1.2044847e+00  3.1927326e+01  3.1736673e+01  3.0891279e+01
   3.1897339e+01  3.2566250e+01  3.1947180e+01  3.2212727e+01
   3.0513882e+01  3.1742788e+01  3.1971872e+01  3.2215118e+01
   3.0478901e+01  3.2019547e+01]], shape=(1, 18), dtype=float32)"
1064,[1 1 0 0 0 0 0 2 5 5 3 5 0 0 0 0 0 0 0 0 0 0 0 0 0],"tf.Tensor([3.9956658 5.070588  1.7619387 2.674786  5.0409303 8.       ], shape=(6,), dtype=float32)",0.5,[1 2 2 5 5 3 5 0 0 0 0 0 0 0 0 0 0 0 0 0 0 0 0 0 0],False,"tf.Tensor(
[[ 3.9956658  5.070588   1.7619387  2.674786   5.0409303 17.942461
  15.003983  18.23411   15.816316  16.213884  18.211018  18.14785
  19.926262  20.653296  16.623358  20.417194  19.718285  17.8602   ]], shape=(1, 18), dtype=float32)"
1065,[1 2 2 5 5 3 5 0 0 0 0 0 0 0 0 0 0 0 0 0 0 0 0 0 0],[ 0  0  1  0  1 12],0.0,[1 3 2 5 5 3 5 0 0 0 0 0 0 0 0 0 0 0 0 0 0 0 0 0 0],False,"tf.Tensor(
[[ 3.4848886  4.029752   2.192329   3.885941   4.1168094 22.522427
  18.306648  24.084078  21.020962  22.157211  24.093369  23.09211
  23.60553   22.491219  22.336254  24.767763  23.59999   25.227177 ]], shape=(1, 18), dtype=float32)"
1066,[1 3 2 5 5 3 5 0 0 0 0 0 0 0 0 0 0 0 0 0 0 0 0 0 0],"tf.Tensor([ 3.499559   3.9858644  2.1932693  3.8553653  4.1540456 12.       ], shape=(6,), dtype=float32)",40.0,[2 1 0 0 0 0 0 2 5 5 3 5 0 0 0 0 0 0 0 0 0 0 0 0 20],False,"tf.Tensor(
[[ 3.499559   3.9858644  2.1932693  3.8553653  4.1540456 23.135107
  18.99307   24.668688  21.668095  22.810509  24.722147  23.74117
  24.246355  23.051775  22.954718  25.444157  24.166613  25.821217 ]], shape=(1, 18), dtype=float32)"
1067,[2 1 0 0 0 0 0 2 5 5 3 5 0 0 0 0 0 0 0 0 0 0 0 0 20],"tf.Tensor([ 1.9148881  3.1724837  2.0473597  1.780736   2.4296877 11.       ], shape=(6,), dtype=float32)",0.5,[2 2 6 5 1 2 1 0 0 0 0 0 0 0 0 0 0 0 0 0 0 0 0 0 20],False,"tf.Tensor(
[[ 1.9148881  3.1724837  2.0473597  1.780736   2.4296877 29.204876
  28.465185  28.827927  27.954895  27.570957  28.317009  27.948233
  29.47679   30.076273  27.955555  29.631207  30.430374  26.87723  ]], shape=(1, 18), dtype=float32)"
1068,[2 2 6 5 1 2 1 0 0 0 0 0 0 0 0 0 0 0 0 0 0 0 0 0 20],"tf.Tensor([0.9397046 2.391326  2.2659554 1.5097494 2.2335682 3.       ], shape=(6,), dtype=float32)",0.0,[2 3 6 5 1 2 1 0 0 0 0 0 0 0 0 0 0 0 0 0 0 0 0 0 20],False,"tf.Tensor(
[[ 0.9397046  2.391326   2.2659554  1.5097494  2.2335682 31.3996
  30.407526  31.089529  32.465324  32.243526  31.577084  30.554787
  30.195406  31.426964  31.343313  30.991735  32.201134  30.562824 ]], shape=(1, 18), dtype=float32)"
1069,[2 3 6 5 1 2 1 0 0 0 0 0 0 0 0 0 0 0 0 0 0 0 0 0 20],"tf.Tensor([0.90849143 2.3079488  2.2657082  1.4535689  2.2654111  3.        ], shape=(6,), dtype=float32)",0.0,[3 1 0 0 0 0 0 6 5 1 2 1 0 0 0 0 0 0 0 0 0 0 0 0 20],False,"tf.Tensor(
[[ 0.90849143  2.3079488   2.2657082   1.4535689   2.2654111  31.859015
  30.973825   31.64572    32.96445    32.864082   32.132607   31.142794
  30.872612   31.875513   31.950912   31.553255   32.68305    31.10325   ]], shape=(1, 18), dtype=float32)"
1070,[3 1 0 0 0 0 0 6 5 1 2 1 0 0 0 0 0 0 0 0 0 0 0 0 20],[0 0 0 0 1 6],0.1,[3 2 1 0 0 0 0 3 6 2 6 0 0 0 0 0 0 0 0 0 0 0 0 0 20],False,"tf.Tensor(
[[ 2.0645242  2.5651438  1.6803428  1.686805   1.7063562 27.56347
  26.42545   27.859467  26.689165  26.518396  26.963604  26.72715
  27.10318   27.416857  26.790888  27.488806  29.1281    25.526348 ]], shape=(1, 18), dtype=float32)"
1071,[3 2 1 0 0 0 0 3 6 2 6 0 0 0 0 0 0 0 0 0 0 0 0 0 20],"tf.Tensor([ 1.9098396  2.99487    1.441218   1.6911588  2.219576  11.       ], shape=(6,), dtype=float32)",0.4,[3 3 1 3 6 2 6 0 0 0 0 0 0 0 0 0 0 0 0 0 0 0 0 0 20],False,"tf.Tensor(
[[ 1.9098396  2.99487    1.441218   1.6911588  2.219576  29.927307
  28.753136  29.84414   29.255032  28.817986  29.260794  29.234613
  29.35114   29.745716  28.831913  30.20086   31.37504   27.923439 ]], shape=(1, 18), dtype=float32)"
1072,[3 3 1 3 6 2 6 0 0 0 0 0 0 0 0 0 0 0 0 0 0 0 0 0 20],[1 0 0 0 0 8],0.0,[4 1 0 0 0 0 0 4 4 1 4 1 0 0 0 0 0 0 0 0 0 0 0 0 20],False,"tf.Tensor(
[[ 1.5706229  2.4925742  1.5177473  2.281191   1.6612815 34.591022
  32.387566  33.665085  33.981773  33.070297  34.585396  32.659645
  31.87994   34.47654   33.05951   33.700317  33.810246  33.830074 ]], shape=(1, 18), dtype=float32)"
1073,[4 1 0 0 0 0 0 4 4 1 4 1 0 0 0 0 0 0 0 0 0 0 0 0 20],"tf.Tensor([ 1.9537978  2.491186   1.4805491  1.4689047  1.3597445 11.       ], shape=(6,), dtype=float32)",0.5,[4 2 1 4 2 4 5 0 0 0 0 0 0 0 0 0 0 0 0 0 0 0 0 0 20],False,"tf.Tensor(
[[ 1.9537978  2.491186   1.4805491  1.4689047  1.3597445 27.329752
  26.162113  27.665005  26.688221  26.279007  26.753008  26.952679
  26.38074   26.902267  26.328573  27.290867  28.660149  25.332102 ]], shape=(1, 18), dtype=float32)"
1074,[4 2 1 4 2 4 5 0 0 0 0 0 0 0 0 0 0 0 0 0 0 0 0 0 20],"tf.Tensor([1.3060973 2.1824207 1.4759792 1.6178212 1.3743105 0.       ], shape=(6,), dtype=float32)",0.0,[4 3 1 4 2 4 5 0 0 0 0 0 0 0 0 0 0 0 0 0 0 0 0 0 20],False,"tf.Tensor(
[[ 1.3060973  2.1824207  1.4759792  1.6178212  1.3743105 32.104362
  30.517273  31.136944  31.647453  30.719301  31.640661  30.241043
  29.723528  31.96561   30.71324   31.159006  31.355564  31.080568 ]], shape=(1, 18), dtype=float32)"
1075,[4 3 1 4 2 4 5 0 0 0 0 0 0 0 0 0 0 0 0 0 0 0 0 0 20],"tf.Tensor([1.2690573 2.083319  1.4687275 1.5769985 1.3863986 0.       ], shape=(6,), dtype=float32)",1.0,[5 1 0 0 0 0 0 1 4 2 4 5 1 0 0 0 0 0 0 0 0 0 0 0 20],False,"tf.Tensor(
[[ 1.2690573  2.083319   1.4687275  1.5769985  1.3863986 32.567955
  31.102392  31.710253  32.13647   31.34456   32.221783  30.819782
  30.392075  32.439392  31.330948  31.726526  31.83985   31.61526  ]], shape=(1, 18), dtype=float32)"
1076,[5 1 0 0 0 0 0 1 4 2 4 5 1 0 0 0 0 0 0 0 0 0 0 0 20],"tf.Tensor([ 1.6921794  2.652138   1.5006608  1.2528934  1.2027636 11.       ], shape=(6,), dtype=float32)",0.5,[5 2 5 5 2 4 6 0 0 0 0 0 1 0 0 0 0 0 0 0 0 0 0 0 20],False,"tf.Tensor(
[[ 1.6921794  2.652138   1.5006608  1.2528934  1.2027636 27.240355
  26.667477  27.465183  26.481915  26.00721   26.724928  26.797733
  26.757542  27.477148  26.166828  27.78417   27.968702  25.23082  ]], shape=(1, 18), dtype=float32)"
1077,[5 2 5 5 2 4 6 0 0 0 0 0 1 0 0 0 0 0 0 0 0 0 0 0 20],"tf.Tensor([1.1517823 2.1632173 1.6581604 1.5176976 2.2292712 0.       ], shape=(6,), dtype=float32)",0.0,[5 3 5 5 2 4 6 0 0 0 0 0 1 0 0 0 0 0 0 0 0 0 0 0 20],False,"tf.Tensor(
[[ 1.1517823  2.1632173  1.6581604  1.5176976  2.2292712 36.67005
  35.22489   35.673676  36.641308  36.15797   36.32977   35.12937
  34.848347  36.660477  35.87004   35.75099   36.42981   35.540733 ]], shape=(1, 18), dtype=float32)"
1078,[5 3 5 5 2 4 6 0 0 0 0 0 1 0 0 0 0 0 0 0 0 0 0 0 20],"tf.Tensor([1.1084955 2.0614233 1.6590425 1.4659312 2.2309122 3.       ], shape=(6,), dtype=float32)",8.0,[6 1 0 0 0 0 0 5 5 2 4 6 1 0 0 4 0 0 0 0 0 0 0 0 20],False,"tf.Tensor(
[[ 1.1084955  2.0614233  1.6590425  1.4659312  2.2309122 37.101418
  35.780426  36.216515  37.118797  36.770046  36.885002  35.67939
  35.480114  37.10055   36.461853  36.28268   36.876953  36.043118 ]], shape=(1, 18), dtype=float32)"
1079,[6 1 0 0 0 0 0 5 5 2 4 6 1 0 0 4 0 0 0 0 0 0 0 0 20],"tf.Tensor([ 1.4489937   2.0122266   1.1732384   1.283184    0.77785444 11.        ], shape=(6,), dtype=float32)",0.4,[6 2 4 4 2 4 0 0 0 0 0 1 1 0 0 4 0 0 0 0 0 0 0 0 20],False,"tf.Tensor(
[[ 1.4489937   2.0122266   1.1732384   1.283184    0.77785444 27.943884
  27.49267    28.808887   26.051762   27.125273   27.44345    27.757906
  28.621048   28.080368   27.96155    28.591696   29.079884   26.255644  ]], shape=(1, 18), dtype=float32)"
1080,[6 2 4 4 2 4 0 0 0 0 0 1 1 0 0 4 0 0 0 0 0 0 0 0 20],"tf.Tensor([0.05295974 0.74632037 0.92299366 0.8555657  0.18557504 4.        ], shape=(6,), dtype=float32)",0.0,[6 3 4 4 2 4 0 0 0 0 0 2 1 0 0 4 0 0 0 0 0 0 0 0 20],False,"tf.Tensor(
[[ 0.05295974  0.74632037  0.92299366  0.8555657   0.18557504 28.343147
  27.862612   28.847506   28.523663   29.799622   28.814287   28.329147
  27.289019   27.624544   29.240091   28.432966   27.924963   28.95455   ]], shape=(1, 18), dtype=float32)"
1081,[6 3 4 4 2 4 0 0 0 0 0 2 1 0 0 4 0 0 0 0 0 0 0 0 20],"tf.Tensor([0.08797365 0.8231802  1.0534042  0.9446079  0.3086951  4.        ], shape=(6,), dtype=float32)",0.0,[7 1 0 0 0 0 0 4 4 2 4 5 1 0 0 4 0 0 0 0 0 0 0 0 20],False,"tf.Tensor(
[[ 0.08797365  0.8231802   1.0534042   0.9446079   0.3086951  29.132433
  28.741684   29.684868   29.218807   30.550436   29.735743   29.088072
  28.344217   28.552519   30.07114    29.327377   28.76249    29.728823  ]], shape=(1, 18), dtype=float32)"
1082,[7 1 0 0 0 0 0 4 4 2 4 5 1 0 0 4 0 0 0 0 0 0 0 0 20],"tf.Tensor([1.3729227  1.7232574  0.86091834 1.1236057  0.21629098 2.        ], shape=(6,), dtype=float32)",0.30000000000000004,[7 2 1 4 5 0 0 0 0 6 0 3 1 0 0 4 0 0 0 0 0 0 0 0 20],False,"tf.Tensor(
[[ 1.3729227   1.7232574   0.86091834  1.1236057   0.21629098 26.86471
  26.233603   27.901608   25.195087   26.238632   26.491734   27.151695
  26.90431    26.528088   26.795538   27.489851   27.728575   25.430374  ]], shape=(1, 18), dtype=float32)"
1083,[7 2 1 4 5 0 0 0 0 6 0 3 1 0 0 4 0 0 0 0 0 0 0 0 20],"tf.Tensor([ 0.32122523  1.0345397   0.18916802  0.9678528   0.09516814 10.        ], shape=(6,), dtype=float32)",0.0,[7 3 1 4 5 0 0 0 0 3 0 3 1 0 0 4 0 0 0 0 0 0 0 0 20],False,"tf.Tensor(
[[ 0.32122523  1.0345397   0.18916802  0.9678528   0.09516814 30.263027
  29.722296   30.553343   29.073553   30.917044   30.232214   30.210821
  29.502787   30.04285    30.660614   31.046202   29.350832   30.274742  ]], shape=(1, 18), dtype=float32)"
1084,[7 3 1 4 5 0 0 0 0 3 0 3 1 0 0 4 0 0 0 0 0 0 0 0 20],"tf.Tensor([ 0.39740425  0.85767365  0.22306971  0.9160678  -0.24314639  4.        ], shape=(6,), dtype=float32)",10.0,[8 1 0 0 0 0 0 1 4 4 5 6 1 0 0 4 5 0 0 0 0 0 0 0 20],False,"tf.Tensor(
[[ 0.39740425  0.85767365  0.22306971  0.9160678  -0.24314639 28.913158
  28.334955   29.583435   28.24268    29.917984   29.294958   29.054358
  27.8076     28.384495   29.357258   29.624697   27.925056   29.256983  ]], shape=(1, 18), dtype=float32)"
1085,[8 1 0 0 0 0 0 1 4 4 5 6 1 0 0 4 5 0 0 0 0 0 0 0 20],"tf.Tensor([ 0.9484287   1.8897375   0.44526476  0.7098605   0.3391917  10.        ], shape=(6,), dtype=float32)",0.2,[8 2 5 1 0 0 0 0 0 1 4 6 1 0 0 4 5 0 0 0 0 0 0 0 20],False,"tf.Tensor(
[[ 0.9484287   1.8897375   0.44526476  0.7098605   0.3391917  27.798622
  27.550634   28.307663   26.069519   26.99133    27.251572   27.749851
  28.079657   28.059483   27.684528   28.648588   27.891933   26.263771  ]], shape=(1, 18), dtype=float32)"
1086,[8 2 5 1 0 0 0 0 0 1 4 6 1 0 0 4 5 0 0 0 0 0 0 0 20],[0 1 0 1 0 1],0.1,[8 3 5 1 4 0 0 0 0 1 0 2 1 0 0 4 5 0 0 0 0 0 0 0 20],False,"tf.Tensor(
[[ 0.5085586   1.6103292   1.1055163   0.57076246  0.64035404 27.43371
  27.185095   27.92564    27.212454   27.862204   27.376148   27.694242
  27.153156   27.257828   27.817873   27.740047   27.836765   26.492628  ]], shape=(1, 18), dtype=float32)"
1087,[8 3 5 1 4 0 0 0 0 1 0 2 1 0 0 4 5 0 0 0 0 0 0 0 20],[1 1 1 1 1 8],0.0,[9 1 0 0 0 0 0 5 1 5 2 5 1 0 0 4 5 0 0 0 0 0 0 0 20],False,"tf.Tensor(
[[-0.09295994  0.27831998  0.4576363   0.644229    0.04892698 27.717474
  27.41019    28.176498   27.926891   29.261019   28.389057   27.963408
  26.517542   26.995934   28.588287   27.948278   27.005611   28.348814  ]], shape=(1, 18), dtype=float32)"
1088,[9 1 0 0 0 0 0 5 1 5 2 5 1 0 0 4 5 0 0 0 0 0 0 0 20],"tf.Tensor([0.5890922 1.189665  0.8364154 0.6234217 0.0115768 2.       ], shape=(6,), dtype=float32)",0.1,[9 2 3 0 0 0 0 4 0 4 6 4 1 0 0 4 5 0 0 0 0 0 0 0 20],False,"tf.Tensor(
[[5.8909220e-01 1.1896650e+00 8.3641541e-01 6.2342173e-01 1.1576802e-02
  2.7253519e+01 2.6925724e+01 2.7755457e+01 2.5436888e+01 2.6707933e+01
  2.6631460e+01 2.7275043e+01 2.7360039e+01 2.7203438e+01 2.7666016e+01
  2.7344536e+01 2.7594849e+01 2.5904352e+01]], shape=(1, 18), dtype=float32)"
1089,[9 2 3 0 0 0 0 4 0 4 6 4 1 0 0 4 5 0 0 0 0 0 0 0 20],"tf.Tensor([ 0.31299597  1.5991466   1.1300422   0.75954086  0.72171545 11.        ], shape=(6,), dtype=float32)",0.1,[9 3 3 4 0 0 0 4 0 0 4 1 1 0 0 4 5 0 0 0 0 0 0 0 20],False,"tf.Tensor(
[[ 0.31299597  1.5991466   1.1300422   0.75954086  0.72171545 30.205751
  29.711721   30.28329    28.71612    29.601633   29.480183   30.241804
  30.239231   29.958174   30.694628   30.102749   30.994083   28.76202   ]], shape=(1, 18), dtype=float32)"
1090,[9 3 3 4 0 0 0 4 0 0 4 1 1 0 0 4 5 0 0 0 0 0 0 0 20],"tf.Tensor([ 0.25156718  0.7726232   0.42697674 -0.05807739  0.3366125   4.        ], shape=(6,), dtype=float32)",-10.0,[10 1 0 0 0 0 0 6 3 2 3 3 1 0 0 4 0 0 0 0 0 0 0 0 20],False,"tf.Tensor(
[[ 0.25156718  0.7726232   0.42697674 -0.05807739  0.3366125  29.296705
  28.750906   29.636726   29.132067   30.06283    28.625584   29.16101
  28.505743   28.53399    29.899418   28.825638   29.332726   28.62478   ]], shape=(1, 18), dtype=float32)"
1091,[10 1 0 0 0 0 0 6 3 2 3 3 1 0 0 4 0 0 0 0 0 0 0 0 20],"tf.Tensor([ 0.8829548   0.83244956  0.41392082  0.78896195 -0.30858526  2.        ], shape=(6,), dtype=float32)",0.0,[10 2 0 0 0 0 0 6 2 3 5 2 1 0 0 4 0 0 0 0 0 0 0 0 20],False,"tf.Tensor(
[[ 0.8829548   0.83244956  0.41392082  0.78896195 -0.30858526 27.09512
  26.445799   27.97975    25.443565   26.634552   26.667501   27.614388
  26.35812    26.083403   27.155876   27.259094   27.576056   26.039558  ]], shape=(1, 18), dtype=float32)"
1092,[10 2 0 0 0 0 0 6 2 3 5 2 1 0 0 4 0 0 0 0 0 0 0 0 20],"tf.Tensor([ 0.6968791   0.9115075   0.5102715   0.77167195 -0.15080902  2.        ], shape=(6,), dtype=float32)",0.1,[10 3 2 0 0 0 0 2 0 5 2 2 1 0 0 4 0 0 0 0 0 0 0 0 20],False,"tf.Tensor(
[[ 0.6968791   0.9115075   0.5102715   0.77167195 -0.15080902 28.545757
  27.755716   29.164835   26.776096   27.930714   27.852037   29.087236
  27.819262   27.369944   28.67721    28.525532   29.120214   27.400265  ]], shape=(1, 18), dtype=float32)"
1093,[10 3 2 0 0 0 0 2 0 5 2 2 1 0 0 4 0 0 0 0 0 0 0 0 20],"tf.Tensor([ 0.08356029  0.22757068  0.4313112   0.3363089  -0.50846493  6.        ], shape=(6,), dtype=float32)",0.0,[11 1 0 0 0 0 0 6 5 1 6 1 1 0 0 4 0 0 0 0 0 0 0 0 20],False,"tf.Tensor(
[[ 0.08356029  0.22757068  0.4313112   0.3363089  -0.50846493 26.504389
  26.276169   27.091047   25.604792   27.038357   26.250723   27.624794
  25.661959   25.2835     27.032652   26.863178   26.425718   26.11514   ]], shape=(1, 18), dtype=float32)"
1094,[11 1 0 0 0 0 0 6 5 1 6 1 1 0 0 4 0 0 0 0 0 0 0 0 20],"tf.Tensor([ 0.78044873  0.66478777 -0.18066402  0.745642   -0.16371045  2.        ], shape=(6,), dtype=float32)",0.0,[11 2 0 0 0 0 0 4 2 5 5 1 1 0 0 4 0 0 0 0 0 0 0 0 20],False,"tf.Tensor(
[[ 0.78044873  0.66478777 -0.18066402  0.745642   -0.16371045 28.63663
  27.922182   29.236809   26.660236   27.807346   27.918219   29.090921
  27.563545   27.416117   28.38799    28.777885   28.831541   27.641727  ]], shape=(1, 18), dtype=float32)"
1095,[11 2 0 0 0 0 0 4 2 5 5 1 1 0 0 4 0 0 0 0 0 0 0 0 20],"tf.Tensor([ 0.38011295  0.5728396   0.03866868  0.5545489  -0.45438382  6.        ], shape=(6,), dtype=float32)",0.0,[11 3 0 0 0 0 0 1 3 6 5 5 1 0 0 4 0 0 0 0 0 0 0 0 20],False,"tf.Tensor(
[[ 0.38011295  0.5728396   0.03866868  0.5545489  -0.45438382 28.325438
  27.709217   28.813282   26.533045   27.903887   27.61648    29.249538
  27.370491   27.031504   28.421114   28.64463    28.320892   27.52823   ]], shape=(1, 18), dtype=float32)"
1096,[11 3 0 0 0 0 0 1 3 6 5 5 1 0 0 4 0 0 0 0 0 0 0 0 20],"tf.Tensor([ 0.3235454   1.0563356   0.23905925  0.66530186 -0.11269602 10.        ], shape=(6,), dtype=float32)",0.0,[12 1 0 0 0 0 0 4 5 5 3 4 1 0 0 4 0 0 0 0 0 0 0 0 20],False,"tf.Tensor(
[[ 0.3235454   1.0563356   0.23905925  0.66530186 -0.11269602 29.578712
  29.485561   29.9722     27.508698   28.909863   29.090008   30.310356
  29.592323   29.224188   29.65463    30.627893   29.273905   28.70299   ]], shape=(1, 18), dtype=float32)"
1097,[12 1 0 0 0 0 0 4 5 5 3 4 1 0 0 4 0 0 0 0 0 0 0 0 20],[0 1 0 0 1 5],0.2,[12 2 2 2 0 0 0 5 0 3 5 0 1 0 0 4 0 0 0 0 0 0 0 0 20],False,"tf.Tensor(
[[ 0.43043882  0.67846894 -0.09777923  0.7126221  -0.25404832 29.300116
  29.265926   29.8106     26.900606   28.596767   28.802336   29.868427
  29.217838   28.893152   29.428719   30.28128    29.028908   28.401934  ]], shape=(1, 18), dtype=float32)"
1098,[12 2 2 2 0 0 0 5 0 3 5 0 1 0 0 4 0 0 0 0 0 0 0 0 20],"tf.Tensor([ 0.11934108  0.31006005  0.13610677  0.34871286 -0.30954298  6.        ], shape=(6,), dtype=float32)",0.0,[12 3 2 2 0 0 0 3 0 1 2 0 1 0 0 4 0 0 0 0 0 0 0 0 20],False,"tf.Tensor(
[[ 0.11934108  0.31006005  0.13610677  0.34871286 -0.30954298 29.49241
  28.731308   29.87699    28.292439   29.640337   28.74487    30.40875
  28.079617   27.889742   29.832264   29.26948    29.536491   28.954973  ]], shape=(1, 18), dtype=float32)"
1099,[12 3 2 2 0 0 0 3 0 1 2 0 1 0 0 4 0 0 0 0 0 0 0 0 20],"tf.Tensor([ 0.07658297 -0.438742   -0.1489634  -0.1791268  -0.9168551   6.        ], shape=(6,), dtype=float32)",0.0,[13 1 0 0 0 0 0 3 2 3 3 2 1 0 0 4 0 0 0 0 0 0 0 0 20],False,"tf.Tensor(
[[ 0.07658297 -0.438742   -0.1489634  -0.1791268  -0.9168551  25.986347
  25.389994   26.747015   25.894482   27.0424     25.680172   27.14428
  23.907492   24.118153   26.244125   25.71475    25.394817   26.160227  ]], shape=(1, 18), dtype=float32)"
1100,[13 1 0 0 0 0 0 3 2 3 3 2 1 0 0 4 0 0 0 0 0 0 0 0 20],"tf.Tensor([ 0.3258453   0.04150382 -0.2832337   0.29082137 -0.93415344  6.        ], shape=(6,), dtype=float32)",0.0,[13 2 0 0 0 0 0 6 5 6 1 1 1 0 0 4 0 0 0 0 0 0 0 0 20],False,"tf.Tensor(
[[ 0.3258453   0.04150382 -0.2832337   0.29082137 -0.93415344 26.291256
  25.754206   27.1125     25.035992   26.406294   25.985415   27.565712
  24.725676   24.752058   26.312084   26.526047   25.862947   25.957058  ]], shape=(1, 18), dtype=float32)"
1101,[13 2 0 0 0 0 0 6 5 6 1 1 1 0 0 4 0 0 0 0 0 0 0 0 20],[ 1  1  1  1  0 10],0.4,[13 3 6 5 6 1 0 0 0 0 0 3 1 0 0 4 0 0 0 0 0 0 0 0 20],False,"tf.Tensor(
[[-0.2108447  -0.66689336 -0.5125609   0.40211993 -0.683725   29.29909
  29.839918   29.674519   26.722532   29.143772   28.875597   30.069315
  29.216658   28.52592    29.936316   30.192127   28.583864   29.002306  ]], shape=(1, 18), dtype=float32)"
1102,[13 3 6 5 6 1 0 0 0 0 0 3 1 0 0 4 0 0 0 0 0 0 0 0 20],"tf.Tensor([-0.46217865 -0.23540792 -0.13578553  0.34029096  0.17494348  4.        ], shape=(6,), dtype=float32)",10.0,[14 1 0 0 0 0 0 1 5 1 2 2 1 0 0 4 5 0 0 0 0 0 0 0 20],True,"tf.Tensor(
[[-0.46217865 -0.23540792 -0.13578553  0.34029096  0.17494348 34.797848
  34.466347   34.67588    35.01761    36.29669    35.1586     34.88241
  32.896175   33.60432    35.45449    34.98361    33.1334     35.61484   ]], shape=(1, 18), dtype=float32)"
1103,[1 1 0 0 0 0 0 4 4 3 5 2 0 0 0 0 0 0 0 0 0 0 0 0 0],[1 1 0 0 0 6],0.2,[1 2 4 4 0 0 0 0 0 3 4 3 0 0 0 0 0 0 0 0 0 0 0 0 0],False,"tf.Tensor(
[[ 2.9233367  4.337369   1.1361736  2.7027533  5.4397483 18.51679
  15.646709  17.5578    16.490383  15.473984  17.642773  17.325397
  18.395742  19.694147  16.530352  18.373163  20.059692  16.890635 ]], shape=(1, 18), dtype=float32)"
1104,[1 2 4 4 0 0 0 0 0 3 4 3 0 0 0 0 0 0 0 0 0 0 0 0 0],"tf.Tensor([ 3.2795844  4.577349   1.7657529  2.2078707  4.4870434 10.       ], shape=(6,), dtype=float32)",0.30000000000000004,[1 3 4 4 3 4 3 0 0 0 0 0 0 0 0 0 0 0 0 0 0 0 0 0 0],False,"tf.Tensor(
[[ 3.2795844  4.577349   1.7657529  2.2078707  4.4870434 16.340338
  13.731205  17.417395  15.313973  16.22391   17.259478  17.438423
  18.483738  18.530668  15.740433  18.85298   18.324873  16.761343 ]], shape=(1, 18), dtype=float32)"
1105,[1 3 4 4 3 4 3 0 0 0 0 0 0 0 0 0 0 0 0 0 0 0 0 0 0],"tf.Tensor([ 3.3905935  3.7195954  2.1598802  3.6673295  4.2571173 12.       ], shape=(6,), dtype=float32)",36.0,[2 1 0 0 0 0 0 4 4 3 5 2 0 0 0 0 0 0 0 0 0 0 0 0 18],False,"tf.Tensor(
[[ 3.3905935  3.7195954  2.1598802  3.6673295  4.2571173 21.025204
  17.596575  22.543324  19.707594  20.664757  22.665382  21.809954
  22.219776  21.315956  20.70037   23.38617   22.327015  23.535112 ]], shape=(1, 18), dtype=float32)"
1106,[2 1 0 0 0 0 0 4 4 3 5 2 0 0 0 0 0 0 0 0 0 0 0 0 18],"tf.Tensor([ 1.9492633  2.9252737  1.9525877  1.7151674  2.18447   11.       ], shape=(6,), dtype=float32)",0.5,[2 2 4 2 5 1 6 0 0 0 0 0 0 0 0 0 0 0 0 0 0 0 0 0 18],False,"tf.Tensor(
[[ 1.9492633  2.9252737  1.9525877  1.7151674  2.18447   27.22311
  26.030008  27.1015    26.19328   25.831543  26.316738  26.36756
  27.0893    27.424566  26.202988  27.100285  28.895182  24.970463 ]], shape=(1, 18), dtype=float32)"
1107,[2 2 4 2 5 1 6 0 0 0 0 0 0 0 0 0 0 0 0 0 0 0 0 0 18],"tf.Tensor([ 1.5429583  2.6337814  1.8703316  2.2179937  2.2759633 11.       ], shape=(6,), dtype=float32)",0.0,[2 3 4 2 5 1 6 0 0 0 0 0 0 0 0 0 0 0 0 0 0 0 0 0 18],False,"tf.Tensor(
[[ 1.5429583  2.6337814  1.8703316  2.2179937  2.2759633 32.148487
  30.0602    31.294334  32.03576   31.139217  32.198116  30.644375
  30.01908   32.187798  30.95196   31.292297  32.235138  31.174477 ]], shape=(1, 18), dtype=float32)"
1108,[2 3 4 2 5 1 6 0 0 0 0 0 0 0 0 0 0 0 0 0 0 0 0 0 18],"tf.Tensor([1.4996744 2.5319905 1.8712128 2.1662278 2.277609  5.       ], shape=(6,), dtype=float32)",12.0,[3 1 0 0 0 0 0 4 2 5 1 6 0 0 0 0 0 6 0 0 0 0 0 0 18],False,"tf.Tensor(
[[ 1.4996744  2.5319905  1.8712128  2.1662278  2.277609  32.579853
  30.61574   31.83717   32.51326   31.751297  32.75335   31.194386
  30.65084   32.627876  31.54378   31.823992  32.68228   31.67686  ]], shape=(1, 18), dtype=float32)"
1109,[3 1 0 0 0 0 0 4 2 5 1 6 0 0 0 0 0 6 0 0 0 0 0 0 18],"tf.Tensor([ 1.5135475  1.9825648  2.2800903  1.3221475  1.627145  11.       ], shape=(6,), dtype=float32)",0.5,[3 2 5 1 6 5 6 0 0 0 0 0 0 0 0 0 0 6 0 0 0 0 0 0 18],False,"tf.Tensor(
[[ 1.5135475  1.9825648  2.2800903  1.3221475  1.627145  26.962378
  26.462547  26.94693   25.233538  25.565273  26.124342  26.07812
  27.955883  27.472021  26.509228  26.930462  28.279428  24.666075 ]], shape=(1, 18), dtype=float32)"
1110,[3 2 5 1 6 5 6 0 0 0 0 0 0 0 0 0 0 6 0 0 0 0 0 0 18],"tf.Tensor([1.7997115 2.412684  2.546226  2.744696  2.5945845 5.       ], shape=(6,), dtype=float32)",0.0,[3 3 5 1 6 5 6 0 0 0 0 0 0 0 0 0 0 6 0 0 0 0 0 0 18],False,"tf.Tensor(
[[ 1.7997115  2.412684   2.546226   2.744696   2.5945845 36.5508
  33.783047  36.279346  35.8834    35.411434  37.18987   35.42991
  35.16196   36.164955  35.786095  35.72233   36.884876  36.392998 ]], shape=(1, 18), dtype=float32)"
1111,[3 3 5 1 6 5 6 0 0 0 0 0 0 0 0 0 0 6 0 0 0 0 0 0 18],"tf.Tensor([1.720736  2.2345185 2.5587578 2.6939023 2.5908253 5.       ], shape=(6,), dtype=float32)",12.0,[4 1 0 0 0 0 0 5 1 6 5 6 0 0 0 0 0 12 0 0 0 0 0 0 18],False,"tf.Tensor(
[[ 1.720736   2.2345185  2.5587578  2.6939023  2.5908253 36.916965
  34.32261   36.72544   36.28942   35.976406  37.69774   35.91366
  35.74392   36.494217  36.333214  36.209927  37.24427   36.856762 ]], shape=(1, 18), dtype=float32)"
1112,[4 1 0 0 0 0 0 5 1 6 5 6 0 0 0 0 0 12 0 0 0 0 0 0 18],"tf.Tensor([ 1.5223861  2.0315287  2.4812577  1.3373626  1.6744777 11.       ], shape=(6,), dtype=float32)",0.5,[4 2 6 5 3 2 5 0 0 0 0 0 0 0 0 0 0 12 0 0 0 0 0 0 18],False,"tf.Tensor(
[[ 1.5223861  2.0315287  2.4812577  1.3373626  1.6744777 31.559967
  30.578157  31.389     29.126308  29.435375  30.431496  30.720243
  32.647076  31.821678  30.950382  30.939909  33.074657  28.593977 ]], shape=(1, 18), dtype=float32)"
1113,[4 2 6 5 3 2 5 0 0 0 0 0 0 0 0 0 0 12 0 0 0 0 0 0 18],"tf.Tensor([ 1.1076956  1.4635044  2.2270253  0.9799818  1.962931  11.       ], shape=(6,), dtype=float32)",0.0,[4 3 6 5 3 2 5 0 0 0 0 0 0 0 0 0 0 12 0 0 0 0 0 0 18],False,"tf.Tensor(
[[ 1.1076956  1.4635044  2.2270253  0.9799818  1.962931  35.901123
  34.319183  35.212975  35.84447   35.94025   35.604626  34.896866
  35.659122  34.874454  35.978443  35.092934  36.050636  34.518    ]], shape=(1, 18), dtype=float32)"
1114,[4 3 6 5 3 2 5 0 0 0 0 0 0 0 0 0 0 12 0 0 0 0 0 0 18],"tf.Tensor([1.1369615 1.4616897 2.2589006 1.0134481 2.0206962 9.       ], shape=(6,), dtype=float32)",0.0,[5 1 0 0 0 0 0 6 5 3 2 5 0 0 0 0 0 12 0 0 0 0 0 0 18],False,"tf.Tensor(
[[ 1.1369615  1.4616897  2.2589006  1.0134481  2.0206962 36.474445
  34.97168   35.908463  36.446358  36.66533   36.285038  35.538246
  36.392757  35.402905  36.67974   35.8113    36.651035  35.20061  ]], shape=(1, 18), dtype=float32)"
1115,[5 1 0 0 0 0 0 6 5 3 2 5 0 0 0 0 0 12 0 0 0 0 0 0 18],"tf.Tensor([1.6541276  1.2578384  1.8695427  1.3119066  0.83620524 7.        ], shape=(6,), dtype=float32)",0.4,[5 2 3 6 4 3 0 0 0 0 0 1 0 0 0 0 0 12 0 0 0 0 0 0 18],False,"tf.Tensor(
[[ 1.6541276   1.2578384   1.8695427   1.3119066   0.83620524 30.257029
  29.749693   30.733149   27.437849   28.363533   29.690212   29.222895
  31.475506   30.717016   29.941177   30.284597   31.07932    27.775455  ]], shape=(1, 18), dtype=float32)"
1116,[5 2 3 6 4 3 0 0 0 0 0 1 0 0 0 0 0 12 0 0 0 0 0 0 18],"tf.Tensor([0.8088615  0.95330215 1.7583655  0.84737587 0.96034086 4.        ], shape=(6,), dtype=float32)",0.1,[5 3 3 6 4 3 1 0 0 0 0 0 0 0 0 0 0 12 0 0 0 0 0 0 18],False,"tf.Tensor(
[[ 0.8088615   0.95330215  1.7583655   0.84737587  0.96034086 32.851616
  31.574862   32.894497   32.789204   33.469444   33.0452     32.356922
  32.51657    31.658648   33.227245   32.503983   32.538727   32.45895   ]], shape=(1, 18), dtype=float32)"
1117,[5 3 3 6 4 3 1 0 0 0 0 0 0 0 0 0 0 12 0 0 0 0 0 0 18],"tf.Tensor([0.66600215 0.74478817 1.7367184  0.7462027  1.0360545  4.        ], shape=(6,), dtype=float32)",0.0,[6 1 0 0 0 0 0 3 6 4 3 6 0 0 0 0 0 12 0 0 0 0 0 0 18],False,"tf.Tensor(
[[ 0.66600215  0.74478817  1.7367184   0.7462027   1.0360545  33.833126
  32.60705    33.61795    33.735947   34.346794   33.914936   33.166668
  33.56287    32.53286    34.258884   33.41057    33.32045    33.477184  ]], shape=(1, 18), dtype=float32)"
1118,[6 1 0 0 0 0 0 3 6 4 3 6 0 0 0 0 0 12 0 0 0 0 0 0 18],"tf.Tensor([1.6421789  1.3793064  1.550051   1.1360393  0.82741773 7.        ], shape=(6,), dtype=float32)",0.4,[6 2 4 6 6 4 0 0 0 0 0 2 0 0 0 0 0 12 0 0 0 0 0 0 18],False,"tf.Tensor(
[[ 1.6421789   1.3793064   1.550051    1.1360393   0.82741773 30.503006
  30.179321   30.857445   28.034115   28.631477   30.057116   29.621582
  31.428896   30.965347   29.772366   30.945848   30.924488   28.104042  ]], shape=(1, 18), dtype=float32)"
1119,[6 2 4 6 6 4 0 0 0 0 0 2 0 0 0 0 0 12 0 0 0 0 0 0 18],"tf.Tensor([1.2379177 1.5991718 2.0795448 1.5432152 1.490119  4.       ], shape=(6,), dtype=float32)",0.1,[6 3 4 6 6 4 2 0 0 0 0 0 0 0 0 0 0 12 0 0 0 0 0 0 18],False,"tf.Tensor(
[[ 1.2379177  1.5991718  2.0795448  1.5432152  1.490119  36.362595
  34.51043   37.036633  36.228233  37.25925   37.232246  36.283897
  36.20222   35.26589   36.967945  36.614174  36.132736  36.762466 ]], shape=(1, 18), dtype=float32)"
1120,[6 3 4 6 6 4 2 0 0 0 0 0 0 0 0 0 0 12 0 0 0 0 0 0 18],"tf.Tensor([0.99175787 1.0894884  1.9979355  1.2856907  1.5978298  4.        ], shape=(6,), dtype=float32)",0.0,[7 1 0 0 0 0 0 4 6 6 4 3 0 0 0 0 0 12 0 0 0 0 0 0 18],False,"tf.Tensor(
[[ 0.99175787  1.0894884   1.9979355   1.2856907   1.5978298  37.734062
  35.816307   37.778324   37.59562    38.288456   38.251717   37.221794
  37.35586    36.43755    38.153618   37.510437   37.132538   38.07104   ]], shape=(1, 18), dtype=float32)"
1121,[7 1 0 0 0 0 0 4 6 6 4 3 0 0 0 0 0 12 0 0 0 0 0 0 18],[1 0 0 1 0 0],0.2,[7 2 2 6 0 0 0 0 3 5 0 5 0 0 0 0 0 12 0 0 0 0 0 0 18],False,"tf.Tensor(
[[ 1.4200337  1.1760703  1.3936025  1.2684478  0.6270758 32.410175
  31.855503  32.62271   29.276958  30.24878   31.81622   31.928633
  33.31208   32.664173  31.77753   32.810005  32.79141   30.086452 ]], shape=(1, 18), dtype=float32)"
1122,[7 2 2 6 0 0 0 0 3 5 0 5 0 0 0 0 0 12 0 0 0 0 0 0 18],"tf.Tensor([1.1113572  0.9443437  1.3014959  0.35184196 1.0012977  7.        ], shape=(6,), dtype=float32)",0.30000000000000004,[7 3 2 6 3 5 5 0 0 0 0 0 0 0 0 0 0 12 0 0 0 0 0 0 18],False,"tf.Tensor(
[[ 1.1113572   0.9443437   1.3014959   0.35184196  1.0012977  32.279934
  32.403996   32.193085   31.030508   31.867413   31.793905   31.620924
  33.256573   32.374634   32.05292    32.765793   32.07702    30.417849  ]], shape=(1, 18), dtype=float32)"
1123,[7 3 2 6 3 5 5 0 0 0 0 0 0 0 0 0 0 12 0 0 0 0 0 0 18],"tf.Tensor([0.8335588  0.50189245 1.4164784  0.5933279  0.8880364  0.        ], shape=(6,), dtype=float32)",0.0,[8 1 0 0 0 0 0 2 2 6 6 1 0 0 0 0 0 12 0 0 0 0 0 0 18],False,"tf.Tensor(
[[ 0.8335588   0.50189245  1.4164784   0.5933279   0.8880364  36.31466
  34.89148    35.62905    35.525394   35.74641    35.918797   35.02358
  35.584743   35.16152    36.10736    35.47037    35.04563    35.577732  ]], shape=(1, 18), dtype=float32)"
1124,[8 1 0 0 0 0 0 2 2 6 6 1 0 0 0 0 0 12 0 0 0 0 0 0 18],"tf.Tensor([ 1.5143604   1.0489576   1.2648988   0.75210655  0.3038175  11.        ], shape=(6,), dtype=float32)",0.30000000000000004,[8 2 5 1 3 0 0 0 0 0 1 1 0 0 0 0 0 12 0 0 0 0 0 0 18],False,"tf.Tensor(
[[ 1.5143604   1.0489576   1.2648988   0.75210655  0.3038175  29.809156
  28.50558    29.956877   27.705194   28.011345   28.76022    30.08985
  29.47879    28.7825     28.922293   29.391731   30.392895   27.478947  ]], shape=(1, 18), dtype=float32)"
1125,[8 2 5 1 3 0 0 0 0 0 1 1 0 0 0 0 0 12 0 0 0 0 0 0 18],[ 0  1  0  1  1 10],0.2,[8 3 5 1 3 1 1 0 0 0 0 0 0 0 0 0 0 12 0 0 0 0 0 0 18],False,"tf.Tensor(
[[ 0.49414775 -0.09670542  1.1543491   0.16910246  0.15126966 27.808973
  27.308325   28.280258   27.955889   28.649368   28.08009    28.691515
  27.163181   26.173368   28.228565   27.571314   27.889725   26.961563  ]], shape=(1, 18), dtype=float32)"
1126,[8 3 5 1 3 1 1 0 0 0 0 0 0 0 0 0 0 12 0 0 0 0 0 0 18],"tf.Tensor([ 0.17635438 -0.4903866   1.1881605   0.0819408   0.15512334  4.        ], shape=(6,), dtype=float32)",10.0,[9 1 0 0 0 0 0 5 1 3 5 1 0 0 0 0 5 12 0 0 0 0 0 0 18],False,"tf.Tensor(
[[ 0.17635438 -0.4903866   1.1881605   0.0819408   0.15512334 29.082308
  28.71527    29.149792   29.174826   29.818432   29.254753   29.526714
  28.39561    27.46774    29.603598   28.563217   28.752422   28.44056   ]], shape=(1, 18), dtype=float32)"
1127,[9 1 0 0 0 0 0 5 1 3 5 1 0 0 0 0 5 12 0 0 0 0 0 0 18],"tf.Tensor([ 0.9637481   0.31319654  1.1574496   0.4568644  -0.06502093  2.        ], shape=(6,), dtype=float32)",0.2,[9 2 6 4 0 0 0 0 6 0 6 1 0 0 0 0 5 12 0 0 0 0 0 0 18],False,"tf.Tensor(
[[ 0.9637481   0.31319654  1.1574496   0.4568644  -0.06502093 28.335129
  27.539248   28.92       26.150612   27.164448   27.781286   28.777489
  28.464746   27.612413   28.20564    27.652382   28.817362   26.479351  ]], shape=(1, 18), dtype=float32)"
1128,[9 2 6 4 0 0 0 0 6 0 6 1 0 0 0 0 5 12 0 0 0 0 0 0 18],"tf.Tensor([0.5944946  0.14603926 0.50105035 0.0839465  1.3398211  7.        ], shape=(6,), dtype=float32)",0.1,[9 3 6 4 1 0 0 0 5 0 1 0 0 0 0 0 5 12 0 0 0 0 0 0 18],False,"tf.Tensor(
[[ 0.5944946   0.14603926  0.50105035  0.0839465   1.3398211  34.256447
  34.570034   33.773487   33.22585    34.227108   33.71683    33.661694
  34.85517    33.692238   34.18389    34.452282   33.741314   32.72252   ]], shape=(1, 18), dtype=float32)"
1129,[9 3 6 4 1 0 0 0 5 0 1 0 0 0 0 0 5 12 0 0 0 0 0 0 18],"tf.Tensor([ 0.10743114 -0.78149235  0.32279265 -0.32454094  0.6476377   4.        ], shape=(6,), dtype=float32)",-10.0,[10 1 0 0 0 0 0 6 6 4 5 1 0 0 0 0 0 12 0 0 0 0 0 0 18],False,"tf.Tensor(
[[ 0.10743114 -0.78149235  0.32279265 -0.32454094  0.6476377  32.27629
  32.93621    31.917797   31.86266    33.432148   32.046444   31.79836
  32.65292    31.357958   32.87869    32.454105   31.045025   31.480314  ]], shape=(1, 18), dtype=float32)"
1130,[10 1 0 0 0 0 0 6 6 4 5 1 0 0 0 0 0 12 0 0 0 0 0 0 18],[1 0 1 0 1 4],0.30000000000000004,[10 2 5 2 2 0 0 0 1 0 1 0 0 0 0 0 0 12 0 0 0 0 0 0 18],False,"tf.Tensor(
[[ 1.1219089   0.17719962  0.7454649   1.0990927  -0.161433   32.49686
  32.228016   33.053493   28.612755   30.241253   31.936468   32.296593
  33.155125   32.769142   32.085224   32.577152   32.50184    30.390553  ]], shape=(1, 18), dtype=float32)"
1131,[10 2 5 2 2 0 0 0 1 0 1 0 0 0 0 0 0 12 0 0 0 0 0 0 18],"tf.Tensor([ 0.14088997 -1.0204971   0.45457482 -0.4829137  -0.2188467   4.        ], shape=(6,), dtype=float32)",0.0,[10 3 5 2 2 0 0 0 5 0 3 0 0 0 0 0 0 12 0 0 0 0 0 0 18],False,"tf.Tensor(
[[ 0.14088997 -1.0204971   0.45457482 -0.4829137  -0.2188467  27.957796
  28.05233    28.288328   27.967625   29.064041   27.931812   28.980225
  27.283863   26.20424    28.429865   27.765001   27.390745   27.164974  ]], shape=(1, 18), dtype=float32)"
1132,[10 3 5 2 2 0 0 0 5 0 3 0 0 0 0 0 0 12 0 0 0 0 0 0 18],"tf.Tensor([ 0.25440642 -0.9353261   0.22552179 -0.11900851  0.08349799  1.        ], shape=(6,), dtype=float32)",8.0,[11 1 0 0 0 0 0 5 4 2 4 2 0 4 0 0 0 12 0 0 0 0 0 0 18],False,"tf.Tensor(
[[ 0.25440642 -0.9353261   0.22552179 -0.11900851  0.08349799 31.231771
  31.822435   31.406605   30.389204   31.780827   31.29216    31.537691
  31.169136   30.220217   31.547115   31.586714   30.292862   30.32364   ]], shape=(1, 18), dtype=float32)"
1133,[11 1 0 0 0 0 0 5 4 2 4 2 0 4 0 0 0 12 0 0 0 0 0 0 18],"tf.Tensor([ 1.2055906   0.08775057  0.86608154  0.98977506 -1.098835    2.        ], shape=(6,), dtype=float32)",0.2,[11 2 1 5 0 0 0 0 4 5 0 6 0 4 0 0 0 12 0 0 0 0 0 0 18],False,"tf.Tensor(
[[ 1.2055906   0.08775057  0.86608154  0.98977506 -1.098835   29.278814
  28.92428    31.022448   26.0325     27.799934   29.764708   30.358068
  29.581821   29.514112   29.096022   29.582794   29.441568   27.708149  ]], shape=(1, 18), dtype=float32)"
1134,[11 2 1 5 0 0 0 0 4 5 0 6 0 4 0 0 0 12 0 0 0 0 0 0 18],"tf.Tensor([ 0.9487848   0.11659993  0.907751    0.162954   -0.40381205  2.        ], shape=(6,), dtype=float32)",0.1,[11 3 1 5 5 0 0 0 2 0 0 2 0 4 0 0 0 12 0 0 0 0 0 0 18],False,"tf.Tensor(
[[ 0.9487848   0.11659993  0.907751    0.162954   -0.40381205 31.67146
  32.51102    32.643963   30.05113    31.377647   32.230778   32.085625
  32.35082    32.34456    31.607737   32.550415   31.024075   30.106062  ]], shape=(1, 18), dtype=float32)"
1135,[11 3 1 5 5 0 0 0 2 0 0 2 0 4 0 0 0 12 0 0 0 0 0 0 18],"tf.Tensor([ 0.78981733 -0.31974244 -0.01877357  0.2013655  -0.889202    2.        ], shape=(6,), dtype=float32)",0.0,[12 1 0 0 0 0 0 1 6 6 5 1 0 4 0 0 0 12 0 0 0 0 0 0 18],False,"tf.Tensor(
[[ 7.8981733e-01 -3.1974244e-01 -1.8773571e-02  2.0136550e-01
  -8.8920200e-01  3.1197340e+01  3.0959051e+01  3.2521324e+01
   3.0477848e+01  3.2132576e+01  3.2384014e+01  3.2265800e+01
   3.0379305e+01  3.0353220e+01  3.1387705e+01  3.1869083e+01
   2.9974634e+01  3.0742767e+01]], shape=(1, 18), dtype=float32)"
1136,[12 1 0 0 0 0 0 1 6 6 5 1 0 4 0 0 0 12 0 0 0 0 0 0 18],"tf.Tensor([ 1.2660544   0.03311123  0.4913113   0.6335701  -0.79529285  6.        ], shape=(6,), dtype=float32)",0.1,[12 2 3 0 0 0 0 0 4 3 6 1 0 4 0 0 0 12 0 0 0 0 0 0 18],False,"tf.Tensor(
[[ 1.2660544   0.03311123  0.4913113   0.6335701  -0.79529285 31.139038
  30.95332    32.01191    28.334875   29.451958   31.24228    32.042282
  30.989033   31.292017   30.32434    31.580263   30.651358   29.303953  ]], shape=(1, 18), dtype=float32)"
1137,[12 2 3 0 0 0 0 0 4 3 6 1 0 4 0 0 0 12 0 0 0 0 0 0 18],"tf.Tensor([ 0.79977024 -0.10087882  0.7262285   0.17939761 -0.80471456  6.        ], shape=(6,), dtype=float32)",0.0,[12 3 3 0 0 0 0 0 6 2 1 6 0 4 0 0 0 12 0 0 0 0 0 0 18],False,"tf.Tensor(
[[ 0.79977024 -0.10087882  0.7262285   0.17939761 -0.80471456 30.688244
  30.728783   31.677431   28.797146   29.745358   30.88703    31.928598
  30.452845   30.34017    30.418875   30.96118    30.430372   28.897726  ]], shape=(1, 18), dtype=float32)"
1138,[12 3 3 0 0 0 0 0 6 2 1 6 0 4 0 0 0 12 0 0 0 0 0 0 18],"tf.Tensor([ 0.81773615 -0.3277917   0.83625567  0.52049077 -0.8212322   2.        ], shape=(6,), dtype=float32)",6.0,[13 1 0 0 0 0 0 3 4 1 1 3 0 4 3 0 0 12 0 0 0 0 0 0 18],False,"tf.Tensor(
[[ 0.81773615 -0.3277917   0.83625567  0.52049077 -0.8212322  30.528225
  31.30309    31.839674   28.248737   29.923752   31.40591    31.13931
  31.15369    31.28641    30.60542    31.438622   29.743319   29.197159  ]], shape=(1, 18), dtype=float32)"
1139,[13 1 0 0 0 0 0 3 4 1 1 3 0 4 3 0 0 12 0 0 0 0 0 0 18],"tf.Tensor([ 1.0014768 -0.4208001 -0.00666    0.6125978 -1.18869    2.       ], shape=(6,), dtype=float32)",0.1,[13 2 4 0 0 0 0 0 5 3 1 5 0 4 3 0 0 12 0 0 0 0 0 0 18],False,"tf.Tensor(
[[ 1.0014768e+00 -4.2080009e-01 -6.6599995e-03  6.1259782e-01
  -1.1886899e+00  2.6364262e+01  2.6738020e+01  2.8861420e+01
   2.3588226e+01  2.6011333e+01  2.7609537e+01  2.8326870e+01
   2.6573566e+01  2.7130690e+01  2.6404934e+01  2.7061325e+01
   2.6129692e+01  2.5840574e+01]], shape=(1, 18), dtype=float32)"
1140,[13 2 4 0 0 0 0 0 5 3 1 5 0 4 3 0 0 12 0 0 0 0 0 0 18],[0 1 1 1 1 8],0.4,[13 3 4 5 3 1 5 0 0 0 0 0 0 4 3 0 0 12 0 0 0 0 0 0 18],False,"tf.Tensor(
[[ 0.63527703 -0.18761168  0.29567802  0.09844401 -0.8611903  30.129322
  31.027716   31.333727   27.538828   29.316933   30.410301   30.669615
  30.715343   31.08927    30.253763   30.713839   29.282583   28.669945  ]], shape=(1, 18), dtype=float32)"
1141,[13 3 4 5 3 1 5 0 0 0 0 0 0 4 3 0 0 12 0 0 0 0 0 0 18],"tf.Tensor([ 0.13691995 -0.6951654  -0.10473622 -0.8863455  -0.58284926  9.        ], shape=(6,), dtype=float32)",0.0,[14 1 0 0 0 0 0 4 4 2 2 1 0 4 3 0 0 12 0 0 0 0 0 0 18],True,"tf.Tensor(
[[ 0.13691995 -0.6951654  -0.10473622 -0.8863455  -0.58284926 34.263016
  33.88228    34.149002   33.13826    34.011814   33.703266   34.209732
  33.221027   33.625713   34.27109    33.31791    32.333065   33.180958  ]], shape=(1, 18), dtype=float32)"
1142,[1 1 0 0 0 0 0 5 4 2 5 1 0 0 0 0 0 0 0 0 0 0 0 0 0],"tf.Tensor([ 2.6376994  4.139207   0.9208467  2.9458623  5.441048  11.       ], shape=(6,), dtype=float32)",0.5,[1 2 5 4 2 5 1 0 0 0 0 0 0 0 0 0 0 0 0 0 0 0 0 0 0],False,"tf.Tensor(
[[ 2.6376994  4.139207   0.9208467  2.9458623  5.441048  18.707508
  15.887791  17.702034  16.749365  15.521543  17.897602  17.10694
  18.010984  19.564999  16.697447  17.925669  20.203987  16.892551 ]], shape=(1, 18), dtype=float32)"
1143,[1 2 5 4 2 5 1 0 0 0 0 0 0 0 0 0 0 0 0 0 0 0 0 0 0],"tf.Tensor([ 3.2286317  3.6123085  2.17977    3.8062897  4.2176356 12.       ], shape=(6,), dtype=float32)",0.0,[1 3 5 4 2 5 1 0 0 0 0 0 0 0 0 0 0 0 0 0 0 0 0 0 0],False,"tf.Tensor(
[[ 3.2286317  3.6123085  2.17977    3.8062897  4.2176356 20.134384
  16.856857  21.745237  19.063444  19.967932  21.950994  21.14481
  21.137264  20.342405  19.929358  22.425346  21.784166  22.693726 ]], shape=(1, 18), dtype=float32)"
1144,[1 3 5 4 2 5 1 0 0 0 0 0 0 0 0 0 0 0 0 0 0 0 0 0 0],"tf.Tensor([ 3.2414181  3.5830295  2.1902082  3.7964673  4.2460303 12.       ], shape=(6,), dtype=float32)",34.0,[2 1 0 0 0 0 0 5 4 2 5 1 0 0 0 0 0 0 0 0 0 0 0 0 17],False,"tf.Tensor(
[[ 3.2414181  3.5830295  2.1902082  3.7964673  4.2460303 20.807657
  17.519146  22.39445   19.850315  20.693647  22.613104  21.746408
  21.737942  20.91263   20.608051  23.012043  22.458008  23.289398 ]], shape=(1, 18), dtype=float32)"
1145,[2 1 0 0 0 0 0 5 4 2 5 1 0 0 0 0 0 0 0 0 0 0 0 0 17],"tf.Tensor([ 1.9022961  2.753799   1.8069316  1.6644766  2.146938  11.       ], shape=(6,), dtype=float32)",0.5,[2 2 5 1 6 2 3 0 0 0 0 0 0 0 0 0 0 0 0 0 0 0 0 0 17],False,"tf.Tensor(
[[ 1.9022961  2.753799   1.8069316  1.6644766  2.146938  26.116417
  24.850895  26.007526  25.134363  24.777327  25.216627  25.271708
  25.84991   26.132048  25.175098  25.765966  27.824574  23.927443 ]], shape=(1, 18), dtype=float32)"
1146,[2 2 5 1 6 2 3 0 0 0 0 0 0 0 0 0 0 0 0 0 0 0 0 0 17],"tf.Tensor([1.2330936 2.3207445 2.007858  2.380332  2.3225331 5.       ], shape=(6,), dtype=float32)",0.0,[2 3 5 1 6 2 3 0 0 0 0 0 0 0 0 0 0 0 0 0 0 0 0 0 17],False,"tf.Tensor(
[[ 1.2330936  2.3207445  2.007858   2.380332   2.3225331 30.6432
  28.68432   30.254837  30.935345  30.44559   31.342886  29.745222
  28.743555  30.576792  30.004433  29.967339  31.112535  30.475294 ]], shape=(1, 18), dtype=float32)"
1147,[2 3 5 1 6 2 3 0 0 0 0 0 0 0 0 0 0 0 0 0 0 0 0 0 17],"tf.Tensor([1.2122508 2.2347713 2.0352993 2.3593884 2.3448482 5.       ], shape=(6,), dtype=float32)",12.0,[3 1 0 0 0 0 0 5 1 6 2 3 0 0 0 0 0 6 0 0 0 0 0 0 17],False,"tf.Tensor(
[[ 1.2122508  2.2347713  2.0352993  2.3593884  2.3448482 31.07209
  29.225065  30.82509   31.398575  31.059008  31.917376  30.319918
  29.404018  30.994226  30.60689   30.551973  31.560778  31.027288 ]], shape=(1, 18), dtype=float32)"
1148,[3 1 0 0 0 0 0 5 1 6 2 3 0 0 0 0 0 6 0 0 0 0 0 0 17],"tf.Tensor([ 1.3524998  1.8989766  2.2347271  1.4387424  1.6257323 11.       ], shape=(6,), dtype=float32)",0.5,[3 2 6 3 5 6 5 0 0 0 0 0 0 0 0 0 0 6 0 0 0 0 0 0 17],False,"tf.Tensor(
[[ 1.3524998  1.8989766  2.2347271  1.4387424  1.6257323 26.820759
  25.99322   26.693409  24.97892   25.353708  25.89681   26.213846
  27.604836  26.972301  26.463444  26.398966  28.457361  24.614445 ]], shape=(1, 18), dtype=float32)"
1149,[3 2 6 3 5 6 5 0 0 0 0 0 0 0 0 0 0 6 0 0 0 0 0 0 17],"tf.Tensor([1.9787471 2.7341151 2.7138994 2.7939239 3.2421787 5.       ], shape=(6,), dtype=float32)",0.0,[3 3 6 3 5 6 5 0 0 0 0 0 0 0 0 0 0 6 0 0 0 0 0 0 17],False,"tf.Tensor(
[[ 1.9787471  2.7341151  2.7138994  2.7939239  3.2421787 37.61619
  34.73419   37.645866  37.13723   37.005695  38.3115    36.746685
  36.854332  37.27686   37.163822  37.131393  38.24611   37.855457 ]], shape=(1, 18), dtype=float32)"
1150,[3 3 6 3 5 6 5 0 0 0 0 0 0 0 0 0 0 6 0 0 0 0 0 0 17],"tf.Tensor([1.8997729 2.5559497 2.726431  2.7431285 3.238418  5.       ], shape=(6,), dtype=float32)",12.0,[4 1 0 0 0 0 0 6 3 5 6 5 0 0 0 0 0 12 0 0 0 0 0 0 17],False,"tf.Tensor(
[[ 1.8997729  2.5559497  2.726431   2.7431285  3.238418  37.982365
  35.273754  38.091965  37.54326   37.57067   38.81938   37.230434
  37.43629   37.606117  37.710945  37.619     38.60551   38.319233 ]], shape=(1, 18), dtype=float32)"
1151,[4 1 0 0 0 0 0 6 3 5 6 5 0 0 0 0 0 12 0 0 0 0 0 0 17],"tf.Tensor([ 1.6278747  2.2077513  2.2195544  1.4036983  1.8034234 11.       ], shape=(6,), dtype=float32)",0.5,[4 2 6 1 4 5 5 0 0 0 0 0 0 0 0 0 0 12 0 0 0 0 0 0 17],False,"tf.Tensor(
[[ 1.6278747  2.2077513  2.2195544  1.4036983  1.8034234 32.369316
  31.207016  32.13289   29.666346  29.937603  31.227608  31.225412
  33.34307   32.719143  31.669073  31.631184  33.61625   29.143726 ]], shape=(1, 18), dtype=float32)"
1152,[4 2 6 1 4 5 5 0 0 0 0 0 0 0 0 0 0 12 0 0 0 0 0 0 17],"tf.Tensor([ 1.3904569  1.6014422  2.613433   1.8010881  2.0061233 11.       ], shape=(6,), dtype=float32)",0.0,[4 3 6 1 4 5 5 0 0 0 0 0 0 0 0 0 0 12 0 0 0 0 0 0 17],False,"tf.Tensor(
[[ 1.3904569  1.6014422  2.613433   1.8010881  2.0061233 34.75728
  32.608284  34.64453   34.333023  34.246662  35.12826   34.02108
  34.295757  33.845936  34.71497   33.870697  35.262367  34.18684  ]], shape=(1, 18), dtype=float32)"
1153,[4 3 6 1 4 5 5 0 0 0 0 0 0 0 0 0 0 12 0 0 0 0 0 0 17],[1 1 1 1 0 9],0.0,[5 1 0 0 0 0 0 6 1 4 5 5 0 0 0 0 0 12 0 0 0 0 0 0 17],False,"tf.Tensor(
[[ 1.3499207  1.4919616  2.6296902  1.7880211  2.015952  35.22754
  33.22075   35.18469   34.870186  34.91853   35.70507   34.53384
  34.895008  34.25365   35.33423   34.44884   35.725197  34.756622 ]], shape=(1, 18), dtype=float32)"
1154,[5 1 0 0 0 0 0 6 1 4 5 5 0 0 0 0 0 12 0 0 0 0 0 0 17],"tf.Tensor([ 1.4596425  1.7713239  2.0307214  1.0411596  1.2622535 11.       ], shape=(6,), dtype=float32)",0.5,[5 2 6 5 2 2 3 0 0 0 0 0 0 0 0 0 0 12 0 0 0 0 0 0 17],False,"tf.Tensor(
[[ 1.4596425  1.7713239  2.0307214  1.0411596  1.2622535 29.922548
  28.84593   29.923819  27.522223  27.834564  28.804031  29.158182
  30.60323   29.94761   29.401463  28.947273  31.140955  26.823465 ]], shape=(1, 18), dtype=float32)"
1155,[5 2 6 5 2 2 3 0 0 0 0 0 0 0 0 0 0 12 0 0 0 0 0 0 17],"tf.Tensor([0.68025124 0.9594147  1.900201   0.42214608 1.4914216  4.        ], shape=(6,), dtype=float32)",0.0,[5 3 6 5 2 2 3 0 0 0 0 0 0 0 0 0 0 12 0 0 0 0 0 0 17],False,"tf.Tensor(
[[ 0.68025124  0.9594147   1.900201    0.42214608  1.4914216  32.932632
  31.924067   32.366333   33.222473   33.511833   32.57962    32.220375
  32.802696   31.80198    33.33464    32.174023   33.02158    31.625883  ]], shape=(1, 18), dtype=float32)"
1156,[5 3 6 5 2 2 3 0 0 0 0 0 0 0 0 0 0 12 0 0 0 0 0 0 17],"tf.Tensor([0.7088518  0.9580983  1.9288388  0.45759773 1.5488552  4.        ], shape=(6,), dtype=float32)",10.0,[6 1 0 0 0 0 0 6 5 2 2 3 0 0 0 0 5 12 0 0 0 0 0 0 17],False,"tf.Tensor(
[[ 0.7088518   0.9580983   1.9288388   0.45759773  1.5488552  33.505386
  32.582127   33.060364   33.82179    34.24203    33.262775   32.863647
  33.536434   32.32231    34.039894   32.896954   33.62112    32.30381   ]], shape=(1, 18), dtype=float32)"
1157,[6 1 0 0 0 0 0 6 5 2 2 3 0 0 0 0 5 12 0 0 0 0 0 0 17],"tf.Tensor([1.382483  0.9307349 1.237552  1.0458131 0.8835123 7.       ], shape=(6,), dtype=float32)",0.4,[6 2 1 3 6 2 0 0 0 0 0 1 0 0 0 0 5 12 0 0 0 0 0 0 17],False,"tf.Tensor(
[[ 1.382483   0.9307349  1.237552   1.0458131  0.8835123 28.511478
  27.829752  28.775032  25.904476  26.903128  27.98764   27.343935
  29.510035  28.610233  28.242283  28.145102  28.834097  26.521126 ]], shape=(1, 18), dtype=float32)"
1158,[6 2 1 3 6 2 0 0 0 0 0 1 0 0 0 0 5 12 0 0 0 0 0 0 17],"tf.Tensor([0.8753376  0.3024923  1.2130458  0.78737044 0.09891362 5.        ], shape=(6,), dtype=float32)",0.0,[6 3 1 3 6 2 0 0 0 0 0 5 0 0 0 0 5 12 0 0 0 0 0 0 17],False,"tf.Tensor(
[[ 0.8753376   0.3024923   1.2130458   0.78737044  0.09891362 29.116287
  27.579279   29.511946   28.8422     29.415287   29.691866   28.70142
  28.122164   27.98145    29.151527   28.600552   28.11845    29.287651  ]], shape=(1, 18), dtype=float32)"
1159,[6 3 1 3 6 2 0 0 0 0 0 5 0 0 0 0 5 12 0 0 0 0 0 0 17],"tf.Tensor([1.2275157  0.94902503 1.5640681  1.2784365  0.22332378 5.        ], shape=(6,), dtype=float32)",-12.0,[7 1 0 0 0 0 0 1 3 6 2 2 0 0 0 0 5 6 0 0 0 0 0 0 17],False,"tf.Tensor(
[[ 1.2275157   0.94902503  1.5640681   1.2784365   0.22332378 30.176764
  29.055878   31.24194    29.440157   30.6078     31.372276   30.049503
  30.178473   29.591253   30.62229    30.649742   29.438189   30.271223  ]], shape=(1, 18), dtype=float32)"
1160,[7 1 0 0 0 0 0 1 3 6 2 2 0 0 0 0 5 6 0 0 0 0 0 0 17],"tf.Tensor([ 1.1356719   1.1129014   0.76213384  0.5174092   0.65299815 10.        ], shape=(6,), dtype=float32)",0.2,[7 2 4 2 0 0 0 0 0 1 5 3 0 0 0 0 5 6 0 0 0 0 0 0 17],False,"tf.Tensor(
[[ 1.1356719   1.1129014   0.76213384  0.5174092   0.65299815 25.94058
  25.185766   25.603266   24.654657   24.996435   25.196997   25.712141
  25.746574   25.597214   25.17401    25.977648   25.727402   24.244246  ]], shape=(1, 18), dtype=float32)"
1161,[7 2 4 2 0 0 0 0 0 1 5 3 0 0 0 0 5 6 0 0 0 0 0 0 17],[0 0 1 1 0 9],0.2,[7 3 4 2 1 5 0 0 0 0 0 4 0 0 0 0 5 6 0 0 0 0 0 0 17],False,"tf.Tensor(
[[ 0.8034915   1.4866925   1.3857305   0.31920457  0.9218586  27.04079
  26.60345    27.148884   26.962645   27.021702   26.792597   27.200998
  26.949907   26.65911    26.993837   27.02054    27.419628   25.43352   ]], shape=(1, 18), dtype=float32)"
1162,[7 3 4 2 1 5 0 0 0 0 0 4 0 0 0 0 5 6 0 0 0 0 0 0 17],"tf.Tensor([0.5492277  0.49123648 1.4358487  0.6755142  0.6699013  5.        ], shape=(6,), dtype=float32)",-12.0,[8 1 0 0 0 0 0 4 2 2 6 4 0 0 0 0 5 0 0 0 0 0 0 0 17],False,"tf.Tensor(
[[ 0.5492277   0.49123648  1.4358487   0.6755142   0.6699013  28.26588
  28.140686   28.80406    28.246542   29.04765    29.086634   28.166454
  28.085476   28.237097   28.768837   28.084301   28.071005   27.902351  ]], shape=(1, 18), dtype=float32)"
1163,[8 1 0 0 0 0 0 4 2 2 6 4 0 0 0 0 5 0 0 0 0 0 0 0 17],"tf.Tensor([ 1.0943427  2.0212445  1.2415715  0.7568027  1.1246207 11.       ], shape=(6,), dtype=float32)",0.4,[8 2 6 4 4 2 0 0 0 0 3 0 0 0 0 0 5 0 0 0 0 0 0 0 17],False,"tf.Tensor(
[[ 1.0943427  2.0212445  1.2415715  0.7568027  1.1246207 27.096098
  26.531296  26.757917  25.94236   25.491682  26.172825  26.485613
  26.61328   27.265402  26.33816   26.753702  27.593382  24.84424  ]], shape=(1, 18), dtype=float32)"
1164,[8 2 6 4 4 2 0 0 0 0 3 0 0 0 0 0 5 0 0 0 0 0 0 0 17],"tf.Tensor([0.38179955 1.2122545  0.7528194  0.8480803  1.9237423  4.        ], shape=(6,), dtype=float32)",0.0,[8 3 6 4 4 2 0 0 0 0 1 0 0 0 0 0 5 0 0 0 0 0 0 0 17],False,"tf.Tensor(
[[ 0.38179955  1.2122545   0.7528194   0.8480803   1.9237423  32.36277
  31.407772   31.810764   33.028625   33.07747    32.515232   31.819654
  30.728182   32.108757   32.20202    31.860037   31.949778   32.25917   ]], shape=(1, 18), dtype=float32)"
1165,[8 3 6 4 4 2 0 0 0 0 1 0 0 0 0 0 5 0 0 0 0 0 0 0 17],[0 0 0 1 0 9],0.0,[9 1 0 0 0 0 0 6 4 4 5 2 0 0 0 0 5 0 0 0 0 0 0 0 17],False,"tf.Tensor(
[[ 0.21363339  0.8002664   0.8122654   0.6031495   1.6673529  31.70102
  31.090757   31.347536   32.631477   32.98832    32.177773   31.43371
  30.344131   31.551355   31.936508   31.39609    31.12805    31.910778  ]], shape=(1, 18), dtype=float32)"
1166,[9 1 0 0 0 0 0 6 4 4 5 2 0 0 0 0 5 0 0 0 0 0 0 0 17],"tf.Tensor([0.86614585 1.5937088  0.7615619  0.9897671  1.4446788  8.        ], shape=(6,), dtype=float32)",0.30000000000000004,[9 2 6 3 5 0 0 4 0 6 0 0 0 0 0 0 5 0 0 0 0 0 0 0 17],False,"tf.Tensor(
[[ 0.86614585  1.5937088   0.7615619   0.9897671   1.4446788  29.709696
  29.047308   28.718601   27.589632   27.625713   28.443274   28.583246
  29.465673   29.854883   28.92524    29.35582    29.80754    27.650507  ]], shape=(1, 18), dtype=float32)"
1167,[9 2 6 3 5 0 0 4 0 6 0 0 0 0 0 0 5 0 0 0 0 0 0 0 17],"tf.Tensor([0.22976187 1.062396   0.8167745  1.2145411  2.433164   4.        ], shape=(6,), dtype=float32)",0.0,[9 3 6 3 5 0 0 2 0 4 0 0 0 0 0 0 5 0 0 0 0 0 0 0 17],False,"tf.Tensor(
[[ 0.22976187  1.062396    0.8167745   1.2145411   2.433164   35.761745
  34.986637   34.78935    35.105984   36.087955   35.496166   34.961693
  34.981884   35.88688    35.977215   35.35546    35.747894   35.204037  ]], shape=(1, 18), dtype=float32)"
1168,[9 3 6 3 5 0 0 2 0 4 0 0 0 0 0 0 5 0 0 0 0 0 0 0 17],[0 1 1 0 1 3],8.0,[10 1 0 0 0 0 0 3 6 4 3 5 0 0 0 4 5 0 0 0 0 0 0 0 17],False,"tf.Tensor(
[[ 0.04347637  0.65182805  0.6516378   0.75158995  1.9106076  33.70469
  33.32032    32.996773   33.791443   34.655262   33.836033   33.376163
  32.7719     33.60737    34.101776   33.556564   33.29371    33.43827   ]], shape=(1, 18), dtype=float32)"
1169,[10 1 0 0 0 0 0 3 6 4 3 5 0 0 0 4 5 0 0 0 0 0 0 0 17],"tf.Tensor([ 0.42575243  0.8336346  -0.20660302  0.53096676  0.332902   10.        ], shape=(6,), dtype=float32)",0.0,[10 2 0 0 0 0 0 5 5 3 3 5 0 0 0 4 5 0 0 0 0 0 0 0 17],False,"tf.Tensor(
[[ 0.42575243  0.8336346  -0.20660302  0.53096676  0.332902   26.547848
  26.864779   26.65177    24.260597   25.63558    26.059414   26.194574
  27.185205   26.945768   26.65199    27.455366   26.031      25.44978   ]], shape=(1, 18), dtype=float32)"
1170,[10 2 0 0 0 0 0 5 5 3 3 5 0 0 0 4 5 0 0 0 0 0 0 0 17],"tf.Tensor([ 0.3605533   0.687407   -0.01422736  0.47326255  0.34102112  7.        ], shape=(6,), dtype=float32)",0.0,[10 3 0 0 0 0 0 6 6 4 2 6 0 0 0 4 5 0 0 0 0 0 0 0 17],False,"tf.Tensor(
[[ 3.60553294e-01  6.87407017e-01 -1.42273605e-02  4.73262548e-01
   3.41021121e-01  2.69160461e+01  2.71547546e+01  2.69402332e+01
   2.45840111e+01  2.58910408e+01  2.63222847e+01  2.64031124e+01
   2.75524178e+01  2.71083775e+01  2.71177444e+01  2.74566612e+01
   2.65271206e+01  2.57260342e+01]], shape=(1, 18), dtype=float32)"
1171,[10 3 0 0 0 0 0 6 6 4 2 6 0 0 0 4 5 0 0 0 0 0 0 0 17],"tf.Tensor([0.65058625 0.9721633  0.09396496 0.78679264 0.84825367 7.        ], shape=(6,), dtype=float32)",0.0,[11 1 0 0 0 0 0 5 4 3 1 6 0 0 0 4 5 0 0 0 0 0 0 0 17],False,"tf.Tensor(
[[ 0.65058625  0.9721633   0.09396496  0.78679264  0.84825367 29.246542
  29.455557   29.322145   26.540503   28.083529   28.649796   28.375465
  30.313763   29.790009   29.397934   29.906128   29.031546   28.014175  ]], shape=(1, 18), dtype=float32)"
1172,[11 1 0 0 0 0 0 5 4 3 1 6 0 0 0 4 5 0 0 0 0 0 0 0 17],"tf.Tensor([0.31781223 0.48357692 0.01463452 0.49382305 0.04718228 7.        ], shape=(6,), dtype=float32)",0.0,[11 2 0 0 0 0 0 4 5 5 3 3 0 0 0 4 5 0 0 0 0 0 0 0 17],False,"tf.Tensor(
[[3.1781223e-01 4.8357692e-01 1.4634520e-02 4.9382305e-01 4.7182277e-02
  2.5487253e+01 2.5594904e+01 2.5659477e+01 2.3129999e+01 2.4575010e+01
  2.5001537e+01 2.5111124e+01 2.5895391e+01 2.5709782e+01 2.5727095e+01
  2.5877300e+01 2.4930063e+01 2.4533234e+01]], shape=(1, 18), dtype=float32)"
1173,[11 2 0 0 0 0 0 4 5 5 3 3 0 0 0 4 5 0 0 0 0 0 0 0 17],"tf.Tensor(
[-1.1467636e-03  9.0330631e-02 -4.5595238e-01  2.4879195e-01
 -6.7447111e-02  1.0000000e+01], shape=(6,), dtype=float32)",0.0,[11 3 0 0 0 0 0 6 6 5 5 2 0 0 0 4 5 0 0 0 0 0 0 0 17],False,"tf.Tensor(
[[-1.1467636e-03  9.0330631e-02 -4.5595238e-01  2.4879195e-01
  -6.7447111e-02  2.7046392e+01  2.7532084e+01  2.6959938e+01
   2.4631641e+01  2.6340219e+01  2.6374344e+01  2.6902470e+01
   2.7478073e+01  2.6961412e+01  2.7407089e+01  2.7789442e+01
   2.6205374e+01  2.6161760e+01]], shape=(1, 18), dtype=float32)"
1174,[11 3 0 0 0 0 0 6 6 5 5 2 0 0 0 4 5 0 0 0 0 0 0 0 17],"tf.Tensor([ 0.08947435  0.3086423  -0.464025    0.5225228   0.41758782  7.        ], shape=(6,), dtype=float32)",0.0,[12 1 0 0 0 0 0 3 1 4 2 5 0 0 0 4 5 0 0 0 0 0 0 0 17],False,"tf.Tensor(
[[ 0.08947435  0.3086423  -0.464025    0.5225228   0.41758782 30.317926
  30.672915   29.956823   27.214756   29.075891   29.260452   29.670345
  31.061232   30.345324   30.648333   30.894032   29.709982   29.128841  ]], shape=(1, 18), dtype=float32)"
1175,[12 1 0 0 0 0 0 3 1 4 2 5 0 0 0 4 5 0 0 0 0 0 0 0 17],"tf.Tensor([ 0.10244504  0.2793174   0.00683501  0.10844387 -0.3115006   6.        ], shape=(6,), dtype=float32)",0.0,[12 2 0 0 0 0 0 2 5 5 4 1 0 0 0 4 5 0 0 0 0 0 0 0 17],False,"tf.Tensor(
[[ 1.02445036e-01  2.79317409e-01  6.83501363e-03  1.08443871e-01
  -3.11500609e-01  2.44710865e+01  2.44007111e+01  2.46192703e+01
   2.29398918e+01  2.40316467e+01  2.39261208e+01  2.47187977e+01
   2.38510475e+01  2.41155415e+01  2.45695744e+01  2.44783764e+01
   2.38016796e+01  2.36687965e+01]], shape=(1, 18), dtype=float32)"
1176,[12 2 0 0 0 0 0 2 5 5 4 1 0 0 0 4 5 0 0 0 0 0 0 0 17],[0 0 1 0 1 0],0.2,[12 3 5 1 0 0 0 1 6 0 2 0 0 0 0 4 5 0 0 0 0 0 0 0 17],False,"tf.Tensor(
[[-0.1665841  -0.36155543 -1.0081193  -0.03583835 -0.3115521  26.325167
  26.645754   26.166174   24.322647   26.068666   25.655167   26.662722
  26.109251   25.687967   26.556665   27.03596    25.012407   25.876648  ]], shape=(1, 18), dtype=float32)"
1177,[12 3 5 1 0 0 0 1 6 0 2 0 0 0 0 4 5 0 0 0 0 0 0 0 17],"tf.Tensor([-0.65659237 -1.5392323  -1.1116028  -0.23462783 -0.12481456  1.        ], shape=(6,), dtype=float32)",0.0,[13 1 0 0 0 0 0 1 6 5 1 2 0 0 0 4 5 0 0 0 0 0 0 0 17],False,"tf.Tensor(
[[-0.65659237 -1.5392323  -1.1116028  -0.23462783 -0.12481456 26.409365
  27.52578    26.171417   25.360207   27.31933    26.315132   26.714125
  25.973167   25.457672   27.035336   27.145622   24.643074   26.769997  ]], shape=(1, 18), dtype=float32)"
1178,[13 1 0 0 0 0 0 1 6 5 1 2 0 0 0 4 5 0 0 0 0 0 0 0 17],"tf.Tensor([-0.38621005 -0.8471675  -1.1832774  -0.17139398 -0.48711294 10.        ], shape=(6,), dtype=float32)",0.0,[13 2 0 0 0 0 0 1 1 5 4 6 0 0 0 4 5 0 0 0 0 0 0 0 17],False,"tf.Tensor(
[[-0.38621005 -0.8471675  -1.1832774  -0.17139398 -0.48711294 25.257744
  26.047726   25.225481   23.257559   25.318356   24.831333   25.706234
  25.085356   24.9506     25.587215   26.135086   23.53384    25.111654  ]], shape=(1, 18), dtype=float32)"
1179,[13 2 0 0 0 0 0 1 1 5 4 6 0 0 0 4 5 0 0 0 0 0 0 0 17],[0 0 1 1 0 3],0.2,[13 3 5 4 0 0 0 4 6 0 0 4 0 0 0 4 5 0 0 0 0 0 0 0 17],False,"tf.Tensor(
[[-0.02773437  0.45495906 -0.0432187   0.11381568 -0.04749207 26.771135
  26.827265   26.530836   25.170942   26.05533    26.100796   26.928343
  26.244753   26.47717    26.69739    27.047712   25.770617   25.92464   ]], shape=(1, 18), dtype=float32)"
1180,[13 3 5 4 0 0 0 4 6 0 0 4 0 0 0 4 5 0 0 0 0 0 0 0 17],"tf.Tensor([ 0.02533665 -0.7260916  -0.7930378   0.28038144  0.53581554 10.        ], shape=(6,), dtype=float32)",0.0,[14 1 0 0 0 0 0 4 5 4 5 5 0 0 0 4 5 0 0 0 0 0 0 0 17],True,"tf.Tensor(
[[ 2.5336653e-02 -7.2609162e-01 -7.9303777e-01  2.8038144e-01
   5.3581554e-01  3.0915115e+01  3.1697918e+01  3.0802935e+01
   2.9020872e+01  3.1284822e+01  3.0636442e+01  3.0374907e+01
   3.1215155e+01  3.0689568e+01  3.1416662e+01  3.1712673e+01
   2.9365110e+01  3.0826832e+01]], shape=(1, 18), dtype=float32)"
1181,[1 1 0 0 0 0 0 6 2 1 6 5 0 0 0 0 0 0 0 0 0 0 0 0 0],"tf.Tensor([ 3.0202606  4.8491178  1.2214108  2.5599587  6.5335665 11.       ], shape=(6,), dtype=float32)",0.5,[1 2 6 2 1 6 5 0 0 0 0 0 0 0 0 0 0 0 0 0 0 0 0 0 0],False,"tf.Tensor(
[[ 3.0202606  4.8491178  1.2214108  2.5599587  6.5335665 21.076487
  17.491812  19.121262  19.332308  16.792496  19.271656  18.622051
  19.770763  21.4752    18.107216  19.430794  22.403639  18.167765 ]], shape=(1, 18), dtype=float32)"
1182,[1 2 6 2 1 6 5 0 0 0 0 0 0 0 0 0 0 0 0 0 0 0 0 0 0],"tf.Tensor([ 3.8878481  4.1766853  2.3342276  4.394177   5.615182  12.       ], shape=(6,), dtype=float32)",0.0,[1 3 6 2 1 6 5 0 0 0 0 0 0 0 0 0 0 0 0 0 0 0 0 0 0],False,"tf.Tensor(
[[ 3.8878481  4.1766853  2.3342276  4.394177   5.615182  22.063154
  18.373442  23.23214   20.602661  20.80003   23.556381  22.22363
  23.111103  22.308907  21.067238  24.110565  23.885412  24.528143 ]], shape=(1, 18), dtype=float32)"
1183,[1 3 6 2 1 6 5 0 0 0 0 0 0 0 0 0 0 0 0 0 0 0 0 0 0],"tf.Tensor([ 3.9052165  4.1649904  2.3351123  4.3971453  5.636843  12.       ], shape=(6,), dtype=float32)",40.0,[2 1 0 0 0 0 0 6 2 1 6 5 0 0 0 0 0 0 0 0 0 0 0 0 20],False,"tf.Tensor(
[[ 3.9052165  4.1649904  2.3351123  4.3971453  5.636843  22.711302
  19.008703  23.877237  21.317974  21.530592  24.179543  22.837473
  23.748243  22.87513   21.769005  24.681494  24.550724  25.13324  ]], shape=(1, 18), dtype=float32)"
1184,[2 1 0 0 0 0 0 6 2 1 6 5 0 0 0 0 0 0 0 0 0 0 0 0 20],"tf.Tensor([ 2.0172684  3.230471   2.5064256  1.5368689  2.7108924 11.       ], shape=(6,), dtype=float32)",0.5,[2 2 6 1 5 3 1 0 0 0 0 0 0 0 0 0 0 0 0 0 0 0 0 0 20],False,"tf.Tensor(
[[ 2.0172684  3.230471   2.5064256  1.5368689  2.7108924 29.964508
  28.413641  29.160406  29.059998  27.737152  28.512104  28.391697
  29.380558  29.982864  28.427143  28.759846  31.556509  26.872412 ]], shape=(1, 18), dtype=float32)"
1185,[2 2 6 1 5 3 1 0 0 0 0 0 0 0 0 0 0 0 0 0 0 0 0 0 20],"tf.Tensor([1.0351458 2.4083374 2.4986775 2.3377697 2.2490017 5.       ], shape=(6,), dtype=float32)",0.0,[2 3 6 1 5 3 1 0 0 0 0 0 0 0 0 0 0 0 0 0 0 0 0 0 20],False,"tf.Tensor(
[[ 1.0351458  2.4083374  2.4986775  2.3377697  2.2490017 31.99711
  30.30061   31.890818  32.85951   32.45707   32.933228  31.427242
  30.175797  31.831842  31.776054  31.415796  32.8564    31.983541 ]], shape=(1, 18), dtype=float32)"
1186,[2 3 6 1 5 3 1 0 0 0 0 0 0 0 0 0 0 0 0 0 0 0 0 0 20],"tf.Tensor([0.99186236 2.306543   2.4995615  2.2860029  2.250652   5.        ], shape=(6,), dtype=float32)",12.0,[3 1 0 0 0 0 0 6 1 5 3 1 0 0 0 0 0 6 0 0 0 0 0 0 20],False,"tf.Tensor(
[[ 0.99186236  2.306543    2.4995615   2.2860029   2.250652   32.428474
  30.856146   32.433655   33.337006   33.06915    33.488453   31.977247
  30.80756    32.27192    32.367867   31.947485   33.303543   32.48592   ]], shape=(1, 18), dtype=float32)"
1187,[3 1 0 0 0 0 0 6 1 5 3 1 0 0 0 0 0 6 0 0 0 0 0 0 20],"tf.Tensor([ 1.7502244  2.1056504  2.2852833  1.5865363  1.5589359 11.       ], shape=(6,), dtype=float32)",0.5,[3 2 3 3 5 2 3 0 0 0 0 0 0 0 0 0 0 6 0 0 0 0 0 0 20],False,"tf.Tensor(
[[ 1.7502244  2.1056504  2.2852833  1.5865363  1.5589359 29.456636
  28.003069  29.520765  27.717548  27.961908  28.372005  29.091858
  29.489521  28.950321  28.921593  28.665604  31.319067  27.05242  ]], shape=(1, 18), dtype=float32)"
1188,[3 2 3 3 5 2 3 0 0 0 0 0 0 0 0 0 0 6 0 0 0 0 0 0 20],"tf.Tensor([1.1723535 1.9120009 1.9446654 1.7432373 1.4085813 5.       ], shape=(6,), dtype=float32)",0.0,[3 3 3 3 5 2 3 0 0 0 0 0 0 0 0 0 0 6 0 0 0 0 0 0 20],False,"tf.Tensor(
[[ 1.1723535  1.9120009  1.9446654  1.7432373  1.4085813 33.281166
  31.485464  32.77001   33.118156  32.770184  33.396008  32.10183
  31.63631   32.60257   32.717464  32.50638   33.16485   32.513664 ]], shape=(1, 18), dtype=float32)"
1189,[3 3 3 3 5 2 3 0 0 0 0 0 0 0 0 0 0 6 0 0 0 0 0 0 20],"tf.Tensor([1.1157777 1.8104548 1.9429446 1.6976473 1.4148848 5.       ], shape=(6,), dtype=float32)",-12.0,[4 1 0 0 0 0 0 3 3 5 2 3 0 0 0 0 0 0 0 0 0 0 0 0 20],False,"tf.Tensor(
[[ 1.1157777  1.8104548  1.9429446  1.6976473  1.4148848 33.74246
  32.083683  33.319912  33.600677  33.383022  33.967     32.658604
  32.311974  33.07864   33.342552  33.07305   33.63257   33.044205 ]], shape=(1, 18), dtype=float32)"
1190,[4 1 0 0 0 0 0 3 3 5 2 3 0 0 0 0 0 0 0 0 0 0 0 0 20],"tf.Tensor([ 1.6556492  2.5238523  1.767347   1.609548   1.4731278 11.       ], shape=(6,), dtype=float32)",0.5,[4 2 4 4 2 6 6 0 0 0 0 0 0 0 0 0 0 0 0 0 0 0 0 0 20],False,"tf.Tensor(
[[ 1.6556492  2.5238523  1.767347   1.609548   1.4731278 28.134798
  27.317537  28.135921  26.843662  26.759516  27.454012  27.641138
  27.847471  28.430397  27.235348  28.397589  29.233444  26.139288 ]], shape=(1, 18), dtype=float32)"
1191,[4 2 4 4 2 6 6 0 0 0 0 0 0 0 0 0 0 0 0 0 0 0 0 0 20],"tf.Tensor([1.3829895 2.3729513 1.9499744 1.9404376 2.3807895 8.       ], shape=(6,), dtype=float32)",0.0,[4 3 4 4 2 6 6 0 0 0 0 0 0 0 0 0 0 0 0 0 0 0 0 0 20],False,"tf.Tensor(
[[ 1.3829895  2.3729513  1.9499744  1.9404376  2.3807895 36.347942
  34.46908   35.303425  36.122593  35.242794  36.138386  34.510628
  34.210472  36.43985   35.119144  35.084587  36.17951   35.363117 ]], shape=(1, 18), dtype=float32)"
1192,[4 3 4 4 2 6 6 0 0 0 0 0 0 0 0 0 0 0 0 0 0 0 0 0 20],"tf.Tensor([1.3383509 2.272176  1.944245  1.8927269 2.3817542 8.       ], shape=(6,), dtype=float32)",0.0,[5 1 0 0 0 0 0 4 4 2 6 6 0 0 0 0 0 0 0 0 0 0 0 0 20],False,"tf.Tensor(
[[ 1.3383509  2.272176   1.944245   1.8927269  2.3817542 36.778137
  35.035988  35.843296  36.59483   35.865337  36.699234  35.0645
  34.84244   36.863354  35.71904   35.625607  36.624897  35.855934 ]], shape=(1, 18), dtype=float32)"
1193,[5 1 0 0 0 0 0 4 4 2 6 6 0 0 0 0 0 0 0 0 0 0 0 0 20],"tf.Tensor([ 1.8194076  2.9120774  2.0716293  1.4760259  1.9377844 11.       ], shape=(6,), dtype=float32)",0.5,[5 2 1 5 1 5 4 0 0 0 0 0 0 0 0 0 0 0 0 0 0 0 0 0 20],False,"tf.Tensor(
[[ 1.8194076  2.9120774  2.0716293  1.4760259  1.9377844 30.268677
  29.529459  30.141596  29.057144  28.48858   29.365107  29.364597
  30.323465  30.688406  29.191559  30.365974  31.57884   27.638485 ]], shape=(1, 18), dtype=float32)"
1194,[5 2 1 5 1 5 4 0 0 0 0 0 0 0 0 0 0 0 0 0 0 0 0 0 20],"tf.Tensor([1.0628501 1.8810347 1.3422886 1.2693385 1.2219512 0.       ], shape=(6,), dtype=float32)",0.0,[5 3 1 5 1 5 4 0 0 0 0 0 0 0 0 0 0 0 0 0 0 0 0 0 20],False,"tf.Tensor(
[[ 1.0628501  1.8810347  1.3422886  1.2693385  1.2219512 32.03673
  30.76216   31.09877   31.761757  31.01931   31.5249    30.284626
  29.77642   31.819538  30.857792  31.123745  31.133139  31.127905 ]], shape=(1, 18), dtype=float32)"
1195,[5 3 1 5 1 5 4 0 0 0 0 0 0 0 0 0 0 0 0 0 0 0 0 0 20],"tf.Tensor([1.0258145 1.781934  1.3350334 1.2285131 1.2340499 0.       ], shape=(6,), dtype=float32)",2.0,[6 1 0 0 0 0 0 1 5 1 5 4 2 0 0 0 0 0 0 0 0 0 0 0 20],False,"tf.Tensor(
[[ 1.0258145  1.781934   1.3350334  1.2285131  1.2340499 32.50031
  31.347275  31.672071  32.250763  31.64457   32.106007  30.86335
  30.444967  32.29331   31.475487  31.691267  31.617428  31.662592 ]], shape=(1, 18), dtype=float32)"
1196,[6 1 0 0 0 0 0 1 5 1 5 4 2 0 0 0 0 0 0 0 0 0 0 0 20],[1 1 0 1 0 6],0.30000000000000004,[6 2 6 2 1 0 0 0 0 6 0 4 2 0 0 0 0 0 0 0 0 0 0 0 20],False,"tf.Tensor(
[[ 1.6749846  2.5683405  1.1727926  1.1595285  0.9161393 27.464933
  26.87295   27.870815  26.772715  26.398083  27.026257  27.246542
  26.743986  27.441225  26.454445  28.105719  28.098675  25.577267 ]], shape=(1, 18), dtype=float32)"
1197,[6 2 6 2 1 0 0 0 0 6 0 4 2 0 0 0 0 0 0 0 0 0 0 0 20],"tf.Tensor([ 0.57491523  1.9981533   1.8749652   1.044987    1.768484   11.        ], shape=(6,), dtype=float32)",0.2,[6 3 6 2 1 6 4 0 0 0 0 0 2 0 0 0 0 0 0 0 0 0 0 0 20],False,"tf.Tensor(
[[ 0.57491523  1.9981533   1.8749652   1.044987    1.768484   31.307056
  31.427938   31.343477   31.169819   31.94062    31.26922    31.499344
  31.5943     31.97262    31.737656   32.01551    32.21317    30.049656  ]], shape=(1, 18), dtype=float32)"
1198,[6 3 6 2 1 6 4 0 0 0 0 0 2 0 0 0 0 0 0 0 0 0 0 0 20],[1 0 1 1 0 2],0.0,[7 1 0 0 0 0 0 6 2 3 1 5 2 0 0 0 0 0 0 0 0 0 0 0 20],False,"tf.Tensor(
[[ 0.6645631  1.4728434  1.8849286  1.43378    1.8170501 34.431255
  33.54934   33.993343  34.662666  34.50839   34.683575  33.639275
  32.968082  34.234825  34.31424   33.643326  34.606537  33.956074 ]], shape=(1, 18), dtype=float32)"
1199,[7 1 0 0 0 0 0 6 2 3 1 5 2 0 0 0 0 0 0 0 0 0 0 0 20],"tf.Tensor([ 1.3298386  2.0560143  1.9539598  1.3329612  0.7934595 11.       ], shape=(6,), dtype=float32)",0.4,[7 2 5 1 6 4 0 0 0 0 0 3 2 0 0 0 0 0 0 0 0 0 0 0 20],False,"tf.Tensor(
[[ 1.3298386  2.0560143  1.9539598  1.3329612  0.7934595 28.454842
  27.89054   28.699717  26.984037  27.17641   27.811892  27.933165
  28.343876  28.633518  28.189648  28.399212  29.468418  26.45406  ]], shape=(1, 18), dtype=float32)"
1200,[7 2 5 1 6 4 0 0 0 0 0 3 2 0 0 0 0 0 0 0 0 0 0 0 20],"tf.Tensor([0.7103191 1.5863639 1.7632517 2.0805192 1.3061553 5.       ], shape=(6,), dtype=float32)",0.1,[7 3 5 1 6 4 3 0 0 0 0 0 2 0 0 0 0 0 0 0 0 0 0 0 20],False,"tf.Tensor(
[[ 0.7103191  1.5863639  1.7632517  2.0805192  1.3061553 33.335575
  32.172977  33.620346  33.496304  33.706814  34.545235  33.08708
  31.422232  33.203266  33.22746   33.10736   33.345314  33.76931  ]], shape=(1, 18), dtype=float32)"
1201,[7 3 5 1 6 4 3 0 0 0 0 0 2 0 0 0 0 0 0 0 0 0 0 0 20],"tf.Tensor([0.5602874 1.2577261 1.4821516 1.8252656 1.4538546 5.       ], shape=(6,), dtype=float32)",12.0,[8 1 0 0 0 0 0 5 1 6 4 2 2 0 0 0 0 6 0 0 0 0 0 0 20],False,"tf.Tensor(
[[ 0.5602874  1.2577261  1.4821516  1.8252656  1.4538546 35.427246
  34.010136  35.007244  35.57514   35.4223    36.10947   34.64303
  33.055176  35.002804  35.10178   34.670673  34.97351   35.709175 ]], shape=(1, 18), dtype=float32)"
1202,[8 1 0 0 0 0 0 5 1 6 4 2 2 0 0 0 0 6 0 0 0 0 0 0 20],"tf.Tensor([ 0.98898405  1.3698268   1.6947225   0.99451625  0.3326475  11.        ], shape=(6,), dtype=float32)",0.4,[8 2 1 5 4 4 0 0 0 0 0 3 2 0 0 0 0 6 0 0 0 0 0 0 20],False,"tf.Tensor(
[[ 0.98898405  1.3698268   1.6947225   0.99451625  0.3326475  30.568657
  29.862616   30.826736   28.463488   29.26246    29.635582   30.90001
  30.712503   30.012468   30.532158   30.452406   31.5963     28.50155   ]], shape=(1, 18), dtype=float32)"
1203,[8 2 1 5 4 4 0 0 0 0 0 3 2 0 0 0 0 6 0 0 0 0 0 0 20],"tf.Tensor([ 0.52257806  0.7864889   1.0816586   0.85776186 -0.15188773  5.        ], shape=(6,), dtype=float32)",0.0,[8 3 1 5 4 4 0 0 0 0 0 2 2 0 0 0 0 6 0 0 0 0 0 0 20],False,"tf.Tensor(
[[ 0.52257806  0.7864889   1.0816586   0.85776186 -0.15188773 32.352283
  31.807255   32.656303   31.878572   32.663387   32.757412   31.837921
  31.159983   31.76823    32.534298   32.32562    31.268797   32.14442   ]], shape=(1, 18), dtype=float32)"
1204,[8 3 1 5 4 4 0 0 0 0 0 2 2 0 0 0 0 6 0 0 0 0 0 0 20],"tf.Tensor([ 0.35411066  0.546952    0.9849616   0.718838   -0.16687925  4.        ], shape=(6,), dtype=float32)",10.0,[9 1 0 0 0 0 0 1 5 4 4 1 2 0 0 0 5 6 0 0 0 0 0 0 20],False,"tf.Tensor(
[[ 0.35411066  0.546952    0.9849616   0.718838   -0.16687925 32.684826
  32.259552   32.93363    32.32991    33.20465    33.098724   32.225567
  31.552868   31.919487   33.04904    32.657536   31.518879   32.608494  ]], shape=(1, 18), dtype=float32)"
1205,[9 1 0 0 0 0 0 1 5 4 4 1 2 0 0 0 5 6 0 0 0 0 0 0 20],[0 1 0 0 0 5],0.1,[9 2 6 0 0 0 0 6 0 5 4 4 2 0 0 0 5 6 0 0 0 0 0 0 20],False,"tf.Tensor(
[[ 1.1211296   0.9708414   0.40256795  0.31359112  0.17076676 29.328188
  28.766794   29.303461   28.255564   28.661383   28.642279   29.28995
  28.681002   28.481592   28.696537   29.54191    28.947508   27.640392  ]], shape=(1, 18), dtype=float32)"
1206,[9 2 6 0 0 0 0 6 0 5 4 4 2 0 0 0 5 6 0 0 0 0 0 0 20],[0 1 1 0 0 2],0.1,[9 3 6 5 0 0 0 3 0 0 6 4 2 0 0 0 5 6 0 0 0 0 0 0 20],False,"tf.Tensor(
[[ 0.66658086  2.047303    2.2808049   1.2445908   1.8921593  35.66432
  35.10652    35.7232     34.212288   34.993134   35.285942   35.601044
  36.517868   35.701046   36.396824   35.114334   37.4631     33.341614  ]], shape=(1, 18), dtype=float32)"
1207,[9 3 6 5 0 0 0 3 0 0 6 4 2 0 0 0 5 6 0 0 0 0 0 0 20],"tf.Tensor([ 0.8186459   1.8410912   1.6906675   0.46163154  1.59919    11.        ], shape=(6,), dtype=float32)",0.0,[10 1 0 0 0 0 0 3 6 2 2 5 2 0 0 0 5 6 0 0 0 0 0 0 20],False,"tf.Tensor(
[[ 0.8186459   1.8410912   1.6906675   0.46163154  1.59919    36.00643
  35.682705   36.20817    35.629486   36.30461    35.643375   35.863163
  36.566944   35.84816    36.547276   35.923996   36.94263    34.0556    ]], shape=(1, 18), dtype=float32)"
1208,[10 1 0 0 0 0 0 3 6 2 2 5 2 0 0 0 5 6 0 0 0 0 0 0 20],[ 1  1  1  0  0 10],0.30000000000000004,[10 2 5 2 1 0 0 0 0 0 5 6 2 0 0 0 5 6 0 0 0 0 0 0 20],False,"tf.Tensor(
[[ 0.8721599   0.6913502   0.70463526  0.3823595   0.05285875 29.481926
  29.894133   29.780443   27.747417   28.48411    29.224863   29.113598
  29.883377   29.614305   29.261173   30.031507   29.045118   27.754913  ]], shape=(1, 18), dtype=float32)"
1209,[10 2 5 2 1 0 0 0 0 0 5 6 2 0 0 0 5 6 0 0 0 0 0 0 20],"tf.Tensor([0.746851   1.5450518  1.5634072  0.47253942 0.674136   2.        ], shape=(6,), dtype=float32)",0.0,[10 3 5 2 1 0 0 0 0 0 2 3 2 0 0 0 5 6 0 0 0 0 0 0 20],False,"tf.Tensor(
[[ 0.746851    1.5450518   1.5634072   0.47253942  0.674136   31.898933
  31.57619    32.169758   31.682898   31.820185   31.904095   32.068718
  31.577473   31.567085   31.917828   31.971413   32.078823   30.334614  ]], shape=(1, 18), dtype=float32)"
1210,[10 3 5 2 1 0 0 0 0 0 2 3 2 0 0 0 5 6 0 0 0 0 0 0 20],"tf.Tensor([ 0.2549501   0.4514219   1.1004896  -0.08136334  0.1480103   4.        ], shape=(6,), dtype=float32)",0.0,[11 1 0 0 0 0 0 5 2 1 5 5 2 0 0 0 5 6 0 0 0 0 0 0 20],False,"tf.Tensor(
[[ 0.2549501   0.4514219   1.1004896  -0.08136334  0.1480103  29.768776
  29.872692   30.019655   30.229252   30.760143   29.939247   30.103779
  29.075764   28.87204    30.261974   29.758104   29.391768   28.830486  ]], shape=(1, 18), dtype=float32)"
1211,[11 1 0 0 0 0 0 5 2 1 5 5 2 0 0 0 5 6 0 0 0 0 0 0 20],"tf.Tensor([0.99050575 1.118244   1.2790588  0.4262463  0.03620689 2.        ], shape=(6,), dtype=float32)",0.30000000000000004,[11 2 3 3 4 0 0 0 0 0 1 2 2 0 0 0 5 6 0 0 0 0 0 0 20],False,"tf.Tensor(
[[ 0.99050575  1.118244    1.2790588   0.4262463   0.03620689 30.224876
  29.757326   30.542942   28.621965   28.858076   29.566208   30.115114
  29.912245   29.779644   29.905155   29.762135   30.498432   28.049423  ]], shape=(1, 18), dtype=float32)"
1212,[11 2 3 3 4 0 0 0 0 0 1 2 2 0 0 0 5 6 0 0 0 0 0 0 20],"tf.Tensor([ 0.282862    0.05783954  0.36736497 -0.04467537 -0.42225367  4.        ], shape=(6,), dtype=float32)",0.0,[11 3 3 3 4 0 0 0 0 0 6 5 2 0 0 0 5 6 0 0 0 0 0 0 20],False,"tf.Tensor(
[[ 0.282862    0.05783954  0.36736497 -0.04467537 -0.42225367 30.31688
  30.036716   30.5981     30.553253   31.261862   30.578157   30.458704
  28.697462   29.241533   30.512005   30.208517   29.020864   29.896818  ]], shape=(1, 18), dtype=float32)"
1213,[11 3 3 3 4 0 0 0 0 0 6 5 2 0 0 0 5 6 0 0 0 0 0 0 20],"tf.Tensor([0.6903636  1.3106537  0.91893435 0.6586783  0.36497337 2.        ], shape=(6,), dtype=float32)",12.0,[12 1 0 0 0 0 0 3 3 4 5 1 2 0 6 0 5 6 0 0 0 0 0 0 20],False,"tf.Tensor(
[[ 0.6903636   1.3106537   0.91893435  0.6586783   0.36497337 34.55906
  33.906292   34.71581    33.911964   34.274918   34.68847    34.464775
  33.633137   33.972958   34.380493   34.663517   33.889217   33.48583   ]], shape=(1, 18), dtype=float32)"
1214,[12 1 0 0 0 0 0 3 3 4 5 1 2 0 6 0 5 6 0 0 0 0 0 0 20],"tf.Tensor([ 0.32731587  0.513131   -0.26819256  0.19024275  0.03604488  0.        ], shape=(6,), dtype=float32)",0.0,[12 2 0 0 0 0 0 6 3 2 4 5 2 0 6 0 5 6 0 0 0 0 0 0 20],False,"tf.Tensor(
[[ 0.32731587  0.513131   -0.26819256  0.19024275  0.03604488 30.95804
  30.611042   30.755524   28.292643   29.659946   29.518679   30.570877
  29.977472   30.77936    30.473648   30.39023    29.871614   30.028202  ]], shape=(1, 18), dtype=float32)"
1215,[12 2 0 0 0 0 0 6 3 2 4 5 2 0 6 0 5 6 0 0 0 0 0 0 20],"tf.Tensor([0.4174562  1.1552767  0.2355983  0.59355056 0.21589343 8.        ], shape=(6,), dtype=float32)",0.1,[12 3 3 0 0 0 0 4 0 5 6 1 2 0 6 0 5 6 0 0 0 0 0 0 20],False,"tf.Tensor(
[[ 0.4174562   1.1552767   0.2355983   0.59355056  0.21589343 32.439274
  32.64883    32.647392   28.89948    30.502237   31.338907   31.24748
  32.963997   33.689095   32.514664   32.11611    31.866547   30.89965   ]], shape=(1, 18), dtype=float32)"
1216,[12 3 3 0 0 0 0 4 0 5 6 1 2 0 6 0 5 6 0 0 0 0 0 0 20],"tf.Tensor([-0.31082433  0.59831715  0.33761272 -0.13906123  0.3986917   9.        ], shape=(6,), dtype=float32)",0.0,[13 1 0 0 0 0 0 1 5 3 6 5 2 0 6 0 5 6 0 0 0 0 0 0 20],False,"tf.Tensor(
[[-0.31082433  0.59831715  0.33761272 -0.13906123  0.3986917  34.273613
  34.16645    33.37295    31.703005   32.990444   32.302376   33.378002
  33.877613   34.210297   34.620686   33.16811    33.564785   32.55208   ]], shape=(1, 18), dtype=float32)"
1217,[13 1 0 0 0 0 0 1 5 3 6 5 2 0 6 0 5 6 0 0 0 0 0 0 20],"tf.Tensor([ 0.61485344  0.9170662  -0.3308126   0.14542769 -0.09676583  8.        ], shape=(6,), dtype=float32)",0.1,[13 2 5 0 0 0 0 3 0 5 5 1 2 0 6 0 5 6 0 0 0 0 0 0 20],False,"tf.Tensor(
[[ 0.61485344  0.9170662  -0.3308126   0.14542769 -0.09676583 32.27089
  32.382      32.164948   29.274466   30.412428   30.977627   31.71691
  31.661777   32.883286   31.46111    32.36598    30.751995   30.68945   ]], shape=(1, 18), dtype=float32)"
1218,[13 2 5 0 0 0 0 3 0 5 5 1 2 0 6 0 5 6 0 0 0 0 0 0 20],"tf.Tensor([-0.59367055  0.22089735  0.1800085  -0.4109851   0.4936673   9.        ], shape=(6,), dtype=float32)",0.0,[13 3 5 0 0 0 0 2 0 5 1 6 2 0 6 0 5 6 0 0 0 0 0 0 20],False,"tf.Tensor(
[[-0.59367055  0.22089735  0.1800085  -0.4109851   0.4936673  33.843807
  33.927128   32.786472   31.667301   33.07182    31.879541   33.239307
  33.39682    33.550884   34.388607   32.823963   32.963753   32.35686   ]], shape=(1, 18), dtype=float32)"
1219,[13 3 5 0 0 0 0 2 0 5 1 6 2 0 6 0 5 6 0 0 0 0 0 0 20],"tf.Tensor([-0.45154136  0.31972745  0.3585225  -0.33906448  0.3804757   9.        ], shape=(6,), dtype=float32)",0.0,[14 1 0 0 0 0 0 3 5 5 4 2 2 0 6 0 5 6 0 0 0 0 0 0 20],True,"tf.Tensor(
[[-0.45154136  0.31972745  0.3585225  -0.33906448  0.3804757  32.189945
  32.834183   31.858826   30.10165    31.855658   31.071253   31.814266
  32.672836   32.811016   32.933212   31.714834   31.450254   30.86671   ]], shape=(1, 18), dtype=float32)"
1220,[1 1 0 0 0 0 0 6 6 1 1 5 0 0 0 0 0 0 0 0 0 0 0 0 0],"tf.Tensor([ 3.1001203  4.4094367  1.1430113  3.4516559  5.683957  11.       ], shape=(6,), dtype=float32)",0.5,[1 2 6 6 1 1 5 0 0 0 0 0 0 0 0 0 0 0 0 0 0 0 0 0 0],False,"tf.Tensor(
[[ 3.1001203  4.4094367  1.1430113  3.4516559  5.683957  19.900797
  17.110561  19.5746    18.002335  17.283947  19.929367  18.136034
  19.658081  21.112864  18.265911  19.643015  21.547112  18.625624 ]], shape=(1, 18), dtype=float32)"
1221,[1 2 6 6 1 1 5 0 0 0 0 0 0 0 0 0 0 0 0 0 0 0 0 0 0],"tf.Tensor([ 3.7095408  4.105813   2.1161563  3.4856908  4.8546066 10.       ], shape=(6,), dtype=float32)",0.0,[1 3 6 6 1 1 5 0 0 0 0 0 0 0 0 0 0 0 0 0 0 0 0 0 0],False,"tf.Tensor(
[[ 3.7095408  4.105813   2.1161563  3.4856908  4.8546066 20.92873
  17.426174  21.921133  19.768717  20.937086  22.379326  21.576126
  22.671144  21.838085  20.50289   23.613937  22.440865  22.96539  ]], shape=(1, 18), dtype=float32)"
1222,[1 3 6 6 1 1 5 0 0 0 0 0 0 0 0 0 0 0 0 0 0 0 0 0 0],"tf.Tensor([ 3.7695944  4.0973105  2.124559   3.47868    4.9565153 10.       ], shape=(6,), dtype=float32)",0.0,[2 1 0 0 0 0 0 6 6 1 1 5 0 0 0 0 0 0 0 0 0 0 0 0 0],False,"tf.Tensor(
[[ 3.7695944  4.0973105  2.124559   3.47868    4.9565153 21.583963
  18.089737  22.507528  20.478395  21.576605  23.03942   22.196657
  23.319258  22.474373  21.08696   24.273401  23.052736  23.59232  ]], shape=(1, 18), dtype=float32)"
1223,[2 1 0 0 0 0 0 6 6 1 1 5 0 0 0 0 0 0 0 0 0 0 0 0 0],"tf.Tensor([ 3.1015491  4.3361697  1.0224735  3.3664355  5.5506983 11.       ], shape=(6,), dtype=float32)",0.5,[2 2 5 6 2 5 6 0 0 0 0 0 0 0 0 0 0 0 0 0 0 0 0 0 0],False,"tf.Tensor(
[[ 3.1015491  4.3361697  1.0224735  3.3664355  5.5506983 19.794636
  17.12541   19.571514  17.7489    17.171164  19.784006  18.008377
  19.631464  21.166006  18.177177  19.606005  21.37602   18.441309 ]], shape=(1, 18), dtype=float32)"
1224,[2 2 5 6 2 5 6 0 0 0 0 0 0 0 0 0 0 0 0 0 0 0 0 0 0],"tf.Tensor([ 4.186949   4.5900755  2.4291112  4.334375   5.342213  12.       ], shape=(6,), dtype=float32)",0.0,[2 3 5 6 2 5 6 0 0 0 0 0 0 0 0 0 0 0 0 0 0 0 0 0 0],False,"tf.Tensor(
[[ 4.186949   4.5900755  2.4291112  4.334375   5.342213  25.404587
  21.037287  26.948591  23.550543  24.671219  26.98803   25.923794
  26.99294   25.679903  24.832808  28.168716  26.783617  28.230852 ]], shape=(1, 18), dtype=float32)"
1225,[2 3 5 6 2 5 6 0 0 0 0 0 0 0 0 0 0 0 0 0 0 0 0 0 0],"tf.Tensor([ 4.2418246  4.5598555  2.435724   4.3164654  5.413986  12.       ], shape=(6,), dtype=float32)",48.0,[3 1 0 0 0 0 0 5 6 2 5 6 0 0 0 0 0 0 0 0 0 0 0 0 24],False,"tf.Tensor(
[[ 4.2418246  4.5598555  2.435724   4.3164654  5.413986  26.029022
  21.675154  27.513315  24.218746  25.295063  27.613163  26.543419
  27.616177  26.271215  25.407309  28.815548  27.348782  28.839554 ]], shape=(1, 18), dtype=float32)"
1226,[3 1 0 0 0 0 0 5 6 2 5 6 0 0 0 0 0 0 0 0 0 0 0 0 24],"tf.Tensor([ 2.3659325  3.5401356  2.5292542  1.847351   2.5755715 11.       ], shape=(6,), dtype=float32)",0.5,[3 2 4 2 2 5 6 0 0 0 0 0 0 0 0 0 0 0 0 0 0 0 0 0 24],False,"tf.Tensor(
[[ 2.3659325  3.5401356  2.5292542  1.847351   2.5755715 34.210392
  33.308323  34.172363  33.16376   32.54081   33.281307  32.815327
  34.37291   34.817627  32.99494   34.31205   36.059845  31.183878 ]], shape=(1, 18), dtype=float32)"
1227,[3 2 4 2 2 5 6 0 0 0 0 0 0 0 0 0 0 0 0 0 0 0 0 0 24],"tf.Tensor([ 1.5447164  2.8411443  2.5052612  2.2749906  2.0719159 11.       ], shape=(6,), dtype=float32)",0.0,[3 3 4 2 2 5 6 0 0 0 0 0 0 0 0 0 0 0 0 0 0 0 0 0 24],False,"tf.Tensor(
[[ 1.5447164  2.8411443  2.5052612  2.2749906  2.0719159 36.99973
  35.08548   36.159695  36.888943  35.68188   36.924343  35.279922
  34.569504  37.001854  35.729816  35.870655  37.1869    35.790195 ]], shape=(1, 18), dtype=float32)"
1228,[3 3 4 2 2 5 6 0 0 0 0 0 0 0 0 0 0 0 0 0 0 0 0 0 24],"tf.Tensor([ 1.5076785  2.742044   2.4980066  2.234166   2.0840156 11.       ], shape=(6,), dtype=float32)",0.0,[4 1 0 0 0 0 0 4 2 2 5 6 0 0 0 0 0 0 0 0 0 0 0 0 24],False,"tf.Tensor(
[[ 1.5076785  2.742044   2.4980066  2.234166   2.0840156 37.46331
  35.6706    36.732998  37.377953  36.30715   37.505447  35.858658
  35.238052  37.47563   36.347515  36.43818   37.67119   36.324886 ]], shape=(1, 18), dtype=float32)"
1229,[4 1 0 0 0 0 0 4 2 2 5 6 0 0 0 0 0 0 0 0 0 0 0 0 24],[0 1 0 1 0 8],0.2,[4 2 6 6 0 0 0 1 0 2 0 4 0 0 0 0 0 0 0 0 0 0 0 0 24],False,"tf.Tensor(
[[ 2.159897   3.1683588  2.6136925  1.6356009  1.6891496 32.475372
  31.389923  32.69443   31.630306  30.871655  31.637632  31.724821
  32.12129   32.48889   31.431728  32.33289   34.21114   29.602877 ]], shape=(1, 18), dtype=float32)"
1230,[4 2 6 6 0 0 0 1 0 2 0 4 0 0 0 0 0 0 0 0 0 0 0 0 24],"tf.Tensor([ 1.2316296  3.00746    2.5535085  1.4341985  2.187018  11.       ], shape=(6,), dtype=float32)",0.30000000000000004,[4 3 6 6 1 2 4 0 0 0 0 0 0 0 0 0 0 0 0 0 0 0 0 0 24],False,"tf.Tensor(
[[ 1.2316296  3.00746    2.5535085  1.4341985  2.187018  35.172855
  34.681374  35.26397   35.679295  35.790638  35.135     34.715122
  34.824715  35.800945  35.15207   35.521156  36.31834   33.584274 ]], shape=(1, 18), dtype=float32)"
1231,[4 3 6 6 1 2 4 0 0 0 0 0 0 0 0 0 0 0 0 0 0 0 0 0 24],"tf.Tensor([1.0936229 2.578126  2.179612  1.3194722 2.316909  3.       ], shape=(6,), dtype=float32)",8.0,[5 1 0 0 0 0 0 6 6 4 6 1 0 0 0 4 0 0 0 0 0 0 0 0 24],False,"tf.Tensor(
[[ 1.0936229  2.578126   2.179612   1.3194722  2.316909  38.20385
  37.108974  37.411476  39.042023  38.532604  37.90101   37.019375
  36.62393   38.0488    37.792866  37.678078  38.43771   36.859722 ]], shape=(1, 18), dtype=float32)"
1232,[5 1 0 0 0 0 0 6 6 4 6 1 0 0 0 4 0 0 0 0 0 0 0 0 24],"tf.Tensor([ 1.8859007  2.4205556  1.0874488  1.6904596  1.2405403 11.       ], shape=(6,), dtype=float32)",0.5,[5 2 2 5 6 2 4 0 0 0 0 0 0 0 0 4 0 0 0 0 0 0 0 0 24],False,"tf.Tensor(
[[ 1.8859007  2.4205556  1.0874488  1.6904596  1.2405403 33.18351
  31.839571  33.94079   31.31969   32.407402  32.351547  33.178528
  33.038574  32.53278   32.853863  33.57832   34.862144  31.284595 ]], shape=(1, 18), dtype=float32)"
1233,[5 2 2 5 6 2 4 0 0 0 0 0 0 0 0 4 0 0 0 0 0 0 0 0 24],"tf.Tensor([1.0730834  1.7270079  0.84174883 1.6885496  0.52627414 4.        ], shape=(6,), dtype=float32)",0.0,[5 3 2 5 6 2 4 0 0 0 0 0 0 0 0 4 0 0 0 0 0 0 0 0 24],False,"tf.Tensor(
[[ 1.0730834   1.7270079   0.84174883  1.6885496   0.52627414 35.764908
  33.699425   35.800396   35.500202   35.999477   35.960392   34.83144
  33.010853   34.926525   35.276386   35.294697   34.7457     35.918564  ]], shape=(1, 18), dtype=float32)"
1234,[5 3 2 5 6 2 4 0 0 0 0 0 0 0 0 4 0 0 0 0 0 0 0 0 24],"tf.Tensor([0.9124709  1.6129969  0.8613106  1.617299   0.49255818 4.        ], shape=(6,), dtype=float32)",10.0,[6 1 0 0 0 0 0 2 5 6 2 4 0 0 0 4 5 0 0 0 0 0 0 0 24],False,"tf.Tensor(
[[ 0.9124709   1.6129969   0.8613106   1.617299    0.49255818 36.180378
  34.35531    36.199886   35.928673   36.560497   36.467968   35.260784
  33.684715   35.345528   35.92822    35.840813   35.092007   36.376663  ]], shape=(1, 18), dtype=float32)"
1235,[6 1 0 0 0 0 0 2 5 6 2 4 0 0 0 4 5 0 0 0 0 0 0 0 24],[1 0 0 0 1 7],0.2,[6 2 4 2 0 0 0 0 6 3 1 0 0 0 0 4 5 0 0 0 0 0 0 0 24],False,"tf.Tensor(
[[ 1.3978212   2.1209483   0.69815755  1.0279926   0.71757036 30.626644
  29.998787   31.161448   29.192167   30.164177   30.109507   30.37908
  30.440042   30.73919    30.25534    31.353653   31.030031   29.014645  ]], shape=(1, 18), dtype=float32)"
1236,[6 2 4 2 0 0 0 0 6 3 1 0 0 0 0 4 5 0 0 0 0 0 0 0 24],"tf.Tensor([0.8810851  1.209608   0.02831855 0.55416703 0.87807983 4.        ], shape=(6,), dtype=float32)",0.1,[6 3 4 2 6 0 0 0 0 2 5 0 0 0 0 4 5 0 0 0 0 0 0 0 24],False,"tf.Tensor(
[[8.8108510e-01 1.2096080e+00 2.8318554e-02 5.5416703e-01 8.7807983e-01
  3.0960388e+01 3.0859259e+01 3.1504141e+01 3.0950943e+01 3.2445126e+01
  3.0948088e+01 3.1060930e+01 3.0512753e+01 3.0372322e+01 3.1295338e+01
  3.2071987e+01 3.0868908e+01 3.0372271e+01]], shape=(1, 18), dtype=float32)"
1237,[6 3 4 2 6 0 0 0 0 2 5 0 0 0 0 4 5 0 0 0 0 0 0 0 24],"tf.Tensor([0.65793186 1.8007467  0.7117516  1.5578343  0.8661291  4.        ], shape=(6,), dtype=float32)",0.0,[7 1 0 0 0 0 0 4 2 4 1 2 0 0 0 4 5 0 0 0 0 0 0 0 24],False,"tf.Tensor(
[[ 0.65793186  1.8007467   0.7117516   1.5578343   0.8661291  35.035954
  33.54767    35.383286   34.888264   35.888638   35.457367   35.005596
  33.203968   34.11855    35.267536   35.17982    34.88934    35.148174  ]], shape=(1, 18), dtype=float32)"
1238,[7 1 0 0 0 0 0 4 2 4 1 2 0 0 0 4 5 0 0 0 0 0 0 0 24],[0 0 0 0 1 4],0.1,[7 2 4 0 0 0 0 1 3 4 5 0 0 0 0 4 5 0 0 0 0 0 0 0 24],False,"tf.Tensor(
[[ 1.1721501   1.4509488   0.7500355   0.74323404  0.05171376 28.127798
  27.39375    29.221743   27.442606   28.489716   27.981493   28.550583
  27.297182   27.465178   28.248116   28.31703    28.81026    26.999632  ]], shape=(1, 18), dtype=float32)"
1239,[7 2 4 0 0 0 0 1 3 4 5 0 0 0 0 4 5 0 0 0 0 0 0 0 24],"tf.Tensor([0.7596664  1.5849386  0.60090184 0.7645446  0.85541433 4.        ], shape=(6,), dtype=float32)",0.1,[7 3 4 3 0 0 0 1 0 4 5 0 0 0 0 4 5 0 0 0 0 0 0 0 24],False,"tf.Tensor(
[[ 0.7596664   1.5849386   0.60090184  0.7645446   0.85541433 31.60982
  30.959131   32.043594   31.24533    32.252914   31.275688   32.127487
  30.840149   30.746737   31.849651   32.09122    32.211185   30.619053  ]], shape=(1, 18), dtype=float32)"
1240,[7 3 4 3 0 0 0 1 0 4 5 0 0 0 0 4 5 0 0 0 0 0 0 0 24],"tf.Tensor([0.5297503  1.5556419  0.7609148  0.4562477  0.81050473 4.        ], shape=(6,), dtype=float32)",-10.0,[8 1 0 0 0 0 0 4 3 3 6 4 0 0 0 4 0 0 0 0 0 0 0 0 24],False,"tf.Tensor(
[[ 0.5297503   1.5556419   0.7609148   0.4562477   0.81050473 32.83768
  32.168858   33.158916   32.77741    33.912056   32.319923   33.255604
  32.00454    31.947588   33.334644   32.992085   33.249172   31.884285  ]], shape=(1, 18), dtype=float32)"
1241,[8 1 0 0 0 0 0 4 3 3 6 4 0 0 0 4 0 0 0 0 0 0 0 0 24],"tf.Tensor([1.6582859 2.0218897 1.0424694 1.2456316 0.0514403 2.       ], shape=(6,), dtype=float32)",0.4,[8 2 3 1 1 3 0 0 0 0 0 1 0 0 0 4 0 0 0 0 0 0 0 0 24],False,"tf.Tensor(
[[ 1.6582859  2.0218897  1.0424694  1.2456316  0.0514403 31.405092
  30.233065  32.60062   29.853022  30.69158   30.962992  32.178123
  30.794735  30.46416   31.098284  31.92757   32.50286   29.62992  ]], shape=(1, 18), dtype=float32)"
1242,[8 2 3 1 1 3 0 0 0 0 0 1 0 0 0 4 0 0 0 0 0 0 0 0 24],"tf.Tensor([ 0.72563237  0.5097023   0.6649846   0.7488315  -0.6489814   4.        ], shape=(6,), dtype=float32)",0.0,[8 3 3 1 1 3 0 0 0 0 0 3 0 0 0 4 0 0 0 0 0 0 0 0 24],False,"tf.Tensor(
[[ 0.72563237  0.5097023   0.6649846   0.7488315  -0.6489814  27.270878
  26.409508   28.533852   27.720625   28.534294   27.87777    28.189562
  24.957186   25.742666   27.380352   27.308928   27.05185    27.612894  ]], shape=(1, 18), dtype=float32)"
1243,[8 3 3 1 1 3 0 0 0 0 0 3 0 0 0 4 0 0 0 0 0 0 0 0 24],"tf.Tensor([ 0.6936942   0.7620245   0.92321265  0.82729065 -0.4169721   2.        ], shape=(6,), dtype=float32)",12.0,[9 1 0 0 0 0 0 3 1 1 3 4 0 0 6 4 0 0 0 0 0 0 0 0 24],False,"tf.Tensor(
[[ 0.6936942   0.7620245   0.92321265  0.82729065 -0.4169721  28.1569
  27.558178   29.327415   28.465845   29.257797   28.847586   28.844662
  26.263      26.985188   28.324373   28.32152    27.973663   28.302967  ]], shape=(1, 18), dtype=float32)"
1244,[9 1 0 0 0 0 0 3 1 1 3 4 0 0 6 4 0 0 0 0 0 0 0 0 24],"tf.Tensor([ 1.0185047   0.9965764   0.21389118  0.835099   -0.82218736  2.        ], shape=(6,), dtype=float32)",0.2,[9 2 1 5 0 0 0 0 0 2 3 5 0 0 6 4 0 0 0 0 0 0 0 0 24],False,"tf.Tensor(
[[ 1.0185047   0.9965764   0.21389118  0.835099   -0.82218736 27.504562
  26.866934   29.330538   25.782778   27.491032   27.50644    28.678164
  26.287651   26.873775   27.426739   27.63007    27.823326   27.191317  ]], shape=(1, 18), dtype=float32)"
1245,[9 2 1 5 0 0 0 0 0 2 3 5 0 0 6 4 0 0 0 0 0 0 0 0 24],"tf.Tensor([ 0.71554977  1.2576885  -0.12242052  0.17939116 -0.23389739  2.        ], shape=(6,), dtype=float32)",0.0,[9 3 1 5 0 0 0 0 0 5 5 3 0 0 6 4 0 0 0 0 0 0 0 0 24],False,"tf.Tensor(
[[ 0.71554977  1.2576885  -0.12242052  0.17939116 -0.23389739 30.458094
  30.075289   31.483824   29.10511    30.953915   29.740831   30.985943
  29.12124    30.459433   30.25185    30.544212   29.748318   29.93595   ]], shape=(1, 18), dtype=float32)"
1246,[9 3 1 5 0 0 0 0 0 5 5 3 0 0 6 4 0 0 0 0 0 0 0 0 24],"tf.Tensor([ 0.34235305  1.2698019  -0.33592996 -0.06093131  0.13226384  2.        ], shape=(6,), dtype=float32)",-12.0,[10 1 0 0 0 0 0 1 5 3 4 2 0 0 0 4 0 0 0 0 0 0 0 0 24],False,"tf.Tensor(
[[ 0.34235305  1.2698019  -0.33592996 -0.06093131  0.13226384 33.272522
  32.762463   33.365795   31.407963   33.25404    31.548523   33.211464
  31.997902   33.06385    33.015217   33.01157    32.314648   32.39381   ]], shape=(1, 18), dtype=float32)"
1247,[10 1 0 0 0 0 0 1 5 3 4 2 0 0 0 4 0 0 0 0 0 0 0 0 24],"tf.Tensor([ 1.2191365   1.171049   -0.12131545  0.7145268  -0.47002286  6.        ], shape=(6,), dtype=float32)",0.2,[10 2 2 4 0 0 0 0 0 1 3 4 0 0 0 4 0 0 0 0 0 0 0 0 24],False,"tf.Tensor(
[[ 1.2191365   1.171049   -0.12131545  0.7145268  -0.47002286 29.397228
  28.635798   30.612495   28.403873   29.52632    29.27397    30.613792
  27.999859   28.136505   28.98756    30.389874   29.335316   28.547287  ]], shape=(1, 18), dtype=float32)"
1248,[10 2 2 4 0 0 0 0 0 1 3 4 0 0 0 4 0 0 0 0 0 0 0 0 24],"tf.Tensor([ 1.0455213   1.157343    0.3941131   0.37724817 -0.5929765   2.        ], shape=(6,), dtype=float32)",0.0,[10 3 2 4 0 0 0 0 0 3 2 6 0 0 0 4 0 0 0 0 0 0 0 0 24],False,"tf.Tensor(
[[ 1.0455213   1.157343    0.3941131   0.37724817 -0.5929765  29.666294
  28.903675   30.932993   29.682905   30.619501   29.689127   30.832048
  27.786285   28.394997   29.446775   30.17406    29.39729    28.966194  ]], shape=(1, 18), dtype=float32)"
1249,[10 3 2 4 0 0 0 0 0 3 2 6 0 0 0 4 0 0 0 0 0 0 0 0 24],"tf.Tensor([ 0.7963974   1.311763    0.7168219   0.41924095 -0.2682007   2.        ], shape=(6,), dtype=float32)",0.0,[11 1 0 0 0 0 0 2 4 1 4 5 0 0 0 4 0 0 0 0 0 0 0 0 24],False,"tf.Tensor(
[[ 0.7963974   1.311763    0.7168219   0.41924095 -0.2682007  31.082537
  30.771523   32.08323    30.65232    31.801805   31.042727   32.006847
  30.07426    30.513111   31.086695   31.864384   30.747892   30.299835  ]], shape=(1, 18), dtype=float32)"
1250,[11 1 0 0 0 0 0 2 4 1 4 5 0 0 0 4 0 0 0 0 0 0 0 0 24],"tf.Tensor([ 1.379196    1.4568845   0.32660523  0.82986176 -0.41444618  2.        ], shape=(6,), dtype=float32)",0.2,[11 2 5 6 0 0 0 0 0 5 4 2 0 0 0 4 0 0 0 0 0 0 0 0 24],False,"tf.Tensor(
[[ 1.379196    1.4568845   0.32660523  0.82986176 -0.41444618 29.883509
  28.951826   31.172102   28.871544   29.583136   29.851376   30.839653
  28.46185    28.767376   29.332998   30.500467   30.064255   28.745207  ]], shape=(1, 18), dtype=float32)"
1251,[11 2 5 6 0 0 0 0 0 5 4 2 0 0 0 4 0 0 0 0 0 0 0 0 24],"tf.Tensor([ 0.1551836   1.082022    0.11045805 -0.09910475  0.595182    4.        ], shape=(6,), dtype=float32)",0.0,[11 3 5 6 0 0 0 0 0 1 4 1 0 0 0 4 0 0 0 0 0 0 0 0 24],False,"tf.Tensor(
[[ 0.1551836   1.082022    0.11045805 -0.09910475  0.595182   35.509533
  35.512905   35.64955    35.288704   36.880955   34.69757    36.2996
  34.777573   34.636265   36.073547   36.29147    35.224422   34.44859   ]], shape=(1, 18), dtype=float32)"
1252,[11 3 5 6 0 0 0 0 0 1 4 1 0 0 0 4 0 0 0 0 0 0 0 0 24],[ 1  1  1  1  0 11],0.0,[12 1 0 0 0 0 0 5 6 2 4 2 0 0 0 4 0 0 0 0 0 0 0 0 24],False,"tf.Tensor(
[[ 0.30009347  0.6937977  -0.06254348 -0.14247619  0.11773676 33.38354
  33.20296    34.0043     33.93262    35.289257   33.09158    34.33416
  31.734539   31.931797   33.849022   33.88107    32.972088   32.768948  ]], shape=(1, 18), dtype=float32)"
1253,[12 1 0 0 0 0 0 5 6 2 4 2 0 0 0 4 0 0 0 0 0 0 0 0 24],"tf.Tensor([ 1.0717176   0.761888   -0.20852777  0.7450038  -0.45808893  2.        ], shape=(6,), dtype=float32)",0.1,[12 2 3 0 0 0 0 0 1 4 2 1 0 0 0 4 0 0 0 0 0 0 0 0 24],False,"tf.Tensor(
[[ 1.0717176   0.761888   -0.20852777  0.7450038  -0.45808893 31.526752
  30.937607   32.492714   29.849361   31.07965    31.17903    32.34865
  30.196127   30.245926   31.153069   32.20368    31.47436    30.449968  ]], shape=(1, 18), dtype=float32)"
1254,[12 2 3 0 0 0 0 0 1 4 2 1 0 0 0 4 0 0 0 0 0 0 0 0 24],"tf.Tensor([ 0.33200043  0.02162586 -0.05639073  0.02558757 -0.8315174   6.        ], shape=(6,), dtype=float32)",0.0,[12 3 3 0 0 0 0 0 6 6 1 2 0 0 0 4 0 0 0 0 0 0 0 0 24],False,"tf.Tensor(
[[ 3.3200043e-01  2.1625862e-02 -5.6390733e-02  2.5587574e-02
  -8.3151740e-01  2.9102304e+01  2.8736647e+01  3.0015114e+01
   2.9098459e+01  3.0376005e+01  2.9074244e+01  3.0873991e+01
   2.7207912e+01  2.7127060e+01  2.9353355e+01  2.9653189e+01
   2.8727877e+01  2.8711435e+01]], shape=(1, 18), dtype=float32)"
1255,[12 3 3 0 0 0 0 0 6 6 1 2 0 0 0 4 0 0 0 0 0 0 0 0 24],[0 1 1 1 1 4],0.0,[13 1 0 0 0 0 0 3 4 4 6 3 0 0 0 4 0 0 0 0 0 0 0 0 24],False,"tf.Tensor(
[[ 0.10541601  0.19089882 -0.3186119   0.16387907 -0.09653872 32.266037
  32.95937    32.84304    31.284746   33.397068   32.3637     33.60788
  32.138897   31.675398   32.914272   34.103874   31.553099   31.985886  ]], shape=(1, 18), dtype=float32)"
1256,[13 1 0 0 0 0 0 3 4 4 6 3 0 0 0 4 0 0 0 0 0 0 0 0 24],"tf.Tensor([ 0.9503446   1.0672522  -0.05977353  0.74279237 -0.53175646  6.        ], shape=(6,), dtype=float32)",0.2,[13 2 2 3 0 0 0 0 0 5 3 6 0 0 0 4 0 0 0 0 0 0 0 0 24],False,"tf.Tensor(
[[ 0.9503446   1.0672522  -0.05977353  0.74279237 -0.53175646 32.561123
  31.741001   33.392677   30.790144   31.873917   32.066734   33.749657
  31.176132   31.21415    32.09377    33.306755   32.447525   31.392591  ]], shape=(1, 18), dtype=float32)"
1257,[13 2 2 3 0 0 0 0 0 5 3 6 0 0 0 4 0 0 0 0 0 0 0 0 24],"tf.Tensor([ 0.39345783  0.9528285   0.35788634  0.16957165 -0.36732894  6.        ], shape=(6,), dtype=float32)",0.0,[13 3 2 3 0 0 0 0 0 3 3 2 0 0 0 4 0 0 0 0 0 0 0 0 24],False,"tf.Tensor(
[[ 0.39345783  0.9528285   0.35788634  0.16957165 -0.36732894 32.595413
  32.419468   33.226887   31.714558   32.979267   32.198265   33.75261
  31.513617   31.89384    32.6128     33.31539    32.026463   31.636946  ]], shape=(1, 18), dtype=float32)"
1258,[13 3 2 3 0 0 0 0 0 3 3 2 0 0 0 4 0 0 0 0 0 0 0 0 24],"tf.Tensor([ 0.27491325  0.16421483 -0.23716125 -0.27316666 -0.8043143   6.        ], shape=(6,), dtype=float32)",0.0,[14 1 0 0 0 0 0 2 3 5 4 1 0 0 0 4 0 0 0 0 0 0 0 0 24],True,"tf.Tensor(
[[ 0.27491325  0.16421483 -0.23716125 -0.27316666 -0.8043143  30.71179
  30.394304   31.477314   30.75756    31.983057   30.411674   32.180695
  28.57912    28.934612   30.780262   31.082008   29.85859    30.257437  ]], shape=(1, 18), dtype=float32)"
1259,[1 1 0 0 0 0 0 5 4 1 3 1 0 0 0 0 0 0 0 0 0 0 0 0 0],"tf.Tensor([ 2.3703046  3.6028943  0.8435104  2.848267   4.727062  11.       ], shape=(6,), dtype=float32)",0.4,[1 2 5 4 3 1 0 0 0 5 0 0 0 0 0 0 0 0 0 0 0 0 0 0 0],False,"tf.Tensor(
[[ 2.3703046  3.6028943  0.8435104  2.848267   4.727062  16.334827
  13.943714  15.776451  14.663398  13.862709  16.071373  14.894978
  15.748313  17.243128  14.810573  15.684881  17.71112   15.016495 ]], shape=(1, 18), dtype=float32)"
1260,[1 2 5 4 3 1 0 0 0 5 0 0 0 0 0 0 0 0 0 0 0 0 0 0 0],"tf.Tensor([ 3.3144488  4.21922    2.123872   3.0347836  4.6373386 10.       ], shape=(6,), dtype=float32)",0.1,[1 3 5 4 3 1 5 0 0 0 0 0 0 0 0 0 0 0 0 0 0 0 0 0 0],False,"tf.Tensor(
[[ 3.3144488  4.21922    2.123872   3.0347836  4.6373386 20.371014
  17.353792  21.140139  19.547138  20.266754  21.397055  21.125584
  21.869816  21.384388  20.015482  22.938513  22.119413  21.735939 ]], shape=(1, 18), dtype=float32)"
1261,[1 3 5 4 3 1 5 0 0 0 0 0 0 0 0 0 0 0 0 0 0 0 0 0 0],[1 0 1 0 1 6],0.0,[2 1 0 0 0 0 0 5 4 1 3 1 0 0 0 0 0 0 0 0 0 0 0 0 0],False,"tf.Tensor(
[[ 3.4189157  3.7455149  2.0618293  3.420618   4.403122  20.747507
  17.357515  21.866217  19.514118  20.590513  22.155529  21.436129
  22.19619   21.242792  20.424587  23.131855  22.052094  22.884962 ]], shape=(1, 18), dtype=float32)"
1262,[2 1 0 0 0 0 0 5 4 1 3 1 0 0 0 0 0 0 0 0 0 0 0 0 0],"tf.Tensor([ 2.27286     3.3958287   0.62532735  2.7817488   4.458161   11.        ], shape=(6,), dtype=float32)",0.4,[2 2 1 3 5 6 0 0 0 5 0 0 0 0 0 0 0 0 0 0 0 0 0 0 0],False,"tf.Tensor(
[[ 2.27286     3.3958287   0.62532735  2.7817488   4.458161   16.28951
  14.1537485  15.845254   14.365187   13.76971    16.028957   14.872852
  15.773031   17.369553   14.846591   15.695097   17.587894   14.921965  ]], shape=(1, 18), dtype=float32)"
1263,[2 2 1 3 5 6 0 0 0 5 0 0 0 0 0 0 0 0 0 0 0 0 0 0 0],"tf.Tensor([ 3.6428127  4.371494   1.920184   3.7130647  4.376081  10.       ], shape=(6,), dtype=float32)",0.1,[2 3 1 3 5 6 5 0 0 0 0 0 0 0 0 0 0 0 0 0 0 0 0 0 0],False,"tf.Tensor(
[[ 3.6428127  4.371494   1.920184   3.7130647  4.376081  22.076399
  18.322393  23.51158   20.374878  21.191036  23.455124  23.025242
  23.157732  22.665136  21.548025  24.760874  23.270592  24.609865 ]], shape=(1, 18), dtype=float32)"
1264,[2 3 1 3 5 6 5 0 0 0 0 0 0 0 0 0 0 0 0 0 0 0 0 0 0],"tf.Tensor([ 3.498272   4.07495    2.2650826  4.1914277  3.9285464 12.       ], shape=(6,), dtype=float32)",40.0,[3 1 0 0 0 0 0 1 3 3 5 6 0 0 0 0 0 0 0 0 0 0 0 0 20],False,"tf.Tensor(
[[ 3.498272   4.07495    2.2650826  4.1914277  3.9285464 23.133005
  19.072771  25.155579  21.494251  22.76866   25.245173  24.063627
  24.310263  23.250963  23.069897  25.742481  24.272738  26.261517 ]], shape=(1, 18), dtype=float32)"
1265,[3 1 0 0 0 0 0 1 3 3 5 6 0 0 0 0 0 0 0 0 0 0 0 0 20],"tf.Tensor([ 1.941522   3.1309252  2.0870686  1.5247941  1.9351679 11.       ], shape=(6,), dtype=float32)",0.5,[3 2 4 5 2 3 6 0 0 0 0 0 0 0 0 0 0 0 0 0 0 0 0 0 20],False,"tf.Tensor(
[[ 1.941522   3.1309252  2.0870686  1.5247941  1.9351679 28.200312
  27.287138  28.07831   27.401104  26.607311  27.38918   27.332495
  27.98993   28.59115   26.871626  28.442472  29.370167  25.798958 ]], shape=(1, 18), dtype=float32)"
1266,[3 2 4 5 2 3 6 0 0 0 0 0 0 0 0 0 0 0 0 0 0 0 0 0 20],"tf.Tensor([1.452983  2.6455607 1.9181681 1.7156363 2.3604593 8.       ], shape=(6,), dtype=float32)",0.0,[3 3 4 5 2 3 6 0 0 0 0 0 0 0 0 0 0 0 0 0 0 0 0 0 20],False,"tf.Tensor(
[[ 1.452983   2.6455607  1.9181681  1.7156363  2.3604593 35.089176
  33.319588  33.996063  35.134468  34.257355  34.64162   33.283165
  33.128227  35.14752   33.924286  34.086502  34.98927   33.750755 ]], shape=(1, 18), dtype=float32)"
1267,[3 3 4 5 2 3 6 0 0 0 0 0 0 0 0 0 0 0 0 0 0 0 0 0 20],[ 1  1  1  0  0 11],0.0,[4 1 0 0 0 0 0 4 5 2 3 6 0 0 0 0 0 0 0 0 0 0 0 0 20],False,"tf.Tensor(
[[ 1.4097024  2.543768   1.9190506  1.6638675  2.3621116 35.52054
  33.87513   34.538906  35.611973  34.86945   35.19686   33.833168
  33.759995  35.5876    34.516106  34.618183  35.436424  34.25315  ]], shape=(1, 18), dtype=float32)"
1268,[4 1 0 0 0 0 0 4 5 2 3 6 0 0 0 0 0 0 0 0 0 0 0 0 20],"tf.Tensor([ 1.8342198  2.7733803  1.9750065  1.461219   1.9272906 11.       ], shape=(6,), dtype=float32)",0.5,[4 2 3 1 5 2 4 0 0 0 0 0 0 0 0 0 0 0 0 0 0 0 0 0 20],False,"tf.Tensor(
[[ 1.8342198  2.7733803  1.9750065  1.461219   1.9272906 28.727253
  28.252918  28.733934  27.707623  27.325071  28.080694  27.642372
  28.888893  29.424446  27.754908  29.011513  29.918386  26.327353 ]], shape=(1, 18), dtype=float32)"
1269,[4 2 3 1 5 2 4 0 0 0 0 0 0 0 0 0 0 0 0 0 0 0 0 0 20],"tf.Tensor([1.128887  2.0773177 1.6596217 1.9772111 1.3847406 5.       ], shape=(6,), dtype=float32)",0.0,[4 3 3 1 5 2 4 0 0 0 0 0 0 0 0 0 0 0 0 0 0 0 0 0 20],False,"tf.Tensor(
[[ 1.128887   2.0773177  1.6596217  1.9772111  1.3847406 31.417997
  29.781404  30.831873  31.377754  30.620283  31.69306   30.273617
  28.931929  31.135525  30.452978  30.753414  31.098042  30.862122 ]], shape=(1, 18), dtype=float32)"
1270,[4 3 3 1 5 2 4 0 0 0 0 0 0 0 0 0 0 0 0 0 0 0 0 0 20],"tf.Tensor([1.0976843 1.9924937 1.663701  1.9538366 1.4398245 5.       ], shape=(6,), dtype=float32)",0.0,[5 1 0 0 0 0 0 3 1 5 2 4 0 0 0 0 0 0 0 0 0 0 0 0 20],False,"tf.Tensor(
[[ 1.0976843  1.9924937  1.663701   1.9538366  1.4398245 31.967104
  30.402554  31.428232  31.961018  31.28818   32.328136  30.876938
  29.619726  31.664188  31.099607  31.350212  31.65681   31.483522 ]], shape=(1, 18), dtype=float32)"
1271,[5 1 0 0 0 0 0 3 1 5 2 4 0 0 0 0 0 0 0 0 0 0 0 0 20],"tf.Tensor([ 1.4800929  2.3098783  1.9226323  1.4514202  1.0530094 11.       ], shape=(6,), dtype=float32)",0.5,[5 2 3 3 1 4 4 0 0 0 0 0 0 0 0 0 0 0 0 0 0 0 0 0 20],False,"tf.Tensor(
[[ 1.4800929  2.3098783  1.9226323  1.4514202  1.0530094 27.742222
  26.982647  27.832914  26.454231  26.329136  27.091185  27.489128
  27.402096  27.905628  26.998585  27.879108  28.768007  25.713953 ]], shape=(1, 18), dtype=float32)"
1272,[5 2 3 3 1 4 4 0 0 0 0 0 0 0 0 0 0 0 0 0 0 0 0 0 20],"tf.Tensor([0.94360673 1.8093746  1.5757298  1.2675321  1.3242532  3.        ], shape=(6,), dtype=float32)",0.0,[5 3 3 3 1 4 4 0 0 0 0 0 0 0 0 0 0 0 0 0 0 0 0 0 20],False,"tf.Tensor(
[[ 0.94360673  1.8093746   1.5757298   1.2675321   1.3242532  30.974703
  29.920406   30.247482   31.029327   30.326452   30.72812    29.745762
  28.968773   30.746674   30.137133   30.232973   30.580656   30.031815  ]], shape=(1, 18), dtype=float32)"
1273,[5 3 3 3 1 4 4 0 0 0 0 0 0 0 0 0 0 0 0 0 0 0 0 0 20],"tf.Tensor([0.90656817 1.7102722  1.5684751  1.2267053  1.3363516  3.        ], shape=(6,), dtype=float32)",16.0,[6 1 0 0 0 0 0 3 3 1 4 4 0 0 0 8 0 0 0 0 0 0 0 0 20],False,"tf.Tensor(
[[ 0.90656817  1.7102722   1.5684751   1.2267053   1.3363516  31.438288
  30.505531   30.820791   31.518341   30.95172    31.309235   30.32449
  29.637318   31.220448   30.754835   30.800488   31.06495    30.56651   ]], shape=(1, 18), dtype=float32)"
1274,[6 1 0 0 0 0 0 3 3 1 4 4 0 0 0 8 0 0 0 0 0 0 0 0 20],"tf.Tensor([ 1.3859286   1.1950889   0.28982988  1.0310841  -0.4866272   2.        ], shape=(6,), dtype=float32)",0.30000000000000004,[6 2 1 6 4 0 0 0 0 4 0 1 0 0 0 8 0 0 0 0 0 0 0 0 20],False,"tf.Tensor(
[[ 1.3859286   1.1950889   0.28982988  1.0310841  -0.4866272  23.354044
  22.131783   25.201881   21.970863   23.629839   23.371138   24.229345
  23.005623   22.117754   23.67623    23.823769   24.29328    22.86639   ]], shape=(1, 18), dtype=float32)"
1275,[6 2 1 6 4 0 0 0 0 4 0 1 0 0 0 8 0 0 0 0 0 0 0 0 20],"tf.Tensor([ 0.5554671   0.49153817 -0.5108832   0.59816337 -0.5389482   4.        ], shape=(6,), dtype=float32)",0.0,[6 3 1 6 4 0 0 0 0 2 0 1 0 0 0 8 0 0 0 0 0 0 0 0 20],False,"tf.Tensor(
[[ 0.5554671   0.49153817 -0.5108832   0.59816337 -0.5389482  27.553654
  26.400927   28.584175   26.804298   29.243036   27.438839   28.122507
  26.342682   26.114813   28.219536   28.193409   26.682665   28.1318    ]], shape=(1, 18), dtype=float32)"
1276,[6 3 1 6 4 0 0 0 0 2 0 1 0 0 0 8 0 0 0 0 0 0 0 0 20],"tf.Tensor([ 0.48486328  0.28544044 -0.4964821   0.49324813 -0.7827815   4.        ], shape=(6,), dtype=float32)",0.0,[7 1 0 0 0 0 0 1 6 2 4 5 0 0 0 8 0 0 0 0 0 0 0 0 20],False,"tf.Tensor(
[[ 0.48486328  0.28544044 -0.4964821   0.49324813 -0.7827815  26.579674
  25.548733   27.96575    26.214413   28.691652   26.872921   27.393848
  25.350096   25.136236   27.465618   27.2729     25.658926   27.4973    ]], shape=(1, 18), dtype=float32)"
1277,[7 1 0 0 0 0 0 1 6 2 4 5 0 0 0 8 0 0 0 0 0 0 0 0 20],"tf.Tensor([ 1.1405053   1.4244409  -0.17567345  1.0697834  -0.0093722   2.        ], shape=(6,), dtype=float32)",0.30000000000000004,[7 2 3 4 3 0 0 0 0 2 0 1 0 0 0 8 0 0 0 0 0 0 0 0 20],False,"tf.Tensor(
[[ 1.1405053e+00  1.4244409e+00 -1.7567345e-01  1.0697834e+00
  -9.3722045e-03  2.4779055e+01  2.4076506e+01  2.6374557e+01
   2.3006157e+01  2.4922932e+01  2.4854244e+01  2.5450617e+01
   2.4961769e+01  2.4357828e+01  2.5024010e+01  2.5934980e+01
   2.5235155e+01  2.4493259e+01]], shape=(1, 18), dtype=float32)"
1278,[7 2 3 4 3 0 0 0 0 2 0 1 0 0 0 8 0 0 0 0 0 0 0 0 20],"tf.Tensor([ 0.29089046  0.02954733 -0.444146    0.348092   -0.754387    4.        ], shape=(6,), dtype=float32)",0.0,[7 3 3 4 3 0 0 0 0 5 0 4 0 0 0 8 0 0 0 0 0 0 0 0 20],False,"tf.Tensor(
[[ 0.29089046  0.02954733 -0.444146    0.348092   -0.754387   25.027905
  24.164516   26.431505   24.836952   27.226515   25.280588   26.16422
  23.80007    23.529568   26.008091   25.618317   24.444912   25.961744  ]], shape=(1, 18), dtype=float32)"
1279,[7 3 3 4 3 0 0 0 0 5 0 4 0 0 0 8 0 0 0 0 0 0 0 0 20],"tf.Tensor([ 0.07500505  0.4487461  -0.08636305  0.59445584 -0.31571826  4.        ], shape=(6,), dtype=float32)",0.0,[8 1 0 0 0 0 0 3 4 4 3 3 0 0 0 8 0 0 0 0 0 0 0 0 20],False,"tf.Tensor(
[[ 0.07500505  0.4487461  -0.08636305  0.59445584 -0.31571826 27.90943
  27.69392    28.9519     26.762466   29.553616   28.079786   28.666079
  28.042656   27.264124   29.21567    29.089512   27.38858    28.332119  ]], shape=(1, 18), dtype=float32)"
1280,[8 1 0 0 0 0 0 3 4 4 3 3 0 0 0 8 0 0 0 0 0 0 0 0 20],"tf.Tensor([ 0.8016182   0.63896656 -0.24524376  0.88216865 -0.63732743  2.        ], shape=(6,), dtype=float32)",0.0,[8 2 0 0 0 0 0 1 5 6 6 1 0 0 0 8 0 0 0 0 0 0 0 0 20],False,"tf.Tensor(
[[ 0.8016182   0.63896656 -0.24524376  0.88216865 -0.63732743 24.697496
  24.003914   26.222483   22.648975   24.948921   24.583332   25.699429
  24.599564   23.756237   25.24659    25.558846   25.05237    24.494171  ]], shape=(1, 18), dtype=float32)"
1281,[8 2 0 0 0 0 0 1 5 6 6 1 0 0 0 8 0 0 0 0 0 0 0 0 20],"tf.Tensor([ 0.62980366  0.6907754  -0.62736523  0.88011444 -0.3581873  10.        ], shape=(6,), dtype=float32)",0.0,[8 3 0 0 0 0 0 4 5 3 6 1 0 0 0 8 0 0 0 0 0 0 0 0 20],False,"tf.Tensor(
[[ 0.62980366  0.6907754  -0.62736523  0.88011444 -0.3581873  26.634918
  25.945992   27.7379     24.429817   26.739832   26.24688    27.72552
  26.466148   25.53514    26.976402   27.802216   26.67369    26.571545  ]], shape=(1, 18), dtype=float32)"
1282,[8 3 0 0 0 0 0 4 5 3 6 1 0 0 0 8 0 0 0 0 0 0 0 0 20],"tf.Tensor([ 0.73917556  0.6968012  -0.47892353  0.8150797  -0.30626425  2.        ], shape=(6,), dtype=float32)",0.0,[9 1 0 0 0 0 0 1 2 6 6 6 0 0 0 8 0 0 0 0 0 0 0 0 20],False,"tf.Tensor(
[[ 0.73917556  0.6968012  -0.47892353  0.8150797  -0.30626425 26.817772
  26.072632   28.046854   24.794765   26.909481   26.452028   27.622684
  26.655424   25.454796   27.320717   27.632742   27.224833   26.519718  ]], shape=(1, 18), dtype=float32)"
1283,[9 1 0 0 0 0 0 1 2 6 6 6 0 0 0 8 0 0 0 0 0 0 0 0 20],"tf.Tensor([ 0.75269914  1.2691492   0.18570462  1.0673612  -0.46062765  2.        ], shape=(6,), dtype=float32)",0.2,[9 2 3 5 0 0 0 3 0 3 0 6 0 0 0 8 0 0 0 0 0 0 0 0 20],False,"tf.Tensor(
[[ 0.75269914  1.2691492   0.18570462  1.0673612  -0.46062765 26.934307
  26.077084   28.218422   24.380424   26.449007   26.585463   28.098837
  27.202633   26.351954   27.28538    27.922615   27.351517   26.342663  ]], shape=(1, 18), dtype=float32)"
1284,[9 2 3 5 0 0 0 3 0 3 0 6 0 0 0 8 0 0 0 0 0 0 0 0 20],"tf.Tensor([ 0.26477873  0.44116092  0.11632839  0.40178815 -0.51666915  2.        ], shape=(6,), dtype=float32)",0.0,[9 3 3 5 0 0 0 2 0 5 0 5 0 0 0 8 0 0 0 0 0 0 0 0 20],False,"tf.Tensor(
[[ 0.26477873  0.44116092  0.11632839  0.40178815 -0.51666915 26.866161
  26.79421    28.242239   25.386547   28.204489   26.83762    27.724287
  27.27471    26.413404   28.114952   27.792458   26.764256   26.852434  ]], shape=(1, 18), dtype=float32)"
1285,[9 3 3 5 0 0 0 2 0 5 0 5 0 0 0 8 0 0 0 0 0 0 0 0 20],"tf.Tensor([-0.04589772  0.17301226 -0.05364141  0.15453675 -0.46661636  4.        ], shape=(6,), dtype=float32)",10.0,[10 1 0 0 0 0 0 2 3 3 5 4 0 0 0 8 5 0 0 0 0 0 0 0 20],False,"tf.Tensor(
[[-0.04589772  0.17301226 -0.05364141  0.15453675 -0.46661636 27.757025
  28.009365   28.839828   26.302551   29.282192   27.572811   28.616558
  28.399145   27.265299   29.206718   28.853916   27.40446    27.762373  ]], shape=(1, 18), dtype=float32)"
1286,[10 1 0 0 0 0 0 2 3 3 5 4 0 0 0 8 5 0 0 0 0 0 0 0 20],"tf.Tensor([ 0.52731216  0.64426494 -0.55049145  0.2941964  -0.549654    2.        ], shape=(6,), dtype=float32)",0.0,[10 2 0 0 0 0 0 3 4 5 5 4 0 0 0 8 5 0 0 0 0 0 0 0 20],False,"tf.Tensor(
[[ 0.52731216  0.64426494 -0.55049145  0.2941964  -0.549654   25.498829
  24.84047    26.618713   23.792374   25.698235   25.042355   26.23652
  25.118755   24.625765   25.949804   25.947496   25.356085   25.056648  ]], shape=(1, 18), dtype=float32)"
1287,[10 2 0 0 0 0 0 3 4 5 5 4 0 0 0 8 5 0 0 0 0 0 0 0 20],"tf.Tensor([ 0.2867434   0.5365175  -0.47690925  0.43158916 -0.39909503  2.        ], shape=(6,), dtype=float32)",0.0,[10 3 0 0 0 0 0 3 3 4 4 2 0 0 0 8 5 0 0 0 0 0 0 0 20],False,"tf.Tensor(
[[ 0.2867434   0.5365175  -0.47690925  0.43158916 -0.39909503 27.661287
  27.460693   28.50329    25.273014   27.531637   27.157446   28.121311
  28.031576   27.14607    28.384592   28.412846   27.460785   27.100677  ]], shape=(1, 18), dtype=float32)"
1288,[10 3 0 0 0 0 0 3 3 4 4 2 0 0 0 8 5 0 0 0 0 0 0 0 20],"tf.Tensor([ 0.09836888 -0.05269957 -0.68404377  0.02293327 -0.7457042   2.        ], shape=(6,), dtype=float32)",0.0,[11 1 0 0 0 0 0 5 1 1 1 5 0 0 0 8 5 0 0 0 0 0 0 0 20],False,"tf.Tensor(
[[ 9.8368883e-02 -5.2699566e-02 -6.8404377e-01  2.2933275e-02
  -7.4570417e-01  2.5901527e+01  2.5595037e+01  2.6921175e+01
   2.4242290e+01  2.6483833e+01  2.5483080e+01  2.6676868e+01
   2.5743732e+01  2.4860506e+01  2.6766422e+01  2.6355608e+01
   2.5539778e+01  2.5830179e+01]], shape=(1, 18), dtype=float32)"
1289,[11 1 0 0 0 0 0 5 1 1 1 5 0 0 0 8 5 0 0 0 0 0 0 0 20],"tf.Tensor([ 0.4455582   0.1310978  -0.04270503  0.2418578  -0.72026265  2.        ], shape=(6,), dtype=float32)",0.0,[11 2 0 0 0 0 0 5 5 4 6 6 0 0 0 8 5 0 0 0 0 0 0 0 20],False,"tf.Tensor(
[[ 0.4455582   0.1310978  -0.04270503  0.2418578  -0.72026265 23.63277
  22.884537   25.31701    22.532257   24.25865    23.705427   24.447308
  23.189783   22.930702   24.330147   23.501583   23.923447   23.888784  ]], shape=(1, 18), dtype=float32)"
1290,[11 2 0 0 0 0 0 5 5 4 6 6 0 0 0 8 5 0 0 0 0 0 0 0 20],"tf.Tensor([ 0.3229525   1.1239021  -0.22128901  0.49455026  0.3862081   7.        ], shape=(6,), dtype=float32)",0.1,[11 3 5 0 0 0 0 5 0 4 2 1 0 0 0 8 5 0 0 0 0 0 0 0 20],False,"tf.Tensor(
[[ 0.3229525   1.1239021  -0.22128901  0.49455026  0.3862081  30.623594
  30.379179   31.057001   28.055515   30.007692   29.889332   30.555008
  31.570879   30.324203   31.318419   31.338507   30.61621    29.693325  ]], shape=(1, 18), dtype=float32)"
1291,[11 3 5 0 0 0 0 5 0 4 2 1 0 0 0 8 5 0 0 0 0 0 0 0 20],"tf.Tensor([-0.6027409  -0.6343975   0.01375762  0.02135304 -0.39045045  9.        ], shape=(6,), dtype=float32)",0.0,[12 1 0 0 0 0 0 2 6 2 4 4 0 0 0 8 5 0 0 0 0 0 0 0 20],False,"tf.Tensor(
[[-6.0274088e-01 -6.3439751e-01  1.3757616e-02  2.1353036e-02
  -3.9045045e-01  2.7464771e+01  2.7226982e+01  2.8181473e+01
   2.6285721e+01  2.8711430e+01  2.7122908e+01  2.8372570e+01
   2.7376146e+01  2.6349930e+01  2.9095245e+01  2.7359240e+01
   2.7566427e+01  2.7843374e+01]], shape=(1, 18), dtype=float32)"
1292,[12 1 0 0 0 0 0 2 6 2 4 4 0 0 0 8 5 0 0 0 0 0 0 0 20],"tf.Tensor([ 0.29106975  0.17599487 -1.0661863   0.151431   -0.42663106  2.        ], shape=(6,), dtype=float32)",0.0,[12 2 0 0 0 0 0 4 3 1 2 4 0 0 0 8 5 0 0 0 0 0 0 0 20],False,"tf.Tensor(
[[ 0.29106975  0.17599487 -1.0661863   0.151431   -0.42663106 26.453241
  26.21538    27.548887   24.684025   26.881834   26.262327   27.138908
  26.208332   25.866217   26.985537   27.144377   25.864943   26.38248   ]], shape=(1, 18), dtype=float32)"
1293,[12 2 0 0 0 0 0 4 3 1 2 4 0 0 0 8 5 0 0 0 0 0 0 0 20],[0 0 0 1 0 2],0.1,[12 3 2 0 0 0 0 6 2 1 0 4 0 0 0 8 5 0 0 0 0 0 0 0 20],False,"tf.Tensor(
[[ 0.08979917 -0.30161524 -0.6203445  -0.09857461 -0.7630762  24.617422
  24.24347    25.969774   23.32697    25.31085    24.470245   25.377607
  24.122425   23.92996    25.317604   24.620014   24.26599    24.957     ]], shape=(1, 18), dtype=float32)"
1294,[12 3 2 0 0 0 0 6 2 1 0 4 0 0 0 8 5 0 0 0 0 0 0 0 20],[1 1 1 1 0 7],0.0,[13 1 0 0 0 0 0 1 5 1 1 2 0 0 0 8 5 0 0 0 0 0 0 0 20],False,"tf.Tensor(
[[-0.18075502 -0.73676395 -0.20864162  0.06328908 -0.74831736 25.494736
  25.104263   26.582228   23.975002   26.165613   25.36767    25.899023
  25.31624    24.73356    26.578184   25.281624   25.038763   26.069057  ]], shape=(1, 18), dtype=float32)"
1295,[13 1 0 0 0 0 0 1 5 1 1 2 0 0 0 8 5 0 0 0 0 0 0 0 20],"tf.Tensor([-0.189556  -0.9651606 -1.3697102 -0.3607529 -0.9218391  4.       ], shape=(6,), dtype=float32)",0.0,[13 2 0 0 0 0 0 3 4 5 6 6 0 0 0 8 5 0 0 0 0 0 0 0 20],False,"tf.Tensor(
[[-0.189556  -0.9651606 -1.3697102 -0.3607529 -0.9218391 23.09664
  22.947393  24.593954  22.270374  24.762016  23.377745  24.483603
  22.101753  22.376637  23.79656   23.410572  22.017918  24.110008 ]], shape=(1, 18), dtype=float32)"
1296,[13 2 0 0 0 0 0 3 4 5 6 6 0 0 0 8 5 0 0 0 0 0 0 0 20],"tf.Tensor([ 0.06297874  0.64243627 -0.5965327   0.32805374 -0.05574307 10.        ], shape=(6,), dtype=float32)",0.0,[13 3 0 0 0 0 0 3 2 6 1 1 0 0 0 8 5 0 0 0 0 0 0 0 20],False,"tf.Tensor(
[[ 0.06297874  0.64243627 -0.5965327   0.32805374 -0.05574307 30.565231
  30.447464   30.925142   28.029488   30.082672   29.845488   30.85498
  30.954      30.053225   31.147318   31.372961   30.010454   29.895388  ]], shape=(1, 18), dtype=float32)"
1297,[13 3 0 0 0 0 0 3 2 6 1 1 0 0 0 8 5 0 0 0 0 0 0 0 20],"tf.Tensor([-0.6584363  -1.1639284  -1.036724   -0.38403913 -1.2501854   6.        ], shape=(6,), dtype=float32)",0.0,[14 1 0 0 0 0 0 6 5 6 1 6 0 0 0 8 5 0 0 0 0 0 0 0 20],True,"tf.Tensor(
[[-0.6584363  -1.1639284  -1.036724   -0.38403913 -1.2501854  25.579092
  25.777756   26.575096   24.013966   26.908953   25.374784   26.941633
  25.28837    24.348862   26.896542   26.083216   24.58566    26.254868  ]], shape=(1, 18), dtype=float32)"
1298,[1 1 0 0 0 0 0 6 4 6 5 6 0 0 0 0 0 0 0 0 0 0 0 0 0],"tf.Tensor([4.389391  6.5655074 1.9232085 3.2455568 7.392798  8.       ], shape=(6,), dtype=float32)",0.5,[1 2 6 4 6 5 6 0 0 0 0 0 0 0 0 0 0 0 0 0 0 0 0 0 0],False,"tf.Tensor(
[[ 4.389391   6.5655074  1.9232085  3.2455568  7.392798  24.827005
  20.550089  23.932665  22.146605  21.041548  23.83691   23.700457
  25.63838   27.029932  22.266245  25.452436  26.917942  23.046024 ]], shape=(1, 18), dtype=float32)"
1299,[1 2 6 4 6 5 6 0 0 0 0 0 0 0 0 0 0 0 0 0 0 0 0 0 0],[ 0  0  1  0  1 11],0.0,[1 3 6 4 6 5 6 0 0 0 0 0 0 0 0 0 0 0 0 0 0 0 0 0 0],False,"tf.Tensor(
[[ 4.5893507  5.468432   3.0532484  5.3890595  6.1988263 29.125923
  24.069345  31.204374  27.0912    28.159468  31.41126   29.961142
  30.676199  29.465527  28.62585   32.209595  31.18384   32.692905 ]], shape=(1, 18), dtype=float32)"
1300,[1 3 6 4 6 5 6 0 0 0 0 0 0 0 0 0 0 0 0 0 0 0 0 0 0],"tf.Tensor([ 4.6145196  5.4348764  3.0728788  5.375535   6.226856  12.       ], shape=(6,), dtype=float32)",54.0,[2 1 0 0 0 0 0 6 4 6 5 6 0 0 0 0 0 0 0 0 0 0 0 0 27],False,"tf.Tensor(
[[ 4.6145196  5.4348764  3.0728788  5.375535   6.226856  29.709139
  24.714567  31.799469  27.719414  28.804016  32.032845  30.585428
  31.312912  30.041676  29.230274  32.85246   31.741583  33.298313 ]], shape=(1, 18), dtype=float32)"
1301,[2 1 0 0 0 0 0 6 4 6 5 6 0 0 0 0 0 0 0 0 0 0 0 0 27],[0 0 1 0 0 9],0.1,[2 2 6 0 0 0 0 4 1 0 2 4 0 0 0 0 0 0 0 0 0 0 0 0 27],False,"tf.Tensor(
[[ 2.4407866  3.9945168  3.263373   2.2905746  3.0953767 39.133564
  37.813663  38.605297  37.4322    36.873005  37.66234   37.514175
  39.469833  39.880592  37.836224  38.84203   41.424557  35.645172 ]], shape=(1, 18), dtype=float32)"
1302,[2 2 6 0 0 0 0 4 1 0 2 4 0 0 0 0 0 0 0 0 0 0 0 0 27],"tf.Tensor([ 2.065813   3.706918   3.3678746  2.2009206  2.396833  11.       ], shape=(6,), dtype=float32)",0.4,[2 3 6 4 1 2 4 0 0 0 0 0 0 0 0 0 0 0 0 0 0 0 0 0 27],False,"tf.Tensor(
[[ 2.065813   3.706918   3.3678746  2.2009206  2.396833  35.265057
  34.104263  35.745583  35.536343  34.720543  35.35949   34.697575
  34.87007   35.32703   34.911972  35.212498  37.93684   32.858    ]], shape=(1, 18), dtype=float32)"
1303,[2 3 6 4 1 2 4 0 0 0 0 0 0 0 0 0 0 0 0 0 0 0 0 0 27],"tf.Tensor([ 1.4515574  3.229171   2.8540523  1.9944825  2.4155154 11.       ], shape=(6,), dtype=float32)",0.0,[3 1 0 0 0 0 0 3 5 6 2 1 0 0 0 0 0 0 0 0 0 0 0 0 27],False,"tf.Tensor(
[[ 1.4515574  3.229171   2.8540523  1.9944825  2.4155154 38.985943
  37.571568  38.40693   39.687675  38.824154  38.85034   37.75642
  37.26945   38.90985   38.400154  38.456917  39.83785   37.543633 ]], shape=(1, 18), dtype=float32)"
1304,[3 1 0 0 0 0 0 3 5 6 2 1 0 0 0 0 0 0 0 0 0 0 0 0 27],"tf.Tensor([ 2.3038445  3.241457   1.8959851  2.1290987  1.9615759 11.       ], shape=(6,), dtype=float32)",0.5,[3 2 6 4 6 4 1 0 0 0 0 0 0 0 0 0 0 0 0 0 0 0 0 0 27],False,"tf.Tensor(
[[ 2.3038445  3.241457   1.8959851  2.1290987  1.9615759 35.384033
  34.03883   35.409874  34.158142  33.936714  34.510815  34.67936
  34.45493   35.280865  34.043453  35.725147  36.88887   33.053722 ]], shape=(1, 18), dtype=float32)"
1305,[3 2 6 4 6 4 1 0 0 0 0 0 0 0 0 0 0 0 0 0 0 0 0 0 27],"tf.Tensor([1.1747949 3.0264661 2.8588    2.6262875 2.42362   3.       ], shape=(6,), dtype=float32)",0.0,[3 3 6 4 6 4 1 0 0 0 0 0 0 0 0 0 0 0 0 0 0 0 0 0 27],False,"tf.Tensor(
[[ 1.1747949  3.0264661  2.8588     2.6262875  2.42362   41.911224
  39.81899   41.51059   42.95195   42.41663   42.717285  40.76855
  39.266582  41.593468  41.477154  41.143044  42.3787    41.773754 ]], shape=(1, 18), dtype=float32)"
1306,[3 3 6 4 6 4 1 0 0 0 0 0 0 0 0 0 0 0 0 0 0 0 0 0 27],"tf.Tensor([1.1377556 2.92736   2.851544  2.585455  2.4357176 3.       ], shape=(6,), dtype=float32)",16.0,[4 1 0 0 0 0 0 6 4 6 4 1 0 0 0 8 0 0 0 0 0 0 0 0 27],False,"tf.Tensor(
[[ 1.1377556  2.92736    2.851544   2.585455   2.4357176 42.374805
  40.40412   42.0839    43.440968  43.041885  43.29839   41.347286
  39.935123  42.067245  42.094852  41.710556  42.862988  42.308445 ]], shape=(1, 18), dtype=float32)"
1307,[4 1 0 0 0 0 0 6 4 6 4 1 0 0 0 8 0 0 0 0 0 0 0 0 27],"tf.Tensor([ 1.7904451   1.8695271   0.9757589   1.6551694   0.14056228 11.        ], shape=(6,), dtype=float32)",0.4,[4 2 4 2 6 1 0 0 0 0 0 6 0 0 0 8 0 0 0 0 0 0 0 0 27],False,"tf.Tensor(
[[ 1.7904451   1.8695271   0.9757589   1.6551694   0.14056228 32.48445
  30.907072   34.252293   30.434977   32.731323   31.99727    33.238518
  32.501957   31.260838   33.038044   32.995834   34.403076   31.231033  ]], shape=(1, 18), dtype=float32)"
1308,[4 2 4 2 6 1 0 0 0 0 0 6 0 0 0 8 0 0 0 0 0 0 0 0 27],[0 1 1 0 1 6],0.1,[4 3 4 2 6 1 6 0 0 0 0 0 0 0 0 8 0 0 0 0 0 0 0 0 27],False,"tf.Tensor(
[[ 1.2731037   2.0430293   1.448061    2.2416084  -0.15216924 32.524284
  30.808535   34.638245   32.171524   34.04676    34.02873    33.2248
  31.23386    31.82881    33.2669     33.273693   33.03019    33.30496   ]], shape=(1, 18), dtype=float32)"
1309,[4 3 4 2 6 1 6 0 0 0 0 0 0 0 0 8 0 0 0 0 0 0 0 0 27],"tf.Tensor([1.1035793  1.5087708  0.86806226 1.9621828  0.07696806 2.        ], shape=(6,), dtype=float32)",0.0,[5 1 0 0 0 0 0 4 2 6 1 1 0 0 0 8 0 0 0 0 0 0 0 0 27],False,"tf.Tensor(
[[ 1.1035793   1.5087708   0.86806226  1.9621828   0.07696806 35.92
  33.57398    36.770844   35.381256   36.65178    36.472183   35.74449
  33.474083   34.664513   36.090775   35.665718   35.53142    36.491825  ]], shape=(1, 18), dtype=float32)"
1310,[5 1 0 0 0 0 0 4 2 6 1 1 0 0 0 8 0 0 0 0 0 0 0 0 27],"tf.Tensor([ 1.4331694  1.3075328  0.5915377  1.3016468 -0.6866472  2.       ], shape=(6,), dtype=float32)",0.30000000000000004,[5 2 6 5 5 0 0 0 0 3 0 1 0 0 0 8 0 0 0 0 0 0 0 0 27],False,"tf.Tensor(
[[ 1.4331694  1.3075328  0.5915377  1.3016468 -0.6866472 28.935713
  27.746532  31.22389   27.54702   30.005623  29.11496   30.47949
  28.586178  27.476105  29.727188  29.868347  30.403566  28.45245  ]], shape=(1, 18), dtype=float32)"
1311,[5 2 6 5 5 0 0 0 0 3 0 1 0 0 0 8 0 0 0 0 0 0 0 0 27],"tf.Tensor([0.42656684 1.2943153  0.73396635 1.2865627  0.31395924 4.        ], shape=(6,), dtype=float32)",0.0,[5 3 6 5 5 0 0 0 0 4 0 3 0 0 0 8 0 0 0 0 0 0 0 0 27],False,"tf.Tensor(
[[ 0.42656684  1.2943153   0.73396635  1.2865627   0.31395924 35.56417
  34.360577   36.890038   35.74523    38.394928   36.25062    36.51157
  34.496292   34.352394   37.060646   36.327095   35.772182   36.33346   ]], shape=(1, 18), dtype=float32)"
1312,[5 3 6 5 5 0 0 0 0 4 0 3 0 0 0 8 0 0 0 0 0 0 0 0 27],"tf.Tensor([0.30531716 1.5014776  1.0177927  1.4011686  0.47778523 4.        ], shape=(6,), dtype=float32)",20.0,[6 1 0 0 0 0 0 6 5 4 5 2 0 0 0 8 10 0 0 0 0 0 0 0 27],False,"tf.Tensor(
[[ 0.30531716  1.5014776   1.0177927   1.4011686   0.47778523 37.003216
  36.174053   38.24386    36.737946   39.530994   37.744602   37.75165
  36.751286   36.3605     38.7077     38.099396   37.2298     37.590965  ]], shape=(1, 18), dtype=float32)"
1313,[6 1 0 0 0 0 0 6 5 4 5 2 0 0 0 8 10 0 0 0 0 0 0 0 27],"tf.Tensor([ 1.4770006   1.9525522   0.37478864  0.79699266  0.642329   11.        ], shape=(6,), dtype=float32)",0.2,[6 2 4 6 0 0 0 0 0 1 1 1 0 0 0 8 10 0 0 0 0 0 0 0 27],False,"tf.Tensor(
[[ 1.4770006   1.9525522   0.37478864  0.79699266  0.642329   33.51528
  32.06257    34.585217   31.894705   33.538063   32.525005   33.08457
  33.515392   32.992718   33.914715   33.402027   34.605225   32.03774   ]], shape=(1, 18), dtype=float32)"
1314,[6 2 4 6 0 0 0 0 0 1 1 1 0 0 0 8 10 0 0 0 0 0 0 0 27],"tf.Tensor([ 0.7280369   0.87426484 -0.0370276  -0.39393365 -0.17274489  4.        ], shape=(6,), dtype=float32)",0.0,[6 3 4 6 0 0 0 0 0 3 4 2 0 0 0 8 10 0 0 0 0 0 0 0 27],False,"tf.Tensor(
[[ 0.7280369   0.87426484 -0.0370276  -0.39393365 -0.17274489 30.54082
  29.714748   32.056427   31.478186   33.416977   30.344042   30.872002
  29.437347   29.769745   31.571024   30.516388   30.342121   30.44736   ]], shape=(1, 18), dtype=float32)"
1315,[6 3 4 6 0 0 0 0 0 3 4 2 0 0 0 8 10 0 0 0 0 0 0 0 27],"tf.Tensor([ 0.6157949   1.5115836   0.18648922 -0.09807251  0.44134378  4.        ], shape=(6,), dtype=float32)",-20.0,[7 1 0 0 0 0 0 4 6 4 5 1 0 0 0 8 0 0 0 0 0 0 0 0 27],False,"tf.Tensor(
[[ 0.6157949   1.5115836   0.18648922 -0.09807251  0.44134378 34.28743
  33.605637   35.241173   34.42699    36.497276   33.742596   34.3697
  33.968857   33.621582   35.4019     34.550045   34.303955   33.631516  ]], shape=(1, 18), dtype=float32)"
1316,[7 1 0 0 0 0 0 4 6 4 5 1 0 0 0 8 0 0 0 0 0 0 0 0 27],"tf.Tensor([ 1.6626918   1.5148133   0.03811681  1.3124548  -0.38200903  2.        ], shape=(6,), dtype=float32)",0.30000000000000004,[7 2 6 1 2 0 0 0 0 1 0 5 0 0 0 8 0 0 0 0 0 0 0 0 27],False,"tf.Tensor(
[[ 1.6626918   1.5148133   0.03811681  1.3124548  -0.38200903 32.053745
  30.704918   33.895676   30.26745    32.28421    31.820122   33.08055
  31.27696    30.511978   32.18295    32.98364    33.06797    31.19789   ]], shape=(1, 18), dtype=float32)"
1317,[7 2 6 1 2 0 0 0 0 1 0 5 0 0 0 8 0 0 0 0 0 0 0 0 27],[1 1 0 0 0 4],0.0,[7 3 6 1 2 0 0 0 0 4 0 6 0 0 0 8 0 0 0 0 0 0 0 0 27],False,"tf.Tensor(
[[ 0.9915081   1.022374    0.96403193  1.2594584  -0.6750599  30.27167
  29.278065   32.521812   30.289461   32.429146   31.432549   31.98371
  29.298227   28.753946   31.341856   31.299812   30.974133   30.63094   ]], shape=(1, 18), dtype=float32)"
1318,[7 3 6 1 2 0 0 0 0 4 0 6 0 0 0 8 0 0 0 0 0 0 0 0 27],"tf.Tensor([ 0.6329359   1.1816787   1.1354645   1.2628583  -0.23455645  4.        ], shape=(6,), dtype=float32)",0.0,[8 1 0 0 0 0 0 6 1 5 2 1 0 0 0 8 0 0 0 0 0 0 0 0 27],False,"tf.Tensor(
[[ 0.6329359   1.1816787   1.1354645   1.2628583  -0.23455645 32.418335
  31.924202   34.249176   31.84593    34.28572    33.320797   33.849415
  32.33866    31.620966   33.751873   33.72228    33.097534   32.547646  ]], shape=(1, 18), dtype=float32)"
1319,[8 1 0 0 0 0 0 6 1 5 2 1 0 0 0 8 0 0 0 0 0 0 0 0 27],[1 0 0 0 1 7],0.2,[8 2 3 3 0 0 0 0 2 4 2 0 0 0 0 8 0 0 0 0 0 0 0 0 27],False,"tf.Tensor(
[[ 1.1420271   0.85791266  0.50447917  1.0968382  -1.0079266  29.985641
  28.861092   32.392372   28.584597   31.091345   30.248169   31.907871
  29.402262   28.189535   30.954718   30.664833   31.46809    29.622059  ]], shape=(1, 18), dtype=float32)"
1320,[8 2 3 3 0 0 0 0 2 4 2 0 0 0 0 8 0 0 0 0 0 0 0 0 27],"tf.Tensor([ 0.7516073   0.40608844 -0.35835254  0.38202322 -1.0472801   4.        ], shape=(6,), dtype=float32)",0.0,[8 3 3 3 0 0 0 0 2 5 5 0 0 0 0 8 0 0 0 0 0 0 0 0 27],False,"tf.Tensor(
[[ 0.7516073   0.40608844 -0.35835254  0.38202322 -1.0472801  30.199867
  29.596582   32.196255   29.897474   32.588654   30.421677   32.078144
  28.95149    28.368612   31.151361   31.36724    30.236813   30.31086   ]], shape=(1, 18), dtype=float32)"
1321,[8 3 3 3 0 0 0 0 2 5 5 0 0 0 0 8 0 0 0 0 0 0 0 0 27],[ 1  0  1  1  0 10],0.0,[9 1 0 0 0 0 0 3 4 4 4 3 0 0 0 8 0 0 0 0 0 0 0 0 27],False,"tf.Tensor(
[[ 0.6645529   0.91807866 -0.25527632  0.50538945 -0.48906922 32.916176
  32.20159    34.52715    32.212673   34.81719    32.76164    34.639095
  32.071167   31.216635   33.820107   34.13818    33.169823   32.722202  ]], shape=(1, 18), dtype=float32)"
1322,[9 1 0 0 0 0 0 3 4 4 4 3 0 0 0 8 0 0 0 0 0 0 0 0 27],"tf.Tensor([ 1.3788449   1.1494377   0.07443714  1.037556   -0.99589944  2.        ], shape=(6,), dtype=float32)",0.30000000000000004,[9 2 2 1 5 0 0 0 0 5 0 5 0 0 0 8 0 0 0 0 0 0 0 0 27],False,"tf.Tensor(
[[ 1.3788449   1.1494377   0.07443714  1.037556   -0.99589944 31.089155
  29.965647   33.152645   29.45109    31.52315    31.12226    32.585083
  30.2036     29.522999   31.386755   32.061123   31.759617   30.427351  ]], shape=(1, 18), dtype=float32)"
1323,[9 2 2 1 5 0 0 0 0 5 0 5 0 0 0 8 0 0 0 0 0 0 0 0 27],"tf.Tensor([ 0.71813226  0.73636293  0.11699057  1.2777038  -1.1458853   2.        ], shape=(6,), dtype=float32)",0.0,[9 3 2 1 5 0 0 0 0 4 0 3 0 0 0 8 0 0 0 0 0 0 0 0 27],False,"tf.Tensor(
[[ 0.71813226  0.73636293  0.11699057  1.2777038  -1.1458853  32.017433
  31.01683    33.905804   30.813501   33.38646    32.847084   33.43917
  30.587387   30.904394   32.69702    33.1368     31.563606   32.592007  ]], shape=(1, 18), dtype=float32)"
1324,[9 3 2 1 5 0 0 0 0 4 0 3 0 0 0 8 0 0 0 0 0 0 0 0 27],"tf.Tensor([ 0.60100937  0.31224892 -0.16610897  1.0194974  -1.3196572   2.        ], shape=(6,), dtype=float32)",0.0,[10 1 0 0 0 0 0 2 1 2 5 3 0 0 0 8 0 0 0 0 0 0 0 0 27],False,"tf.Tensor(
[[ 0.60100937  0.31224892 -0.16610897  1.0194974  -1.3196572  31.253012
  30.242973   33.159775   30.546255   33.09876    32.12942    32.80161
  29.345558   29.609097   31.992079   32.19843    30.619343   32.12156   ]], shape=(1, 18), dtype=float32)"
1325,[10 1 0 0 0 0 0 2 1 2 5 3 0 0 0 8 0 0 0 0 0 0 0 0 27],"tf.Tensor([ 1.4018719   1.0223614   0.10626638  0.803259   -1.4020655   2.        ], shape=(6,), dtype=float32)",0.2,[10 2 4 4 0 0 0 0 0 3 5 1 0 0 0 8 0 0 0 0 0 0 0 0 27],False,"tf.Tensor(
[[ 1.4018719   1.0223614   0.10626638  0.803259   -1.4020655  29.421747
  27.798138   31.877483   28.611124   30.358803   29.690868   31.63671
  27.75695    27.060034   29.657536   30.001328   30.24767    29.022635  ]], shape=(1, 18), dtype=float32)"
1326,[10 2 4 4 0 0 0 0 0 3 5 1 0 0 0 8 0 0 0 0 0 0 0 0 27],"tf.Tensor([ 0.62099266  0.6365999  -0.30216193  0.25430918 -0.9049934   4.        ], shape=(6,), dtype=float32)",0.0,[10 3 4 4 0 0 0 0 0 1 4 4 0 0 0 8 0 0 0 0 0 0 0 0 27],False,"tf.Tensor(
[[ 0.62099266  0.6365999  -0.30216193  0.25430918 -0.9049934  32.651176
  31.78999    34.403744   32.386253   34.781876   32.57588    34.594154
  31.128265   30.544193   33.513515   33.50255    32.770103   32.424526  ]], shape=(1, 18), dtype=float32)"
1327,[10 3 4 4 0 0 0 0 0 1 4 4 0 0 0 8 0 0 0 0 0 0 0 0 27],"tf.Tensor([ 0.81522703  0.85020435  0.11744237  0.4326265  -0.905493    4.        ], shape=(6,), dtype=float32)",0.0,[11 1 0 0 0 0 0 4 4 6 4 3 0 0 0 8 0 0 0 0 0 0 0 0 27],False,"tf.Tensor(
[[ 0.81522703  0.85020435  0.11744237  0.4326265  -0.905493   32.259895
  31.44009    34.212967   32.091022   34.222736   32.55427    34.033497
  30.910591   30.428017   32.992714   33.156498   32.35172    32.151234  ]], shape=(1, 18), dtype=float32)"
1328,[11 1 0 0 0 0 0 4 4 6 4 3 0 0 0 8 0 0 0 0 0 0 0 0 27],"tf.Tensor([ 0.97889745  0.79192686 -0.09829783  0.9418515  -1.0868397   2.        ], shape=(6,), dtype=float32)",0.2,[11 2 6 6 0 0 0 0 4 2 0 3 0 0 0 8 0 0 0 0 0 0 0 0 27],False,"tf.Tensor(
[[ 0.97889745  0.79192686 -0.09829783  0.9418515  -1.0868397  32.960598
  32.104027   34.706722   30.699461   33.13668    32.75466    34.506958
  32.309223   31.510885   33.426556   34.013065   33.336422   32.286068  ]], shape=(1, 18), dtype=float32)"
1329,[11 2 6 6 0 0 0 0 4 2 0 3 0 0 0 8 0 0 0 0 0 0 0 0 27],"tf.Tensor([ 0.4087715   0.18093833 -0.5949683   0.04781486 -0.41468298  4.        ], shape=(6,), dtype=float32)",0.0,[11 3 6 6 0 0 0 0 1 2 0 4 0 0 0 8 0 0 0 0 0 0 0 0 27],False,"tf.Tensor(
[[ 0.4087715   0.18093833 -0.5949683   0.04781486 -0.41468298 34.40656
  34.74384    35.916985   34.249634   37.12897    34.661377   35.702656
  33.833942   33.155922   35.600307   36.067028   33.779873   34.555786  ]], shape=(1, 18), dtype=float32)"
1330,[11 3 6 6 0 0 0 0 1 2 0 4 0 0 0 8 0 0 0 0 0 0 0 0 27],"tf.Tensor([ 0.16627836  0.18933377 -0.2358191  -0.1504247  -0.55757356  4.        ], shape=(6,), dtype=float32)",0.0,[12 1 0 0 0 0 0 6 2 4 6 2 0 0 0 8 0 0 0 0 0 0 0 0 27],False,"tf.Tensor(
[[ 0.16627836  0.18933377 -0.2358191  -0.1504247  -0.55757356 33.62985
  33.851406   35.18955    33.755306   36.616253   33.879166   35.1601
  33.004597   32.30423    35.059116   34.923923   33.142517   33.812397  ]], shape=(1, 18), dtype=float32)"
1331,[12 1 0 0 0 0 0 6 2 4 6 2 0 0 0 8 0 0 0 0 0 0 0 0 27],"tf.Tensor([ 1.0506265   0.7417022  -0.00888121  0.89804316 -1.2181449   2.        ], shape=(6,), dtype=float32)",0.1,[12 2 3 0 0 0 0 0 5 4 4 4 0 0 0 8 0 0 0 0 0 0 0 0 27],False,"tf.Tensor(
[[ 1.0506265e+00  7.4170220e-01 -8.8812113e-03  8.9804316e-01
  -1.2181449e+00  3.3249962e+01  3.1894247e+01  3.5185604e+01
   3.1266459e+01  3.3449150e+01  3.2988125e+01  3.5138680e+01
   3.2116032e+01  3.1015633e+01  3.3722565e+01  3.3791283e+01
   3.4114586e+01  3.2515427e+01]], shape=(1, 18), dtype=float32)"
1332,[12 2 3 0 0 0 0 0 5 4 4 4 0 0 0 8 0 0 0 0 0 0 0 0 27],"tf.Tensor([ 0.56826377  0.6282644  -0.3716656   0.7072432  -0.69206536  6.        ], shape=(6,), dtype=float32)",0.0,[12 3 3 0 0 0 0 0 6 3 1 3 0 0 0 8 0 0 0 0 0 0 0 0 27],False,"tf.Tensor(
[[ 0.56826377  0.6282644  -0.3716656   0.7072432  -0.69206536 33.233852
  32.87569    34.930157   31.853155   34.424828   33.511276   35.131668
  32.721756   31.87126    33.962463   34.84807    33.16655    33.20028   ]], shape=(1, 18), dtype=float32)"
1333,[12 3 3 0 0 0 0 0 6 3 1 3 0 0 0 8 0 0 0 0 0 0 0 0 27],"tf.Tensor([ 0.30097854 -0.03717688 -0.6854948   0.37324214 -0.829422    4.        ], shape=(6,), dtype=float32)",0.0,[13 1 0 0 0 0 0 3 1 2 2 6 0 0 0 8 0 0 0 0 0 0 0 0 27],False,"tf.Tensor(
[[ 0.30097854 -0.03717688 -0.6854948   0.37324214 -0.829422   31.60349
  31.686323   33.406452   30.758703   33.64947    32.177914   33.484623
  30.992407   30.19046    32.641773   33.235176   31.155237   32.09817   ]], shape=(1, 18), dtype=float32)"
1334,[13 1 0 0 0 0 0 3 1 2 2 6 0 0 0 8 0 0 0 0 0 0 0 0 27],[0 0 1 1 0 9],0.2,[13 2 3 2 0 0 0 3 5 0 0 2 0 0 0 8 0 0 0 0 0 0 0 0 27],False,"tf.Tensor(
[[ 0.9392103   0.5071702   0.16079283  0.62721956 -1.5368503  30.162998
  29.0849     32.505577   29.02123    31.07814    30.587046   32.188454
  28.815779   28.34469    30.662924   30.637718   30.558266   29.961922  ]], shape=(1, 18), dtype=float32)"
1335,[13 2 3 2 0 0 0 3 5 0 0 2 0 0 0 8 0 0 0 0 0 0 0 0 27],"tf.Tensor([ 0.50381625 -0.40524855 -0.77642417  0.0873387  -1.1922349   4.        ], shape=(6,), dtype=float32)",0.0,[13 3 3 2 0 0 0 1 1 0 0 3 0 0 0 8 0 0 0 0 0 0 0 0 27],False,"tf.Tensor(
[[ 0.50381625 -0.40524855 -0.77642417  0.0873387  -1.1922349  31.176193
  30.777988   33.180523   30.732758   33.305702   31.555897   32.84362
  29.720612   29.384388   32.01561    32.031822   30.71468    31.742918  ]], shape=(1, 18), dtype=float32)"
1336,[13 3 3 2 0 0 0 1 1 0 0 3 0 0 0 8 0 0 0 0 0 0 0 0 27],"tf.Tensor([ 0.37854886 -0.52352643 -0.330477   -0.1361321  -1.6354309   4.        ], shape=(6,), dtype=float32)",0.0,[14 1 0 0 0 0 0 3 6 3 2 1 0 0 0 8 0 0 0 0 0 0 0 0 27],True,"tf.Tensor(
[[ 0.37854886 -0.52352643 -0.330477   -0.1361321  -1.6354309  29.577059
  28.834736   31.722622   29.822828   32.023125   30.100603   31.653772
  27.568855   27.377272   30.419386   29.936768   29.07859    30.340132  ]], shape=(1, 18), dtype=float32)"
1337,[1 1 0 0 0 0 0 2 3 2 6 5 0 0 0 0 0 0 0 0 0 0 0 0 0],[ 1  0  0  0  1 10],0.2,[1 2 2 5 0 0 0 0 2 3 5 0 0 0 0 0 0 0 0 0 0 0 0 0 0],False,"tf.Tensor(
[[ 3.3505187  4.5269265  1.5161273  2.0000763  5.251211  17.412525
  14.303132  16.292208  15.813324  14.492456  16.3773    16.618916
  17.740019  18.746195  15.153899  18.075743  18.664852  15.906331 ]], shape=(1, 18), dtype=float32)"
1338,[1 2 2 5 0 0 0 0 2 3 5 0 0 0 0 0 0 0 0 0 0 0 0 0 0],"tf.Tensor([ 3.0894454  3.8831038  1.3379539  2.0464911  4.2213225 10.       ], shape=(6,), dtype=float32)",0.30000000000000004,[1 3 2 5 2 3 5 0 0 0 0 0 0 0 0 0 0 0 0 0 0 0 0 0 0],False,"tf.Tensor(
[[ 3.0894454  3.8831038  1.3379539  2.0464911  4.2213225 16.470125
  14.188657  16.95001   15.557904  16.118889  16.911594  17.27621
  17.897858  18.123981  15.64749   18.561617  18.09999   16.700258 ]], shape=(1, 18), dtype=float32)"
1339,[1 3 2 5 2 3 5 0 0 0 0 0 0 0 0 0 0 0 0 0 0 0 0 0 0],[1 1 0 0 0 7],0.0,[2 1 0 0 0 0 0 2 3 2 6 5 0 0 0 0 0 0 0 0 0 0 0 0 0],False,"tf.Tensor(
[[ 3.2163744  3.372896   1.7824181  3.1393461  3.8201082 19.597538
  16.117075  20.50376   18.250868  19.078815  20.586346  19.775654
  20.64927   19.62533   19.08537   21.489431  20.314507  21.532875 ]], shape=(1, 18), dtype=float32)"
1340,[2 1 0 0 0 0 0 2 3 2 6 5 0 0 0 0 0 0 0 0 0 0 0 0 0],"tf.Tensor([3.3778572 4.446553  1.4305754 1.8456239 5.0572677 8.       ], shape=(6,), dtype=float32)",0.5,[2 2 5 2 1 4 3 0 0 0 0 0 0 0 0 0 0 0 0 0 0 0 0 0 0],False,"tf.Tensor(
[[ 3.3778572  4.446553   1.4305754  1.8456239  5.0572677 17.458786
  14.503475  16.406937  15.881684  14.618561  16.35282   16.700079
  17.83579   18.88844   15.248535  18.185741  18.664793  15.841586 ]], shape=(1, 18), dtype=float32)"
1341,[2 2 5 2 1 4 3 0 0 0 0 0 0 0 0 0 0 0 0 0 0 0 0 0 0],"tf.Tensor([ 2.8608239  3.0323703  1.7241225  3.3591795  4.1522346 12.       ], shape=(6,), dtype=float32)",0.0,[2 3 5 2 1 4 3 0 0 0 0 0 0 0 0 0 0 0 0 0 0 0 0 0 0],False,"tf.Tensor(
[[ 2.8608239  3.0323703  1.7241225  3.3591795  4.1522346 17.806192
  14.989427  18.784046  16.679857  17.13716   18.949158  18.07958
  18.567959  17.892706  17.146143  19.229145  19.1559    19.740034 ]], shape=(1, 18), dtype=float32)"
1342,[2 3 5 2 1 4 3 0 0 0 0 0 0 0 0 0 0 0 0 0 0 0 0 0 0],"tf.Tensor([ 2.892212   3.0126576  1.7567981  3.4095466  4.226854  12.       ], shape=(6,), dtype=float32)",30.0,[3 1 0 0 0 0 0 5 2 1 4 3 0 0 0 0 0 0 0 0 0 0 0 0 15],False,"tf.Tensor(
[[ 2.892212   3.0126576  1.7567981  3.4095466  4.226854  18.612753
  15.740975  19.52399   17.562618  17.96308   19.770891  18.844475
  19.291023  18.574568  17.926817  19.995728  19.958075  20.523985 ]], shape=(1, 18), dtype=float32)"
1343,[3 1 0 0 0 0 0 5 2 1 4 3 0 0 0 0 0 0 0 0 0 0 0 0 15],[1 0 0 0 0 4],0.1,[3 2 2 0 0 0 0 0 4 3 3 5 0 0 0 0 0 0 0 0 0 0 0 0 15],False,"tf.Tensor(
[[ 1.508748   2.3077798  1.785042   1.2841407  1.7439235 23.114902
  22.147104  22.937157  22.253674  21.73151   22.310385  22.289143
  22.867407  23.167131  22.327826  22.522198  24.408232  21.007578 ]], shape=(1, 18), dtype=float32)"
1344,[3 2 2 0 0 0 0 0 4 3 3 5 0 0 0 0 0 0 0 0 0 0 0 0 15],[ 1  0  0  1  1 12],0.2,[3 3 2 3 5 0 0 0 6 1 0 0 0 0 0 0 0 0 0 0 0 0 0 0 15],False,"tf.Tensor(
[[ 1.489383   2.6438913  1.4697404  1.4390792  2.1350138 23.9625
  23.556301  23.947987  23.222748  22.948595  23.771091  23.392757
  24.379711  24.821884  23.05057   24.77842   24.896397  22.3987   ]], shape=(1, 18), dtype=float32)"
1345,[3 3 2 3 5 0 0 0 6 1 0 0 0 0 0 0 0 0 0 0 0 0 0 0 15],[0 0 0 0 1 4],10.0,[4 1 0 0 0 0 0 2 6 3 2 5 0 0 0 0 5 0 0 0 0 0 0 0 15],False,"tf.Tensor(
[[ 1.4836932  2.0089676  0.8173989  1.7476472  1.9951298 27.830542
  27.010202  27.947123  27.521578  28.453781  28.777832  27.553062
  27.723278  28.408152  27.524036  29.447601  27.598846  28.433424 ]], shape=(1, 18), dtype=float32)"
1346,[4 1 0 0 0 0 0 2 6 3 2 5 0 0 0 0 5 0 0 0 0 0 0 0 15],"tf.Tensor([1.5569135 2.351303  0.9113511 1.0789803 2.1682243 8.       ], shape=(6,), dtype=float32)",0.5,[4 2 3 4 4 4 5 0 0 0 0 0 0 0 0 0 5 0 0 0 0 0 0 0 15],False,"tf.Tensor(
[[ 1.5569135  2.351303   0.9113511  1.0789803  2.1682243 24.618767
  24.232922  24.11237   23.505674  23.216356  23.935585  23.069153
  25.008713  25.560415  23.512674  25.005703  24.958418  22.665148 ]], shape=(1, 18), dtype=float32)"
1347,[4 2 3 4 4 4 5 0 0 0 0 0 0 0 0 0 5 0 0 0 0 0 0 0 15],"tf.Tensor([1.5260963 1.9649305 1.4217458 1.9750668 2.5299175 8.       ], shape=(6,), dtype=float32)",0.0,[4 3 3 4 4 4 5 0 0 0 0 0 0 0 0 0 5 0 0 0 0 0 0 0 15],False,"tf.Tensor(
[[ 1.5260963  1.9649305  1.4217458  1.9750668  2.5299175 31.793154
  29.61351   31.070951  31.326899  30.830894  31.893257  30.074099
  30.14608   31.996737  30.63407   30.9865    31.108156  31.913315 ]], shape=(1, 18), dtype=float32)"
1348,[4 3 3 4 4 4 5 0 0 0 0 0 0 0 0 0 5 0 0 0 0 0 0 0 15],[1 0 0 1 1 1],0.0,[5 1 0 0 0 0 0 3 4 4 4 5 0 0 0 0 5 0 0 0 0 0 0 0 15],False,"tf.Tensor(
[[ 1.5034666  1.8802885  1.4404848  1.9594588  2.5513341 32.220493
  30.169228  31.637295  31.783207  31.458105  32.475136  30.653877
  30.806818  32.39233   31.247164  31.583412  31.554073  32.452686 ]], shape=(1, 18), dtype=float32)"
1349,[5 1 0 0 0 0 0 3 4 4 4 5 0 0 0 0 5 0 0 0 0 0 0 0 15],"tf.Tensor([1.4439732 2.3453245 1.2266697 1.1049266 2.1405516 8.       ], shape=(6,), dtype=float32)",0.5,[5 2 6 3 3 5 1 0 0 0 0 0 0 0 0 0 5 0 0 0 0 0 0 0 15],False,"tf.Tensor(
[[ 1.4439732  2.3453245  1.2266697  1.1049266  2.1405516 26.071766
  25.503218  25.49321   24.63711   24.393757  25.127434  24.828823
  26.463326  26.927526  25.055029  26.080698  26.719349  23.872309 ]], shape=(1, 18), dtype=float32)"
1350,[5 2 6 3 3 5 1 0 0 0 0 0 0 0 0 0 5 0 0 0 0 0 0 0 15],"tf.Tensor([0.82104987 1.3518733  1.6165974  1.5260367  2.4936962  5.        ], shape=(6,), dtype=float32)",0.0,[5 3 6 3 3 5 1 0 0 0 0 0 0 0 0 0 5 0 0 0 0 0 0 0 15],False,"tf.Tensor(
[[ 0.82104987  1.3518733   1.6165974   1.5260367   2.4936962  30.181786
  28.760792   29.922655   30.733414   30.66051    30.776339   29.4391
  29.025715   30.272865   29.987268   29.47782    30.243778   30.699522  ]], shape=(1, 18), dtype=float32)"
1351,[5 3 6 3 3 5 1 0 0 0 0 0 0 0 0 0 5 0 0 0 0 0 0 0 15],"tf.Tensor([0.814452  1.2797691 1.6478909 1.5186999 2.521164  5.       ], shape=(6,), dtype=float32)",12.0,[6 1 0 0 0 0 0 6 3 3 5 1 0 0 0 0 5 6 0 0 0 0 0 0 15],False,"tf.Tensor(
[[ 0.814452   1.2797691  1.6478909  1.5186999  2.521164  30.65617
  29.350286  30.522724  31.239845  31.306267  31.392881  30.056133
  29.711887  30.69266   30.625706  30.113056  30.741367  31.261297 ]], shape=(1, 18), dtype=float32)"
1352,[6 1 0 0 0 0 0 6 3 3 5 1 0 0 0 0 5 6 0 0 0 0 0 0 15],"tf.Tensor([ 1.0090921  1.5743546  0.9760088  1.0085874  1.371854  11.       ], shape=(6,), dtype=float32)",0.5,[6 2 2 4 6 6 1 0 0 0 0 0 0 0 0 0 5 6 0 0 0 0 0 0 15],False,"tf.Tensor(
[[ 1.0090921  1.5743546  0.9760088  1.0085874  1.371854  26.925034
  25.751953  26.492107  24.778194  25.05214   25.926394  25.985846
  27.018486  26.51645   26.590328  25.761086  27.48798   24.45051  ]], shape=(1, 18), dtype=float32)"
1353,[6 2 2 4 6 6 1 0 0 0 0 0 0 0 0 0 5 6 0 0 0 0 0 0 15],[1 0 1 1 0 8],0.0,[6 3 2 4 6 6 1 0 0 0 0 0 0 0 0 0 5 6 0 0 0 0 0 0 15],False,"tf.Tensor(
[[ 1.1611681  1.0827229  1.451221   1.7901404  1.6100456 32.08174
  29.822142  32.295677  31.683594  32.0428    32.872467  31.180895
  30.875267  31.53354   31.848612  31.7265    31.022127  33.574245 ]], shape=(1, 18), dtype=float32)"
1354,[6 3 2 4 6 6 1 0 0 0 0 0 0 0 0 0 5 6 0 0 0 0 0 0 15],"tf.Tensor([ 1.077391    0.89410985  1.4511656   1.7394984   1.5958719  12.        ], shape=(6,), dtype=float32)",8.0,[7 1 0 0 0 0 0 2 4 6 6 1 0 0 0 0 5 6 0 0 0 0 0 0 19],False,"tf.Tensor(
[[ 1.077391    0.89410985  1.4511656   1.7394984   1.5958719  32.439034
  30.361502   32.740845   32.08856    32.625713   33.375782   31.660946
  31.440516   31.848297   32.40295    32.21899    31.368942   34.041393  ]], shape=(1, 18), dtype=float32)"
1355,[7 1 0 0 0 0 0 2 4 6 6 1 0 0 0 0 5 6 0 0 0 0 0 0 19],"tf.Tensor([ 1.5130479  1.9491665  0.9291364  0.923907   1.3432747 11.       ], shape=(6,), dtype=float32)",0.5,[7 2 5 6 1 4 3 0 0 0 0 0 0 0 0 0 5 6 0 0 0 0 0 0 19],False,"tf.Tensor(
[[ 1.5130479  1.9491665  0.9291364  0.923907   1.3432747 30.840038
  29.436129  30.224804  29.25186   29.221813  29.670732  30.337236
  30.43752   30.278822  29.656343  30.650059  31.179298  28.603146 ]], shape=(1, 18), dtype=float32)"
1356,[7 2 5 6 1 4 3 0 0 0 0 0 0 0 0 0 5 6 0 0 0 0 0 0 19],"tf.Tensor([0.5827753  0.91949    1.3380396  0.29200703 1.5051124  3.        ], shape=(6,), dtype=float32)",0.0,[7 3 5 6 1 4 3 0 0 0 0 0 0 0 0 0 5 6 0 0 0 0 0 0 19],False,"tf.Tensor(
[[ 0.5827753   0.91949     1.3380396   0.29200703  1.5051124  34.691067
  33.66892    33.834137   35.065083   35.024223   34.25343    33.403175
  33.662914   34.24025    34.55876    33.595604   33.911873   33.76529   ]], shape=(1, 18), dtype=float32)"
1357,[7 3 5 6 1 4 3 0 0 0 0 0 0 0 0 0 5 6 0 0 0 0 0 0 19],"tf.Tensor([0.51951426 0.7880498  1.346265   0.22873457 1.5031663  4.        ], shape=(6,), dtype=float32)",0.0,[8 1 0 0 0 0 0 5 6 1 4 3 0 0 0 0 5 6 0 0 0 0 0 0 19],False,"tf.Tensor(
[[ 0.51951426  0.7880498   1.346265    0.22873457  1.5031663  35.098843
  34.270416   34.36867    35.522697   35.646347   34.810154   33.96222
  34.28949    34.66709    35.150013   34.127      34.345573   34.24449   ]], shape=(1, 18), dtype=float32)"
1358,[8 1 0 0 0 0 0 5 6 1 4 3 0 0 0 0 5 6 0 0 0 0 0 0 19],"tf.Tensor([1.3181083  1.1635191  0.8181244  0.7956311  0.80680144 7.        ], shape=(6,), dtype=float32)",0.2,[8 2 2 1 0 0 0 0 0 4 4 3 0 0 0 0 5 6 0 0 0 0 0 0 19],False,"tf.Tensor(
[[ 1.3181083   1.1635191   0.8181244   0.7956311   0.80680144 29.659563
  29.089542   29.567013   27.56183    27.908512   28.906317   28.761915
  29.74816    29.576477   28.91627    29.510311   29.678902   27.531979  ]], shape=(1, 18), dtype=float32)"
1359,[8 2 2 1 0 0 0 0 0 4 4 3 0 0 0 0 5 6 0 0 0 0 0 0 19],"tf.Tensor([0.82278055 1.2757393  1.2730355  0.2593122  0.44324258 6.        ], shape=(6,), dtype=float32)",0.1,[8 3 2 1 4 0 0 0 0 0 3 4 0 0 0 0 5 6 0 0 0 0 0 0 19],False,"tf.Tensor(
[[ 0.82278055  1.2757393   1.2730355   0.2593122   0.44324258 28.093311
  27.592617   28.188175   27.600616   27.765057   27.659391   28.450958
  27.664726   27.585274   27.800087   28.066278   28.16992    26.380878  ]], shape=(1, 18), dtype=float32)"
1360,[8 3 2 1 4 0 0 0 0 0 3 4 0 0 0 0 5 6 0 0 0 0 0 0 19],"tf.Tensor([0.93707305 1.1779585  1.1353065  0.76099163 0.24233916 5.        ], shape=(6,), dtype=float32)",-12.0,[9 1 0 0 0 0 0 2 1 4 3 5 0 0 0 0 5 0 0 0 0 0 0 0 19],False,"tf.Tensor(
[[ 0.93707305  1.1779585   1.1353065   0.76099163  0.24233916 28.807854
  28.02569    29.19905    28.62774    28.67306    29.284758   28.751266
  27.620104   28.253803   28.437376   28.73472    28.325716   27.921444  ]], shape=(1, 18), dtype=float32)"
1361,[9 1 0 0 0 0 0 2 1 4 3 5 0 0 0 0 5 0 0 0 0 0 0 0 19],"tf.Tensor([0.90857285 1.7910272  1.156062   0.5565694  0.52190256 8.        ], shape=(6,), dtype=float32)",0.30000000000000004,[9 2 4 3 4 0 0 0 0 0 6 6 0 0 0 0 5 0 0 0 0 0 0 0 19],False,"tf.Tensor(
[[ 0.90857285  1.7910272   1.156062    0.5565694   0.52190256 26.915714
  26.576056   26.755451   26.026516   25.666405   26.303389   26.67787
  26.014633   27.175522   26.110006   26.866606   26.849197   24.975124  ]], shape=(1, 18), dtype=float32)"
1362,[9 2 4 3 4 0 0 0 0 0 6 6 0 0 0 0 5 0 0 0 0 0 0 0 19],"tf.Tensor([1.3037432 2.5286324 1.1125388 1.458263  1.682785  8.       ], shape=(6,), dtype=float32)",0.2,[9 3 4 3 4 6 6 0 0 0 0 0 0 0 0 0 5 0 0 0 0 0 0 0 19],False,"tf.Tensor(
[[ 1.3037432  2.5286324  1.1125388  1.458263   1.682785  33.41565
  32.313564  33.47212   33.019882  32.73225   33.65634   33.06425
  32.06102   33.76176   32.456924  33.561424  33.400547  32.271404 ]], shape=(1, 18), dtype=float32)"
1363,[9 3 4 3 4 6 6 0 0 0 0 0 0 0 0 0 5 0 0 0 0 0 0 0 19],"tf.Tensor([0.8703405  0.98181367 0.9057183  1.3423971  1.8037772  8.        ], shape=(6,), dtype=float32)",0.0,[10 1 0 0 0 0 0 4 3 4 6 3 0 0 0 0 5 0 0 0 0 0 0 0 19],False,"tf.Tensor(
[[ 0.8703405   0.98181367  0.9057183   1.3423971   1.8037772  37.601933
  36.028164   36.656933   37.14643    36.629528   37.678436   36.01439
  35.259563   37.702053   36.54444    36.43255    36.174343   37.530308  ]], shape=(1, 18), dtype=float32)"
1364,[10 1 0 0 0 0 0 4 3 4 6 3 0 0 0 0 5 0 0 0 0 0 0 0 19],"tf.Tensor([ 0.9433927   1.8650572   0.8579378   0.75606114  1.0625147  11.        ], shape=(6,), dtype=float32)",0.30000000000000004,[10 2 4 2 6 0 0 0 0 3 6 0 0 0 0 0 5 0 0 0 0 0 0 0 19],False,"tf.Tensor(
[[ 0.9433927   1.8650572   0.8579378   0.75606114  1.0625147  30.59001
  29.982014   29.949787   29.103489   28.81163    29.51064    30.029577
  29.80172    30.549938   29.661743   30.420994   30.68433    28.39875   ]], shape=(1, 18), dtype=float32)"
1365,[10 2 4 2 6 0 0 0 0 3 6 0 0 0 0 0 5 0 0 0 0 0 0 0 19],[0 1 1 1 0 9],0.2,[10 3 4 2 6 3 6 0 0 0 0 0 0 0 0 0 5 0 0 0 0 0 0 0 19],False,"tf.Tensor(
[[ 0.31375116  1.4307901   0.19760719  1.0206062   1.5173093  34.70736
  33.732483   33.73923    34.391403   34.4273     34.43781    34.127323
  32.572277   34.121918   34.117992   34.54313    33.863678   34.070766  ]], shape=(1, 18), dtype=float32)"
1366,[10 3 4 2 6 3 6 0 0 0 0 0 0 0 0 0 5 0 0 0 0 0 0 0 19],"tf.Tensor([0.67789525 0.7393824  0.49274483 1.1795241  1.399403   5.        ], shape=(6,), dtype=float32)",24.0,[11 1 0 0 0 0 0 4 2 6 3 6 0 0 0 0 5 12 0 0 0 0 0 0 19],False,"tf.Tensor(
[[ 0.67789525  0.7393824   0.49274483  1.1795241   1.399403   36.653374
  35.173214   35.58103    36.30347    35.75844    36.73594    35.22292
  33.868977   36.488846   35.563786   35.62756    34.880356   36.53273   ]], shape=(1, 18), dtype=float32)"
1367,[11 1 0 0 0 0 0 4 2 6 3 6 0 0 0 0 5 12 0 0 0 0 0 0 19],"tf.Tensor([ 0.817406    0.4764061   1.3387665   0.37983412 -0.05784556  7.        ], shape=(6,), dtype=float32)",0.1,[11 2 6 0 0 0 0 5 4 0 1 4 0 0 0 0 5 12 0 0 0 0 0 0 19],False,"tf.Tensor(
[[ 0.817406    0.4764061   1.3387665   0.37983412 -0.05784556 31.39345
  31.35447    31.671566   28.834599   29.868046   30.840157   31.33067
  32.12879    31.52133    31.211124   31.302101   31.355354   29.126871  ]], shape=(1, 18), dtype=float32)"
1368,[11 2 6 0 0 0 0 5 4 0 1 4 0 0 0 0 5 12 0 0 0 0 0 0 19],[1 1 1 1 1 1],0.4,[11 3 6 5 4 1 4 0 0 0 0 0 0 0 0 0 5 12 0 0 0 0 0 0 19],False,"tf.Tensor(
[[ 0.6377961  -0.2016442   1.1528188   0.77091736  0.32882026 32.640255
  32.745663   32.816906   30.18983    31.794453   32.365288   31.869804
  33.431355   32.62258    32.989063   32.335808   32.3251     31.096048  ]], shape=(1, 18), dtype=float32)"
1369,[11 3 6 5 4 1 4 0 0 0 0 0 0 0 0 0 5 12 0 0 0 0 0 0 19],"tf.Tensor([ 0.03948037 -0.43522203  0.7365489  -0.4253356   0.6057383   4.        ], shape=(6,), dtype=float32)",0.0,[12 1 0 0 0 0 0 1 3 6 4 2 0 0 0 0 5 12 0 0 0 0 0 0 19],False,"tf.Tensor(
[[ 0.03948037 -0.43522203  0.7365489  -0.4253356   0.6057383  37.519447
  37.042427   36.619476   37.58361    38.14445    37.049843   36.632805
  36.577198   36.352562   37.876266   36.58773    35.85324    36.551147  ]], shape=(1, 18), dtype=float32)"
1370,[12 1 0 0 0 0 0 1 3 6 4 2 0 0 0 0 5 12 0 0 0 0 0 0 19],"tf.Tensor([ 0.728213   -0.38347793  0.4524639  -0.05237679 -0.28239843  6.        ], shape=(6,), dtype=float32)",0.0,[12 2 0 0 0 0 0 3 1 6 3 3 0 0 0 0 5 12 0 0 0 0 0 0 19],False,"tf.Tensor(
[[ 0.728213   -0.38347793  0.4524639  -0.05237679 -0.28239843 29.858807
  29.62643    29.843483   28.095966   28.911772   29.296614   30.475132
  29.505482   28.91491    29.192759   29.67604    29.120066   28.296953  ]], shape=(1, 18), dtype=float32)"
1371,[12 2 0 0 0 0 0 3 1 6 3 3 0 0 0 0 5 12 0 0 0 0 0 0 19],"tf.Tensor(
[ 4.5222896e-01 -3.1867909e-01  9.2753065e-01  1.3317615e-03
 -5.2169287e-01  6.0000000e+00], shape=(6,), dtype=float32)",0.1,[12 3 6 0 0 0 0 5 2 0 3 4 0 0 0 0 5 12 0 0 0 0 0 0 19],False,"tf.Tensor(
[[ 4.5222896e-01 -3.1867909e-01  9.2753065e-01  1.3317615e-03
  -5.2169287e-01  3.0202805e+01  3.0325069e+01  3.0510559e+01
   2.8090935e+01  2.9293388e+01  2.9744175e+01  3.0827227e+01
   3.0457380e+01  2.9636570e+01  3.0192638e+01  3.0040977e+01
   2.9794264e+01  2.8538664e+01]], shape=(1, 18), dtype=float32)"
1372,[12 3 6 0 0 0 0 5 2 0 3 4 0 0 0 0 5 12 0 0 0 0 0 0 19],"tf.Tensor([ 0.4593876  -0.19462468  1.2980312   0.56867546  0.20441678  7.        ], shape=(6,), dtype=float32)",0.0,[13 1 0 0 0 0 0 5 2 1 4 5 0 0 0 0 5 12 0 0 0 0 0 0 19],False,"tf.Tensor(
[[ 0.4593876  -0.19462468  1.2980312   0.56867546  0.20441678 33.596367
  33.586246   33.72762    31.270128   32.654217   33.210205   33.060616
  34.10774    33.39841    33.9695     32.949085   33.389835   31.849075  ]], shape=(1, 18), dtype=float32)"
1373,[13 1 0 0 0 0 0 5 2 1 4 5 0 0 0 0 5 12 0 0 0 0 0 0 19],[1 1 1 1 1 1],0.5,[13 2 4 5 6 5 1 0 0 0 0 0 0 0 0 0 5 12 0 0 0 0 0 0 19],False,"tf.Tensor(
[[ 0.8360494  -0.26236427  0.8276814   0.39397937 -0.63050914 29.656284
  29.739264   30.772705   27.11805    28.516567   29.76086    30.368008
  30.010294   29.541145   29.58007    29.642963   29.407743   28.133366  ]], shape=(1, 18), dtype=float32)"
1374,[13 2 4 5 6 5 1 0 0 0 0 0 0 0 0 0 5 12 0 0 0 0 0 0 19],"tf.Tensor(
[-3.8040811e-01 -1.3645402e+00  5.0669146e-01 -1.3059418e-01
  1.0782152e-02  1.2000000e+01], shape=(6,), dtype=float32)",0.0,[13 3 4 5 6 5 1 0 0 0 0 0 0 0 0 0 5 12 0 0 0 0 0 0 19],False,"tf.Tensor(
[[-3.8040811e-01 -1.3645402e+00  5.0669146e-01 -1.3059418e-01
   1.0782152e-02  3.7872208e+01  3.7091778e+01  3.7179222e+01
   3.7403812e+01  3.8235603e+01  3.7862679e+01  3.6988251e+01
   3.6315578e+01  3.6712776e+01  3.8113609e+01  3.6678604e+01
   3.5321144e+01  3.8438683e+01]], shape=(1, 18), dtype=float32)"
1375,[13 3 4 5 6 5 1 0 0 0 0 0 0 0 0 0 5 12 0 0 0 0 0 0 19],"tf.Tensor([-0.40015823 -1.4364955   0.5265291  -0.13686483  0.02881852 12.        ], shape=(6,), dtype=float32)",4.0,[14 1 0 0 0 0 0 4 5 6 5 1 0 0 0 0 5 12 0 0 0 0 0 0 21],True,"tf.Tensor(
[[-4.0015823e-01 -1.4364955e+00  5.2652907e-01 -1.3686483e-01
   2.8818518e-02  3.8370476e+01  3.7749142e+01  3.7806194e+01
   3.7951775e+01  3.8948734e+01  3.8488728e+01  3.7582970e+01
   3.6972942e+01  3.7191185e+01  3.8775749e+01  3.7319809e+01
   3.5834454e+01  3.9044285e+01]], shape=(1, 18), dtype=float32)"
1376,[1 1 0 0 0 0 0 4 6 4 2 6 0 0 0 0 0 0 0 0 0 0 0 0 0],"tf.Tensor([4.0052457 5.343192  1.6091646 3.2352219 5.88556   8.       ], shape=(6,), dtype=float32)",0.5,[1 2 4 6 4 2 6 0 0 0 0 0 0 0 0 0 0 0 0 0 0 0 0 0 0],False,"tf.Tensor(
[[ 4.0052457  5.343192   1.6091646  3.2352219  5.88556   20.524096
  17.206972  20.57982   18.247124  18.144695  20.588945  19.817305
  21.80349   22.539087  18.92195   22.054598  22.274868  19.973682 ]], shape=(1, 18), dtype=float32)"
1377,[1 2 4 6 4 2 6 0 0 0 0 0 0 0 0 0 0 0 0 0 0 0 0 0 0],"tf.Tensor([ 3.8014572  4.360056   2.3604121  3.9852636  4.6292734 10.       ], shape=(6,), dtype=float32)",0.0,[1 3 4 6 4 2 6 0 0 0 0 0 0 0 0 0 0 0 0 0 0 0 0 0 0],False,"tf.Tensor(
[[ 3.8014572  4.360056   2.3604121  3.9852636  4.6292734 23.94463
  19.670502  25.447695  22.388     23.820372  25.558266  24.679964
  25.47531   24.184542  23.820784  26.652779  25.248669  26.565714 ]], shape=(1, 18), dtype=float32)"
1378,[1 3 4 6 4 2 6 0 0 0 0 0 0 0 0 0 0 0 0 0 0 0 0 0 0],"tf.Tensor([ 3.8431318  4.3223147  2.3564887  3.9661388  4.7034683 10.       ], shape=(6,), dtype=float32)",0.0,[2 1 0 0 0 0 0 4 6 4 2 6 0 0 0 0 0 0 0 0 0 0 0 0 0],False,"tf.Tensor(
[[ 3.8431318  4.3223147  2.3564887  3.9661388  4.7034683 24.566902
  20.318268  25.997648  23.045244  24.417936  26.167831  25.278416
  26.095804  24.765598  24.380991  27.280815  25.815641  27.160889 ]], shape=(1, 18), dtype=float32)"
1379,[2 1 0 0 0 0 0 4 6 4 2 6 0 0 0 0 0 0 0 0 0 0 0 0 0],"tf.Tensor([3.9706953 5.1874123 1.4912839 3.1325114 5.6931944 8.       ], shape=(6,), dtype=float32)",0.5,[2 2 5 6 5 3 4 0 0 0 0 0 0 0 0 0 0 0 0 0 0 0 0 0 0],False,"tf.Tensor(
[[ 3.9706953  5.1874123  1.4912839  3.1325114  5.6931944 20.38224
  17.265635  20.501753  17.99619   17.997696  20.383057  19.6602
  21.65954   22.573385  18.792019  21.92196   22.079134  19.67675  ]], shape=(1, 18), dtype=float32)"
1380,[2 2 5 6 5 3 4 0 0 0 0 0 0 0 0 0 0 0 0 0 0 0 0 0 0],"tf.Tensor([ 3.9835458  4.4983387  2.5116768  4.3079777  4.787489  10.       ], shape=(6,), dtype=float32)",0.0,[2 3 5 6 5 3 4 0 0 0 0 0 0 0 0 0 0 0 0 0 0 0 0 0 0],False,"tf.Tensor(
[[ 3.9835458  4.4983387  2.5116768  4.3079777  4.787489  25.470253
  21.114107  27.423235  23.882454  25.446198  27.543018  26.771896
  27.015133  25.694324  25.427683  28.62692   26.956089  28.586756 ]], shape=(1, 18), dtype=float32)"
1381,[2 3 5 6 5 3 4 0 0 0 0 0 0 0 0 0 0 0 0 0 0 0 0 0 0],"tf.Tensor([ 4.0020247  4.4490743  2.5222955  4.2825594  4.8465667 10.       ], shape=(6,), dtype=float32)",0.0,[3 1 0 0 0 0 0 5 6 5 3 4 0 0 0 0 0 0 0 0 0 0 0 0 0],False,"tf.Tensor(
[[ 4.0020247  4.4490743  2.5222955  4.2825594  4.8465667 26.113281
  21.802927  28.017504  24.561153  26.070591  28.178268  27.40146
  27.651787  26.279179  26.029871  29.279947  27.539162  29.212494 ]], shape=(1, 18), dtype=float32)"
1382,[3 1 0 0 0 0 0 5 6 5 3 4 0 0 0 0 0 0 0 0 0 0 0 0 0],"tf.Tensor([3.580511  4.8459663 1.0285649 3.453449  5.815901  8.       ], shape=(6,), dtype=float32)",0.5,[3 2 4 6 5 3 3 0 0 0 0 0 0 0 0 0 0 0 0 0 0 0 0 0 0],False,"tf.Tensor(
[[ 3.580511   4.8459663  1.0285649  3.453449   5.815901  21.99244
  19.17463   21.68033   19.058258  18.939499  21.653286  20.868658
  22.6339    24.211267  20.172585  22.794966  23.76202   20.75751  ]], shape=(1, 18), dtype=float32)"
1383,[3 2 4 6 5 3 3 0 0 0 0 0 0 0 0 0 0 0 0 0 0 0 0 0 0],[0 0 1 1 1 0],0.0,[3 3 4 6 5 3 3 0 0 0 0 0 0 0 0 0 0 0 0 0 0 0 0 0 0],False,"tf.Tensor(
[[ 3.6754675  4.003804   2.161128   3.8980014  4.2352023 23.938124
  19.869926  25.778444  22.457367  23.948256  25.863321  25.299355
  25.229221  23.901234  23.87778   26.928537  25.065342  26.920732 ]], shape=(1, 18), dtype=float32)"
1384,[3 3 4 6 5 3 3 0 0 0 0 0 0 0 0 0 0 0 0 0 0 0 0 0 0],"tf.Tensor([ 3.6876698  3.9460962  2.1756847  3.8638551  4.3002033 10.       ], shape=(6,), dtype=float32)",0.0,[4 1 0 0 0 0 0 4 6 5 3 3 0 0 0 0 0 0 0 0 0 0 0 0 0],False,"tf.Tensor(
[[ 3.6876698  3.9460962  2.1756847  3.8638551  4.3002033 24.584555
  20.567688  26.36106   23.13956   24.580664  26.499052  25.92507
  25.867321  24.49279   24.48496   27.587692  25.637491  27.555906 ]], shape=(1, 18), dtype=float32)"
1385,[4 1 0 0 0 0 0 4 6 5 3 3 0 0 0 0 0 0 0 0 0 0 0 0 0],[1 0 0 1 1 8],0.30000000000000004,[4 2 3 1 4 0 0 0 5 6 0 0 0 0 0 0 0 0 0 0 0 0 0 0 0],False,"tf.Tensor(
[[ 3.2479546  4.152877   0.6434572  3.17336    5.1039658 20.365396
  18.088634  19.943188  17.308498  17.406038  19.918968  19.467285
  20.89377   22.759756  18.558104  21.302847  21.807705  19.372055 ]], shape=(1, 18), dtype=float32)"
1386,[4 2 3 1 4 0 0 0 5 6 0 0 0 0 0 0 0 0 0 0 0 0 0 0 0],"tf.Tensor([ 3.6757078   3.4878056   0.90537107  2.5996525   4.687258   10.        ], shape=(6,), dtype=float32)",0.2,[4 3 3 1 4 5 6 0 0 0 0 0 0 0 0 0 0 0 0 0 0 0 0 0 0],False,"tf.Tensor(
[[ 3.6757078   3.4878056   0.90537107  2.5996525   4.687258   20.901455
  18.107685   20.141071   18.842009   19.05283    20.726513   21.09837
  21.85821    22.102135   19.116667   23.455812   21.505497   21.30153   ]], shape=(1, 18), dtype=float32)"
1387,[4 3 3 1 4 5 6 0 0 0 0 0 0 0 0 0 0 0 0 0 0 0 0 0 0],"tf.Tensor([ 3.287059   3.796846   1.9383303  3.8863037  4.1777673 12.       ], shape=(6,), dtype=float32)",38.0,[5 1 0 0 0 0 0 3 3 5 1 4 0 0 0 0 0 0 0 0 0 0 0 0 19],False,"tf.Tensor(
[[ 3.287059   3.796846   1.9383303  3.8863037  4.1777673 22.206747
  18.615906  23.821815  20.400578  21.500164  23.937822  22.96288
  23.469051  22.495352  21.811504  24.480618  23.361044  24.96909  ]], shape=(1, 18), dtype=float32)"
1388,[5 1 0 0 0 0 0 3 3 5 1 4 0 0 0 0 0 0 0 0 0 0 0 0 19],[0 1 0 0 1 8],0.2,[5 2 5 3 0 0 0 1 0 3 4 0 0 0 0 0 0 0 0 0 0 0 0 0 19],False,"tf.Tensor(
[[ 1.411202   2.2231526  1.6265572  1.4205002  1.242791  26.952177
  26.471657  26.948257  25.580221  25.612762  26.390789  26.48633
  26.82974   27.456188  26.1734    27.350016  27.732244  25.093456 ]], shape=(1, 18), dtype=float32)"
1389,[5 2 5 3 0 0 0 1 0 3 4 0 0 0 0 0 0 0 0 0 0 0 0 0 19],"tf.Tensor([ 0.77518964  2.1924515   1.5407519   0.9949266   1.9105371  11.        ], shape=(6,), dtype=float32)",0.2,[5 3 5 3 3 4 0 2 0 0 0 0 0 0 0 0 0 0 0 0 0 0 0 0 19],False,"tf.Tensor(
[[ 0.77518964  2.1924515   1.5407519   0.9949266   1.9105371  29.592634
  28.995485   29.249397   29.855986   29.81646    29.083271   29.38194
  28.743532   29.428053   29.38722    29.58261    30.572084   28.104435  ]], shape=(1, 18), dtype=float32)"
1390,[5 3 5 3 3 4 0 2 0 0 0 0 0 0 0 0 0 0 0 0 0 0 0 0 19],"tf.Tensor([0.5869174 1.5369065 1.934692  1.6057976 1.7690516 4.       ], shape=(6,), dtype=float32)",10.0,[6 1 0 0 0 0 0 6 5 5 4 3 0 0 0 0 5 0 0 0 0 0 0 0 19],False,"tf.Tensor(
[[ 0.5869174  1.5369065  1.934692   1.6057976  1.7690516 31.988928
  31.048962  31.983316  32.50629   32.73216   32.688225  31.574572
  30.714851  31.759607  32.216473  31.510136  32.453255  32.00331  ]], shape=(1, 18), dtype=float32)"
1391,[6 1 0 0 0 0 0 6 5 5 4 3 0 0 0 0 5 0 0 0 0 0 0 0 19],"tf.Tensor([ 1.5113847  2.6256871  1.4298795  1.4709935  2.206108  11.       ], shape=(6,), dtype=float32)",0.5,[6 2 4 2 4 6 1 0 0 0 0 0 0 0 0 0 5 0 0 0 0 0 0 0 19],False,"tf.Tensor(
[[ 1.5113847  2.6256871  1.4298795  1.4709935  2.206108  31.761538
  30.835934  31.021975  29.89163   29.85061   30.590633  30.327295
  32.012962  32.2476    30.983124  31.575956  32.667465  29.230742 ]], shape=(1, 18), dtype=float32)"
1392,[6 2 4 2 4 6 1 0 0 0 0 0 0 0 0 0 5 0 0 0 0 0 0 0 19],"tf.Tensor([0.6552746 1.2557666 1.5113386 1.5481629 1.5746893 5.       ], shape=(6,), dtype=float32)",0.0,[6 3 4 2 4 6 1 0 0 0 0 0 0 0 0 0 5 0 0 0 0 0 0 0 19],False,"tf.Tensor(
[[ 0.6552746  1.2557666  1.5113386  1.5481629  1.5746893 32.34937
  30.875374  31.974417  32.733643  32.35571   32.964314  31.240541
  30.162865  32.397686  31.815027  31.242254  31.808928  32.755314 ]], shape=(1, 18), dtype=float32)"
1393,[6 3 4 2 4 6 1 0 0 0 0 0 0 0 0 0 5 0 0 0 0 0 0 0 19],"tf.Tensor([0.60790944 1.1502049  1.4996717  1.4993472  1.5707321  5.        ], shape=(6,), dtype=float32)",12.0,[7 1 0 0 0 0 0 4 2 4 6 1 0 0 0 0 5 6 0 0 0 0 0 0 19],False,"tf.Tensor(
[[ 0.60790944  1.1502049   1.4996717   1.4993472   1.5707321  32.776093
  31.442604   32.512955   33.20603    32.985294   33.522556   31.791979
  30.787077   32.816364   32.417336   31.783203   32.249233   33.247787  ]], shape=(1, 18), dtype=float32)"
1394,[7 1 0 0 0 0 0 4 2 4 6 1 0 0 0 0 5 6 0 0 0 0 0 0 19],"tf.Tensor([ 1.3581318  1.7028346  1.3572854  0.7219056  0.9723189 11.       ], shape=(6,), dtype=float32)",0.4,[7 2 4 4 5 5 0 0 0 0 3 0 0 0 0 0 5 6 0 0 0 0 0 0 19],False,"tf.Tensor(
[[ 1.3581318  1.7028346  1.3572854  0.7219056  0.9723189 29.534786
  28.294529  29.426815  28.286009  28.270485  28.515003  29.319721
  28.996464  28.798386  28.828388  28.87785   30.366396  27.221605 ]], shape=(1, 18), dtype=float32)"
1395,[7 2 4 4 5 5 0 0 0 0 3 0 0 0 0 0 5 6 0 0 0 0 0 0 19],"tf.Tensor([0.6873977 1.2046326 1.5014656 1.2659187 1.594592  5.       ], shape=(6,), dtype=float32)",0.1,[7 3 4 4 5 5 3 0 0 0 0 0 0 0 0 0 5 6 0 0 0 0 0 0 19],False,"tf.Tensor(
[[ 0.6873977  1.2046326  1.5014656  1.2659187  1.594592  35.852097
  34.090202  35.488575  35.929268  35.903492  36.172607  34.88683
  34.33062   35.240932  35.58155   34.910645  35.290188  36.03286  ]], shape=(1, 18), dtype=float32)"
1396,[7 3 4 4 5 5 3 0 0 0 0 0 0 0 0 0 5 6 0 0 0 0 0 0 19],"tf.Tensor([0.82657933 0.8930028  1.5696734  1.2735229  1.6147988  5.        ], shape=(6,), dtype=float32)",-12.0,[8 1 0 0 0 0 0 4 4 5 6 5 0 0 0 0 5 0 0 0 0 0 0 0 19],False,"tf.Tensor(
[[ 0.82657933  0.8930028   1.5696734   1.2735229   1.6147988  36.902866
  35.21094    36.504086   36.809586   36.886505   37.3517     35.789482
  35.551563   36.402557   36.672276   36.06031    35.920315   37.193798  ]], shape=(1, 18), dtype=float32)"
1397,[8 1 0 0 0 0 0 4 4 5 6 5 0 0 0 0 5 0 0 0 0 0 0 0 19],"tf.Tensor([1.3380072 2.4686942 1.3403255 1.1629778 1.7984598 8.       ], shape=(6,), dtype=float32)",0.5,[8 2 6 3 2 1 2 0 0 0 0 0 0 0 0 0 5 0 0 0 0 0 0 0 19],False,"tf.Tensor(
[[ 1.3380072  2.4686942  1.3403255  1.1629778  1.7984598 31.97521
  31.3846    31.342958  30.114552  29.921448  30.850163  31.048216
  32.064877  32.604866  30.979586  32.028183  32.572563  29.406342 ]], shape=(1, 18), dtype=float32)"
1398,[8 2 6 3 2 1 2 0 0 0 0 0 0 0 0 0 5 0 0 0 0 0 0 0 19],"tf.Tensor([0.25574026 0.8816189  0.88748693 0.39880466 1.2661685  3.        ], shape=(6,), dtype=float32)",0.0,[8 3 6 3 2 1 2 0 0 0 0 0 0 0 0 0 5 0 0 0 0 0 0 0 19],False,"tf.Tensor(
[[ 0.25574026  0.8816189   0.88748693  0.39880466  1.2661685  30.345736
  30.03667    29.705938   31.241243   31.1864     30.361628   29.811836
  28.664257   29.97463    30.332043   29.927263   29.669      29.739483  ]], shape=(1, 18), dtype=float32)"
1399,[8 3 6 3 2 1 2 0 0 0 0 0 0 0 0 0 5 0 0 0 0 0 0 0 19],"tf.Tensor([0.22187802 0.80017    0.9091605  0.37015378 1.3314425  3.        ], shape=(6,), dtype=float32)",0.0,[9 1 0 0 0 0 0 6 3 2 1 2 0 0 0 0 5 0 0 0 0 0 0 0 19],False,"tf.Tensor(
[[ 0.22187802  0.80017     0.9091605   0.37015378  1.3314425  30.90358
  30.638077   30.284533   31.860601   31.854633   30.992702   30.395575
  29.324202   30.50578    30.96134    30.496164   30.226757   30.37535   ]], shape=(1, 18), dtype=float32)"
1400,[9 1 0 0 0 0 0 6 3 2 1 2 0 0 0 0 5 0 0 0 0 0 0 0 19],"tf.Tensor([0.87747204 1.1650797  0.80634594 0.79536796 0.7171166  0.        ], shape=(6,), dtype=float32)",0.1,[9 2 4 0 0 0 0 5 0 5 5 5 0 0 0 0 5 0 0 0 0 0 0 0 19],False,"tf.Tensor(
[[ 0.87747204  1.1650797   0.80634594  0.79536796  0.7171166  27.071863
  26.580214   26.878145   25.843454   25.980629   26.496374   26.370455
  26.247992   26.955418   26.584066   26.754217   27.012093   25.645084  ]], shape=(1, 18), dtype=float32)"
1401,[9 2 4 0 0 0 0 5 0 5 5 5 0 0 0 0 5 0 0 0 0 0 0 0 19],"tf.Tensor([ 0.8941101  2.307807   1.9779403  1.2554775  2.0501137 11.       ], shape=(6,), dtype=float32)",0.30000000000000004,[9 3 4 5 5 5 0 4 0 0 0 0 0 0 0 0 5 0 0 0 0 0 0 0 19],False,"tf.Tensor(
[[ 0.8941101  2.307807   1.9779403  1.2554775  2.0501137 33.08371
  32.53865   32.80743   31.71063   31.785929  32.500957  32.891197
  33.27315   33.768215  32.846626  32.82404   34.468075  30.875898 ]], shape=(1, 18), dtype=float32)"
1402,[9 3 4 5 5 5 0 4 0 0 0 0 0 0 0 0 5 0 0 0 0 0 0 0 19],"tf.Tensor([ 0.46637842  0.8094823   1.1971418   1.458118    1.7179049  12.        ], shape=(6,), dtype=float32)",0.0,[10 1 0 0 0 0 0 2 4 4 4 5 0 0 0 0 5 0 0 0 0 0 0 0 19],False,"tf.Tensor(
[[ 0.46637842  0.8094823   1.1971418   1.458118    1.7179049  37.27569
  35.8237     37.021713   37.056545   37.48452    37.798622   36.14391
  35.577614   37.42883    37.192772   36.190456   36.62066    37.930927  ]], shape=(1, 18), dtype=float32)"
1403,[10 1 0 0 0 0 0 2 4 4 4 5 0 0 0 0 5 0 0 0 0 0 0 0 19],"tf.Tensor([ 0.951936    1.8093855   0.7007555   0.65668595  0.8023995  10.        ], shape=(6,), dtype=float32)",0.2,[10 2 4 1 0 0 0 0 0 4 2 5 0 0 0 0 5 0 0 0 0 0 0 0 19],False,"tf.Tensor(
[[ 0.951936    1.8093855   0.7007555   0.65668595  0.8023995  29.230423
  29.07399    28.810242   27.865982   27.6446     28.527414   28.726017
  28.688103   29.585127   28.271433   29.653841   28.878202   27.222528  ]], shape=(1, 18), dtype=float32)"
1404,[10 2 4 1 0 0 0 0 0 4 2 5 0 0 0 0 5 0 0 0 0 0 0 0 19],"tf.Tensor([ 0.38108656  1.2944517   1.1720353   0.37878525  0.8826624  10.        ], shape=(6,), dtype=float32)",0.1,[10 3 4 1 4 0 0 0 0 0 6 4 0 0 0 0 5 0 0 0 0 0 0 0 19],False,"tf.Tensor(
[[ 0.38108656  1.2944517   1.1720353   0.37878525  0.8826624  28.739737
  28.905197   28.463963   28.52918    28.600693   28.533455   28.906378
  28.111303   28.98463    28.506098   29.020306   28.487398   27.393513  ]], shape=(1, 18), dtype=float32)"
1405,[10 3 4 1 4 0 0 0 0 0 6 4 0 0 0 0 5 0 0 0 0 0 0 0 19],"tf.Tensor([0.7943648  1.7977507  0.91914594 1.1943445  1.2494003  5.        ], shape=(6,), dtype=float32)",12.0,[11 1 0 0 0 0 0 4 1 3 2 3 0 0 0 0 5 6 0 0 0 0 0 0 19],False,"tf.Tensor(
[[ 0.7943648   1.7977507   0.91914594  1.1943445   1.2494003  32.12098
  31.191246   31.910873   31.991537   31.585588   32.3828     31.944057
  30.284098   31.823177   31.325567   32.057842   31.774616   31.341782  ]], shape=(1, 18), dtype=float32)"
1406,[11 1 0 0 0 0 0 4 1 3 2 3 0 0 0 0 5 6 0 0 0 0 0 0 19],"tf.Tensor([ 0.6220778   0.26710635  0.8726716   0.23898566 -0.19857109  6.        ], shape=(6,), dtype=float32)",0.0,[11 2 0 0 0 0 0 1 4 3 6 4 0 0 0 0 5 6 0 0 0 0 0 0 19],False,"tf.Tensor(
[[ 0.6220778   0.26710635  0.8726716   0.23898566 -0.19857109 26.919462
  26.741348   27.303236   25.66146    26.25486    26.67478    27.428795
  26.337801   26.370886   26.664112   26.657883   26.738297   25.570068  ]], shape=(1, 18), dtype=float32)"
1407,[11 2 0 0 0 0 0 1 4 3 6 4 0 0 0 0 5 6 0 0 0 0 0 0 19],"tf.Tensor([ 0.8975601   0.9131176   0.552093    0.22873843  0.09322178 10.        ], shape=(6,), dtype=float32)",0.1,[11 3 4 0 0 0 0 4 0 6 4 2 0 0 0 0 5 6 0 0 0 0 0 0 19],False,"tf.Tensor(
[[ 0.8975601   0.9131176   0.552093    0.22873843  0.09322178 29.846497
  29.659294   29.846968   28.396566   28.52876    29.320963   30.005987
  29.457363   29.377396   29.088387   30.167055   29.289223   27.943836  ]], shape=(1, 18), dtype=float32)"
1408,[11 3 4 0 0 0 0 4 0 6 4 2 0 0 0 0 5 6 0 0 0 0 0 0 19],"tf.Tensor(
[-4.9594045e-04  5.8610970e-01  1.4165609e+00  2.9723644e-01
  8.3017206e-01  9.0000000e+00], shape=(6,), dtype=float32)",0.0,[12 1 0 0 0 0 0 3 1 2 3 4 0 0 0 0 5 6 0 0 0 0 0 0 19],False,"tf.Tensor(
[[-4.9594045e-04  5.8610970e-01  1.4165609e+00  2.9723644e-01
   8.3017206e-01  3.2946358e+01  3.3044868e+01  3.2390648e+01
   3.1555813e+01  3.2350880e+01  3.2185474e+01  3.3013638e+01
   3.3239952e+01  3.2578762e+01  3.3399181e+01  3.2663349e+01
   3.3198280e+01  3.1153635e+01]], shape=(1, 18), dtype=float32)"
1409,[12 1 0 0 0 0 0 3 1 2 3 4 0 0 0 0 5 6 0 0 0 0 0 0 19],"tf.Tensor([ 0.65786266  0.23159342  0.7564595   0.08895087 -0.38725257  6.        ], shape=(6,), dtype=float32)",0.0,[12 2 0 0 0 0 0 1 6 4 4 4 0 0 0 0 5 6 0 0 0 0 0 0 19],False,"tf.Tensor(
[[ 0.65786266  0.23159342  0.7564595   0.08895087 -0.38725257 26.806778
  26.633888   27.223999   25.717937   26.059816   26.592636   27.454092
  25.873695   26.148867   26.29243    26.521338   26.4079     25.40455   ]], shape=(1, 18), dtype=float32)"
1410,[12 2 0 0 0 0 0 1 6 4 4 4 0 0 0 0 5 6 0 0 0 0 0 0 19],"tf.Tensor([ 0.5840994   0.15407602  0.17486212  0.17255855  0.02817905 10.        ], shape=(6,), dtype=float32)",0.0,[12 3 0 0 0 0 0 1 6 6 3 1 0 0 0 0 5 6 0 0 0 0 0 0 19],False,"tf.Tensor(
[[5.8409941e-01 1.5407602e-01 1.7486212e-01 1.7255855e-01 2.8179049e-02
  3.0556803e+01 3.0926783e+01 3.0266130e+01 2.8571480e+01 2.9246988e+01
  3.0082926e+01 3.0501308e+01 3.0532167e+01 3.0467236e+01 2.9884346e+01
  3.1108324e+01 2.9340714e+01 2.8977581e+01]], shape=(1, 18), dtype=float32)"
1411,[12 3 0 0 0 0 0 1 6 6 3 1 0 0 0 0 5 6 0 0 0 0 0 0 19],"tf.Tensor(
[ 3.8875040e-01 -5.2362174e-01 -2.3871759e-01 -4.2012930e-03
 -5.4743290e-03  1.0000000e+01], shape=(6,), dtype=float32)",0.0,[13 1 0 0 0 0 0 6 2 2 3 5 0 0 0 0 5 6 0 0 0 0 0 0 19],False,"tf.Tensor(
[[ 3.8875040e-01 -5.2362174e-01 -2.3871759e-01 -4.2012930e-03
  -5.4743290e-03  3.0799450e+01  3.1049164e+01  2.9992405e+01
   2.8879799e+01  2.9846678e+01  3.0067846e+01  3.0719007e+01
   3.0525040e+01  3.0220158e+01  3.0139139e+01  3.1182268e+01
   2.9107491e+01  2.9569513e+01]], shape=(1, 18), dtype=float32)"
1412,[13 1 0 0 0 0 0 6 2 2 3 5 0 0 0 0 5 6 0 0 0 0 0 0 19],"tf.Tensor([ 0.6256741   0.27025062  0.85537255  0.5244398  -0.10157478  2.        ], shape=(6,), dtype=float32)",0.0,[13 2 0 0 0 0 0 5 1 2 2 1 0 0 0 0 5 6 0 0 0 0 0 0 19],False,"tf.Tensor(
[[ 0.6256741   0.27025062  0.85537255  0.5244398  -0.10157478 29.674263
  29.531633   29.889366   27.323195   28.0829     29.26822    29.694603
  29.506489   29.593836   29.329996   29.394592   29.279419   28.08215   ]], shape=(1, 18), dtype=float32)"
1413,[13 2 0 0 0 0 0 5 1 2 2 1 0 0 0 0 5 6 0 0 0 0 0 0 19],"tf.Tensor([ 0.10309336 -0.8397307   0.3875756   0.08133054 -0.4266348   6.        ], shape=(6,), dtype=float32)",0.0,[13 3 0 0 0 0 0 1 6 2 5 2 0 0 0 0 5 6 0 0 0 0 0 0 19],False,"tf.Tensor(
[[ 0.10309336 -0.8397307   0.3875756   0.08133054 -0.4266348  27.213446
  27.297203   27.492163   25.858717   26.865108   27.119593   27.96772
  26.316288   26.189312   27.126204   26.75769    26.521278   26.66056   ]], shape=(1, 18), dtype=float32)"
1414,[13 3 0 0 0 0 0 1 6 2 5 2 0 0 0 0 5 6 0 0 0 0 0 0 19],"tf.Tensor([ 0.26227936 -0.6791634  -0.28453675 -0.20479572 -0.42252338  1.        ], shape=(6,), dtype=float32)",0.0,[14 1 0 0 0 0 0 4 4 2 2 2 0 0 0 0 5 6 0 0 0 0 0 0 19],True,"tf.Tensor(
[[ 0.26227936 -0.6791634  -0.28453675 -0.20479572 -0.42252338 30.0516
  30.704107   29.937386   28.270956   29.184048   29.73834    30.379333
  29.536085   29.6268     29.54068    30.435898   28.438038   28.77404   ]], shape=(1, 18), dtype=float32)"
1415,[1 1 0 0 0 0 0 2 4 3 1 2 0 0 0 0 0 0 0 0 0 0 0 0 0],"tf.Tensor([2.6212604 3.2063274 0.9273349 2.2657602 3.581296  8.       ], shape=(6,), dtype=float32)",0.5,[1 2 2 4 3 1 2 0 0 0 0 0 0 0 0 0 0 0 0 0 0 0 0 0 0],False,"tf.Tensor(
[[ 2.6212604  3.2063274  0.9273349  2.2657602  3.581296  12.765498
  10.954718  12.8540945 11.264675  11.454822  12.89408   12.415313
  13.5454445 14.347794  11.765589  13.829153  13.9688425 12.624675 ]], shape=(1, 18), dtype=float32)"
1416,[1 2 2 4 3 1 2 0 0 0 0 0 0 0 0 0 0 0 0 0 0 0 0 0 0],"tf.Tensor([ 2.4527202  2.6750653  1.5081887  2.4518292  2.8132246 10.       ], shape=(6,), dtype=float32)",0.0,[1 3 2 4 3 1 2 0 0 0 0 0 0 0 0 0 0 0 0 0 0 0 0 0 0],False,"tf.Tensor(
[[ 2.4527202  2.6750653  1.5081887  2.4518292  2.8132246 15.1796875
  12.590538  16.178907  14.33813   15.221836  16.2727    15.857379
  15.998744  15.295241  15.042513  16.960844  15.921019  16.843054 ]], shape=(1, 18), dtype=float32)"
1417,[1 3 2 4 3 1 2 0 0 0 0 0 0 0 0 0 0 0 0 0 0 0 0 0 0],"tf.Tensor([ 2.4610212  2.62691    1.5083221  2.4183524  2.8869147 10.       ], shape=(6,), dtype=float32)",0.0,[2 1 0 0 0 0 0 2 4 3 1 2 0 0 0 0 0 0 0 0 0 0 0 0 0],False,"tf.Tensor(
[[ 2.4610212  2.62691    1.5083221  2.4183524  2.8869147 15.821019
  13.290719  16.759321  15.02889   15.85332   16.907688  16.47141
  16.637276  15.889214  15.642574  17.609251  16.510788  17.464808 ]], shape=(1, 18), dtype=float32)"
1418,[2 1 0 0 0 0 0 2 4 3 1 2 0 0 0 0 0 0 0 0 0 0 0 0 0],"tf.Tensor([2.5147605  2.8915923  0.69898593 2.2191925  3.3999689  8.        ], shape=(6,), dtype=float32)",0.4,[2 2 3 5 5 6 0 0 0 4 0 0 0 0 0 0 0 0 0 0 0 0 0 0 0],False,"tf.Tensor(
[[ 2.5147605   2.8915923   0.69898593  2.2191925   3.3999689  12.843808
  11.234922   12.78179    11.075721   11.265715   12.753325   12.38621
  13.423032   14.4508295  11.693653   13.767253   13.859794   12.561105  ]], shape=(1, 18), dtype=float32)"
1419,[2 2 3 5 5 6 0 0 0 4 0 0 0 0 0 0 0 0 0 0 0 0 0 0 0],"tf.Tensor([ 4.1226687  4.861144   2.4421625  4.309927   5.0404854 10.       ], shape=(6,), dtype=float32)",0.1,[2 3 3 5 5 6 4 0 0 0 0 0 0 0 0 0 0 0 0 0 0 0 0 0 0],False,"tf.Tensor(
[[ 4.1226687  4.861144   2.4421625  4.309927   5.0404854 25.086555
  20.907238  26.921227  23.446484  24.58624   27.002861  26.374912
  26.538208  25.7827    24.75581   28.385128  26.595894  28.246386 ]], shape=(1, 18), dtype=float32)"
1420,[2 3 3 5 5 6 4 0 0 0 0 0 0 0 0 0 0 0 0 0 0 0 0 0 0],"tf.Tensor([ 4.005053   4.512861   2.4569478  4.484142   4.677846  12.       ], shape=(6,), dtype=float32)",46.0,[3 1 0 0 0 0 0 3 5 5 5 6 0 0 0 0 0 0 0 0 0 0 0 0 23],False,"tf.Tensor(
[[ 4.005053   4.512861   2.4569478  4.484142   4.677846  25.893375
  21.38052   28.012657  24.146812  25.552168  27.993046  27.005295
  27.277811  26.003195  25.754663  28.821005  27.27337   29.236458 ]], shape=(1, 18), dtype=float32)"
1421,[3 1 0 0 0 0 0 3 5 5 5 6 0 0 0 0 0 0 0 0 0 0 0 0 23],"tf.Tensor([ 2.137822   3.559803   2.4399118  1.907082   2.5730102 11.       ], shape=(6,), dtype=float32)",0.5,[3 2 3 3 5 6 2 0 0 0 0 0 0 0 0 0 0 0 0 0 0 0 0 0 23],False,"tf.Tensor(
[[ 2.137822   3.559803   2.4399118  1.907082   2.5730102 33.70724
  32.78012   33.37891   32.34124   31.830914  32.65613   32.481956
  33.93347   34.495182  32.372963  34.007374  35.263794  30.87484  ]], shape=(1, 18), dtype=float32)"
1422,[3 2 3 3 5 6 2 0 0 0 0 0 0 0 0 0 0 0 0 0 0 0 0 0 23],"tf.Tensor([1.2430995 2.5671802 2.3719978 2.5230658 1.906807  5.       ], shape=(6,), dtype=float32)",0.0,[3 3 3 3 5 6 2 0 0 0 0 0 0 0 0 0 0 0 0 0 0 0 0 0 23],False,"tf.Tensor(
[[ 1.2430995  2.5671802  2.3719978  2.5230658  1.906807  36.7505
  34.62364   36.267742  36.98908   36.28817   37.360863  35.25764
  34.065243  36.545727  35.84032   35.71628   36.692047  36.702736 ]], shape=(1, 18), dtype=float32)"
1423,[3 3 3 3 5 6 2 0 0 0 0 0 0 0 0 0 0 0 0 0 0 0 0 0 23],"tf.Tensor([1.2060583 2.468069  2.3647404 2.4822304 1.9189012 5.       ], shape=(6,), dtype=float32)",12.0,[4 1 0 0 0 0 0 3 3 5 6 2 0 0 0 0 0 6 0 0 0 0 0 0 23],False,"tf.Tensor(
[[ 1.2060583  2.468069   2.3647404  2.4822304  1.9189012 37.214073
  35.208763  36.841053  37.47809   36.91344   37.94197   35.836357
  34.733784  37.01949   36.45802   36.283794  37.17634   37.237423 ]], shape=(1, 18), dtype=float32)"
1424,[4 1 0 0 0 0 0 3 3 5 6 2 0 0 0 0 0 6 0 0 0 0 0 0 23],"tf.Tensor([ 2.154546   2.7106326  2.115139   1.6685036  1.6290357 11.       ], shape=(6,), dtype=float32)",0.5,[4 2 4 3 2 2 4 0 0 0 0 0 0 0 0 0 0 6 0 0 0 0 0 0 23],False,"tf.Tensor(
[[ 2.154546   2.7106326  2.115139   1.6685036  1.6290357 33.16786
  31.56849   33.356762  31.619158  31.54829   32.103264  33.009216
  32.855553  32.58801   32.045685  33.01651   34.85191   30.603596 ]], shape=(1, 18), dtype=float32)"
1425,[4 2 4 3 2 2 4 0 0 0 0 0 0 0 0 0 0 6 0 0 0 0 0 0 23],"tf.Tensor([ 1.3401701  1.9716094  2.03931    1.3829514  1.3388175 11.       ], shape=(6,), dtype=float32)",0.0,[4 3 4 3 2 2 4 0 0 0 0 0 0 0 0 0 0 6 0 0 0 0 0 0 23],False,"tf.Tensor(
[[ 1.3401701  1.9716094  2.03931    1.3829514  1.3388175 34.635498
  33.18801   34.27167   34.60201   34.140522  34.400845  33.766273
  33.076347  33.877094  34.03083   33.93847   34.848335  33.22348  ]], shape=(1, 18), dtype=float32)"
1426,[4 3 4 3 2 2 4 0 0 0 0 0 0 0 0 0 0 6 0 0 0 0 0 0 23],"tf.Tensor([ 1.180228   1.8571125  2.0668526  1.3121558  1.3144796 11.       ], shape=(6,), dtype=float32)",0.0,[5 1 0 0 0 0 0 4 3 2 2 4 0 0 0 0 0 6 0 0 0 0 0 0 23],False,"tf.Tensor(
[[ 1.180228   1.8571125  2.0668526  1.3121558  1.3144796 35.08465
  33.855473  34.697758  35.05014   34.687637  34.91828   34.206875
  33.789623  34.36524   34.69493   34.500652  35.228344  33.732025 ]], shape=(1, 18), dtype=float32)"
1427,[5 1 0 0 0 0 0 4 3 2 2 4 0 0 0 0 0 6 0 0 0 0 0 0 23],"tf.Tensor([ 1.9481927  2.0340948  1.9695305  1.257675   0.9724499 11.       ], shape=(6,), dtype=float32)",0.5,[5 2 4 6 4 4 2 0 0 0 0 0 0 0 0 0 0 6 0 0 0 0 0 0 23],False,"tf.Tensor(
[[ 1.9481927  2.0340948  1.9695305  1.257675   0.9724499 30.322262
  29.437014  30.906282  29.145185  29.115345  29.72951   30.030487
  30.097477  29.880413  29.564478  30.279915  31.600416  27.987602 ]], shape=(1, 18), dtype=float32)"
1428,[5 2 4 6 4 4 2 0 0 0 0 0 0 0 0 0 0 6 0 0 0 0 0 0 23],[ 1  1  1  1  0 11],0.0,[5 3 4 6 4 4 2 0 0 0 0 0 0 0 0 0 0 6 0 0 0 0 0 0 23],False,"tf.Tensor(
[[ 0.86453176  1.7888254   2.0095835   1.3603691   1.545799   38.771145
  37.221905   38.093887   39.07593    38.952614   38.772007   37.498936
  37.036297   37.97958    38.495163   37.895554   38.37266    38.05629   ]], shape=(1, 18), dtype=float32)"
1429,[5 3 4 6 4 4 2 0 0 0 0 0 0 0 0 0 0 6 0 0 0 0 0 0 23],"tf.Tensor([0.8264425 1.6905075 1.9971968 1.3226858 1.5573626 4.       ], shape=(6,), dtype=float32)",0.0,[6 1 0 0 0 0 0 4 6 4 4 2 0 0 0 0 0 6 0 0 0 0 0 0 23],False,"tf.Tensor(
[[ 0.8264425  1.6905075  1.9971968  1.3226858  1.5573626 39.23381
  37.815845  38.66489   39.560863  39.586006  39.35747   38.080654
  37.704994  38.440475  39.119133  38.470306  38.855576  38.58354  ]], shape=(1, 18), dtype=float32)"
1430,[6 1 0 0 0 0 0 4 6 4 4 2 0 0 0 0 0 6 0 0 0 0 0 0 23],"tf.Tensor([ 2.0138142  2.228078   1.4931486  1.473883   1.2770123 11.       ], shape=(6,), dtype=float32)",0.5,[6 2 5 1 6 6 2 0 0 0 0 0 0 0 0 0 0 6 0 0 0 0 0 0 23],False,"tf.Tensor(
[[ 2.0138142  2.228078   1.4931486  1.473883   1.2770123 33.44914
  32.356434  33.796684  31.770395  32.03344   32.74879   33.257965
  33.275036  32.962845  32.47199   33.80041   34.608524  31.111984 ]], shape=(1, 18), dtype=float32)"
1431,[6 2 5 1 6 6 2 0 0 0 0 0 0 0 0 0 0 6 0 0 0 0 0 0 23],"tf.Tensor([0.6883831 1.3417608 2.294743  1.8876754 1.2695806 5.       ], shape=(6,), dtype=float32)",0.0,[6 3 5 1 6 6 2 0 0 0 0 0 0 0 0 0 0 6 0 0 0 0 0 0 23],False,"tf.Tensor(
[[ 0.6883831  1.3417608  2.294743   1.8876754  1.2695806 38.046677
  36.28837   37.77764   38.272076  37.995335  38.88242   37.27911
  35.89274   37.27757   37.858677  36.979137  37.879417  38.037376 ]], shape=(1, 18), dtype=float32)"
1432,[6 3 5 1 6 6 2 0 0 0 0 0 0 0 0 0 0 6 0 0 0 0 0 0 23],"tf.Tensor([0.636955  1.2290798 2.2742233 1.8372213 1.258287  5.       ], shape=(6,), dtype=float32)",12.0,[7 1 0 0 0 0 0 5 1 6 6 2 0 0 0 0 0 12 0 0 0 0 0 0 23],False,"tf.Tensor(
[[ 0.636955   1.2290798  2.2742233  1.8372213  1.258287  38.468246
  36.856083  38.314205  38.744682  38.635406  39.436802  37.826935
  36.50541   37.689064  38.4646    37.520004  38.31217   38.52936  ]], shape=(1, 18), dtype=float32)"
1433,[7 1 0 0 0 0 0 5 1 6 6 2 0 0 0 0 0 12 0 0 0 0 0 0 23],"tf.Tensor([ 1.8019483   1.654619    2.223577    1.2586666   0.71096885 11.        ], shape=(6,), dtype=float32)",0.4,[7 2 4 5 5 5 0 0 0 0 0 4 0 0 0 0 0 12 0 0 0 0 0 0 23],False,"tf.Tensor(
[[ 1.8019483   1.654619    2.223577    1.2586666   0.71096885 34.761314
  33.185204   35.248936   32.423244   33.051006   33.629364   35.26485
  34.895546   33.598316   34.211224   34.250328   36.39896    32.055202  ]], shape=(1, 18), dtype=float32)"
1434,[7 2 4 5 5 5 0 0 0 0 0 4 0 0 0 0 0 12 0 0 0 0 0 0 23],[ 1  0  1  1  1 11],0.1,[7 3 4 5 5 5 4 0 0 0 0 0 0 0 0 0 0 12 0 0 0 0 0 0 23],False,"tf.Tensor(
[[ 1.0095568   1.4652106   2.2135582   1.3837689   0.79787135 39.435066
  38.136906   39.986412   39.259365   40.050774   40.25457    39.117115
  38.750767   38.68286    39.86575    39.230125   39.268883   38.922153  ]], shape=(1, 18), dtype=float32)"
1435,[7 3 4 5 5 5 4 0 0 0 0 0 0 0 0 0 0 12 0 0 0 0 0 0 23],"tf.Tensor([0.7676139 0.9243578 2.012745  1.0664955 1.1063409 5.       ], shape=(6,), dtype=float32)",-24.0,[8 1 0 0 0 0 0 4 5 5 5 3 0 0 0 0 0 0 0 0 0 0 0 0 23],False,"tf.Tensor(
[[ 0.7676139  0.9243578  2.012745   1.0664955  1.1063409 42.024284
  40.36422   41.397484  41.713814  41.806335  42.077175  40.85745
  40.762955  40.820847  41.96621   40.964687  41.201313  41.26837  ]], shape=(1, 18), dtype=float32)"
1436,[8 1 0 0 0 0 0 4 5 5 5 3 0 0 0 0 0 0 0 0 0 0 0 0 23],"tf.Tensor([ 1.6217563  2.5480847  1.4087272  1.49604    1.3533142 11.       ], shape=(6,), dtype=float32)",0.5,[8 2 2 6 4 3 2 0 0 0 0 0 0 0 0 0 0 0 0 0 0 0 0 0 23],False,"tf.Tensor(
[[ 1.6217563  2.5480847  1.4087272  1.49604    1.3533142 33.980976
  33.126976  33.91789   32.420227  32.340538  33.16587   33.763046
  33.23761   33.972813  32.83962   34.389362  34.805126  31.712635 ]], shape=(1, 18), dtype=float32)"
1437,[8 2 2 6 4 3 2 0 0 0 0 0 0 0 0 0 0 0 0 0 0 0 0 0 23],[1 0 0 1 1 6],0.0,[8 3 2 6 4 3 2 0 0 0 0 0 0 0 0 0 0 0 0 0 0 0 0 0 23],False,"tf.Tensor(
[[ 0.7263262   1.4756185   0.8734907   1.0369045   0.84075737 36.073845
  34.95271    35.399628   36.393772   36.147892   35.9516     34.972275
  33.17014    35.347084   35.275326   35.54602    34.71929    35.62948   ]], shape=(1, 18), dtype=float32)"
1438,[8 3 2 6 4 3 2 0 0 0 0 0 0 0 0 0 0 0 0 0 0 0 0 0 23],"tf.Tensor([0.5663824 1.361121  0.9010303 0.9661074 0.8164196 3.       ], shape=(6,), dtype=float32)",8.0,[9 1 0 0 0 0 0 2 6 4 3 2 0 0 0 4 0 0 0 0 0 0 0 0 23],False,"tf.Tensor(
[[ 0.5663824  1.361121   0.9010303  0.9661074  0.8164196 36.52299
  35.62017   35.82571   36.841904  36.695007  36.469025  35.41288
  33.88342   35.83523   35.939423  36.108215  35.099297  36.13802  ]], shape=(1, 18), dtype=float32)"
1439,[9 1 0 0 0 0 0 2 6 4 3 2 0 0 0 4 0 0 0 0 0 0 0 0 23],"tf.Tensor([ 1.1850172   1.230279   -0.07693017  0.86760646 -0.11805809 10.        ], shape=(6,), dtype=float32)",0.2,[9 2 5 2 0 0 0 0 0 6 3 3 0 0 0 4 0 0 0 0 0 0 0 0 23],False,"tf.Tensor(
[[ 1.1850172   1.230279   -0.07693017  0.86760646 -0.11805809 29.144213
  28.586985   30.139853   27.755617   29.06       28.91456    29.968239
  28.272638   28.317114   28.80108    30.263266   29.161016   28.2372    ]], shape=(1, 18), dtype=float32)"
1440,[9 2 5 2 0 0 0 0 0 6 3 3 0 0 0 4 0 0 0 0 0 0 0 0 23],"tf.Tensor([0.29246303 1.2331848  0.78573406 0.44768053 0.5235499  6.        ], shape=(6,), dtype=float32)",0.0,[9 3 5 2 0 0 0 0 0 5 5 3 0 0 0 4 0 0 0 0 0 0 0 0 23],False,"tf.Tensor(
[[ 0.29246303  1.2331848   0.78573406  0.44768053  0.5235499  31.739443
  31.649683   32.1613     31.254183   32.642532   31.360342   32.75853
  31.413465   31.120874   32.3389     32.57786    32.1066     30.746332  ]], shape=(1, 18), dtype=float32)"
1441,[9 3 5 2 0 0 0 0 0 5 5 3 0 0 0 4 0 0 0 0 0 0 0 0 23],"tf.Tensor([0.34670314 1.483391   0.88310075 0.56639665 0.72517586 6.        ], shape=(6,), dtype=float32)",0.0,[10 1 0 0 0 0 0 5 2 6 2 1 0 0 0 4 0 0 0 0 0 0 0 0 23],False,"tf.Tensor(
[[ 0.34670314  1.483391    0.88310075  0.56639665  0.72517586 32.80574
  32.53797    33.16003    32.332256   33.485794   32.40298    33.746025
  32.412373   32.080677   33.282486   33.55303    33.28879    31.781862  ]], shape=(1, 18), dtype=float32)"
1442,[10 1 0 0 0 0 0 5 2 6 2 1 0 0 0 4 0 0 0 0 0 0 0 0 23],"tf.Tensor([ 0.7463814   0.7076583   0.40810835  0.79733855 -0.5472598   6.        ], shape=(6,), dtype=float32)",0.0,[10 2 0 0 0 0 0 2 3 1 2 3 0 0 0 4 0 0 0 0 0 0 0 0 23],False,"tf.Tensor(
[[ 0.7463814   0.7076583   0.40810835  0.79733855 -0.5472598  29.482841
  28.831165   30.455153   27.851599   29.432444   29.137892   30.615513
  28.585443   28.320913   29.685907   29.966295   29.871374   28.57198   ]], shape=(1, 18), dtype=float32)"
1443,[10 2 0 0 0 0 0 2 3 1 2 3 0 0 0 4 0 0 0 0 0 0 0 0 23],"tf.Tensor([ 1.1072706   0.80777097  0.18354475  0.54413587 -0.6812322   2.        ], shape=(6,), dtype=float32)",0.1,[10 3 2 0 0 0 0 0 1 6 6 4 0 0 0 4 0 0 0 0 0 0 0 0 23],False,"tf.Tensor(
[[ 1.1072706   0.80777097  0.18354475  0.54413587 -0.6812322  27.11755
  26.340109   28.42374    26.589989   27.484694   27.199741   28.174194
  25.477175   25.659866   26.863676   27.534706   27.107004   26.441242  ]], shape=(1, 18), dtype=float32)"
1444,[10 3 2 0 0 0 0 0 1 6 6 4 0 0 0 4 0 0 0 0 0 0 0 0 23],"tf.Tensor([ 0.6425992   1.4331566   0.70447206  0.76665956 -0.012272    6.        ], shape=(6,), dtype=float32)",0.0,[11 1 0 0 0 0 0 2 5 1 5 2 0 0 0 4 0 0 0 0 0 0 0 0 23],False,"tf.Tensor(
[[ 6.4259923e-01  1.4331566e+00  7.0447206e-01  7.6665956e-01
  -1.2272000e-02  3.1639853e+01  3.1081259e+01  3.2234413e+01
   3.0406090e+01  3.1390995e+01  3.1273981e+01  3.2846478e+01
   3.1002523e+01  3.0719257e+01  3.1591440e+01  3.2545376e+01
   3.1844582e+01  3.0541126e+01]], shape=(1, 18), dtype=float32)"
1445,[11 1 0 0 0 0 0 2 5 1 5 2 0 0 0 4 0 0 0 0 0 0 0 0 23],"tf.Tensor([ 1.2324123   1.060778   -0.24903834  0.6568722  -0.4763124   2.        ], shape=(6,), dtype=float32)",0.2,[11 2 5 4 0 0 0 0 0 2 5 3 0 0 0 4 0 0 0 0 0 0 0 0 23],False,"tf.Tensor(
[[ 1.2324123   1.060778   -0.24903834  0.6568722  -0.4763124  28.946392
  28.011757   30.103624   28.008993   28.880226   28.767332   30.053686
  27.235802   27.395464   28.399975   29.61797    28.897667   28.083395  ]], shape=(1, 18), dtype=float32)"
1446,[11 2 5 4 0 0 0 0 0 2 5 3 0 0 0 4 0 0 0 0 0 0 0 0 23],"tf.Tensor([0.45634672 1.1634358  0.3408537  0.2337416  0.3276477  6.        ], shape=(6,), dtype=float32)",0.0,[11 3 5 4 0 0 0 0 0 4 3 2 0 0 0 4 0 0 0 0 0 0 0 0 23],False,"tf.Tensor(
[[ 0.45634672  1.1634358   0.3408537   0.2337416   0.3276477  32.40279
  31.998594   32.934494   32.38285    33.42349    32.026623   33.424446
  31.098387   31.259037   32.59247    32.934994   32.372475   31.558155  ]], shape=(1, 18), dtype=float32)"
1447,[11 3 5 4 0 0 0 0 0 4 3 2 0 0 0 4 0 0 0 0 0 0 0 0 23],"tf.Tensor([ 0.01928362  0.61780787  0.1644715  -0.12960474  0.28123927  4.        ], shape=(6,), dtype=float32)",10.0,[12 1 0 0 0 0 0 5 4 5 1 2 0 0 0 4 5 0 0 0 0 0 0 0 23],False,"tf.Tensor(
[[ 1.9283623e-02  6.1780787e-01  1.6447151e-01 -1.2960474e-01
   2.8123927e-01  3.2555462e+01  3.2674271e+01  3.2863861e+01
   3.2588398e+01  3.4059853e+01  3.2107075e+01  3.3558853e+01
   3.1662060e+01  3.1455643e+01  3.3201969e+01  3.3237782e+01
   3.2237747e+01  3.1864176e+01]], shape=(1, 18), dtype=float32)"
1448,[12 1 0 0 0 0 0 5 4 5 1 2 0 0 0 4 5 0 0 0 0 0 0 0 23],"tf.Tensor([ 0.38734218  0.28012773 -0.19008732  0.33458143 -0.38807297  2.        ], shape=(6,), dtype=float32)",0.0,[12 2 0 0 0 0 0 1 2 2 3 4 0 0 0 4 5 0 0 0 0 0 0 0 23],False,"tf.Tensor(
[[ 0.38734218  0.28012773 -0.19008732  0.33458143 -0.38807297 29.955498
  30.074648   30.666397   28.41303    30.146303   29.722063   30.61044
  29.382294   29.322489   30.315336   30.609392   29.595959   29.219591  ]], shape=(1, 18), dtype=float32)"
1449,[12 2 0 0 0 0 0 1 2 2 3 4 0 0 0 4 5 0 0 0 0 0 0 0 23],"tf.Tensor([ 0.601182    0.62684476 -0.0317539  -0.00783543 -0.641168    2.        ], shape=(6,), dtype=float32)",0.0,[12 3 0 0 0 0 0 5 1 6 5 5 0 0 0 4 5 0 0 0 0 0 0 0 23],False,"tf.Tensor(
[[ 6.0118198e-01  6.2684476e-01 -3.1753898e-02 -7.8354329e-03
  -6.4116800e-01  2.8075613e+01  2.7639750e+01  2.8896780e+01
   2.7599398e+01  2.8431007e+01  2.7880098e+01  2.8894171e+01
   2.6437197e+01  2.7012131e+01  2.7921652e+01  2.8182116e+01
   2.7460318e+01  2.7257849e+01]], shape=(1, 18), dtype=float32)"
1450,[12 3 0 0 0 0 0 5 1 6 5 5 0 0 0 4 5 0 0 0 0 0 0 0 23],"tf.Tensor([ 0.35044226  1.1588215   0.7217969   0.46454233 -0.00988996  6.        ], shape=(6,), dtype=float32)",0.0,[13 1 0 0 0 0 0 3 6 5 1 4 0 0 0 4 5 0 0 0 0 0 0 0 23],False,"tf.Tensor(
[[ 3.5044226e-01  1.1588215e+00  7.2179687e-01  4.6454233e-01
  -9.8899603e-03  3.3404388e+01  3.3117130e+01  3.3556755e+01
   3.1356113e+01  3.2421261e+01  3.2570690e+01  3.3605568e+01
   3.3121136e+01  3.3044964e+01  3.3586323e+01  3.3485893e+01
   3.3434975e+01  3.1735279e+01]], shape=(1, 18), dtype=float32)"
1451,[13 1 0 0 0 0 0 3 6 5 1 4 0 0 0 4 5 0 0 0 0 0 0 0 23],[ 1  0  0  1  1 12],0.30000000000000004,[13 2 3 4 6 0 0 0 6 3 0 0 0 0 0 4 5 0 0 0 0 0 0 0 23],False,"tf.Tensor(
[[ 0.29514953  0.28466853 -0.45636308  0.16618116 -0.4091016  30.982346
  31.416609   31.484745   29.140812   30.964037   30.665504   31.410107
  30.728212   30.786856   31.254251   31.977314   30.042212   30.061182  ]], shape=(1, 18), dtype=float32)"
1452,[13 2 3 4 6 0 0 0 6 3 0 0 0 0 0 4 5 0 0 0 0 0 0 0 23],"tf.Tensor(
[ 3.6953092e-01 -6.5396324e-02 -1.2970308e+00  3.4400260e-01
  8.5634440e-03  1.0000000e+01], shape=(6,), dtype=float32)",0.0,[13 3 3 4 6 0 0 0 6 2 0 0 0 0 0 4 5 0 0 0 0 0 0 0 23],False,"tf.Tensor(
[[ 3.6953092e-01 -6.5396324e-02 -1.2970308e+00  3.4400260e-01
   8.5634440e-03  3.6991749e+01  3.6838776e+01  3.6788429e+01
   3.6248192e+01  3.8013245e+01  3.7193188e+01  3.6941753e+01
   3.5225716e+01  3.5985924e+01  3.7004307e+01  3.8419189e+01
   3.4605892e+01  3.7378918e+01]], shape=(1, 18), dtype=float32)"
1453,[13 3 3 4 6 0 0 0 6 2 0 0 0 0 0 4 5 0 0 0 0 0 0 0 23],"tf.Tensor([ 0.24395283 -0.24117962 -1.3040633   0.2500448  -0.173114   10.        ], shape=(6,), dtype=float32)",0.0,[14 1 0 0 0 0 0 3 5 3 4 6 0 0 0 4 5 0 0 0 0 0 0 0 23],True,"tf.Tensor(
[[ 0.24395283 -0.24117962 -1.3040633   0.2500448  -0.173114   36.676155
  36.72986    36.640106   36.101433   37.95123    37.09273    36.71662
  35.040173   35.63069    36.922707   38.19836    34.204292   37.231396  ]], shape=(1, 18), dtype=float32)"
1454,[1 1 0 0 0 0 0 3 6 6 6 1 0 0 0 0 0 0 0 0 0 0 0 0 0],"tf.Tensor([3.7683465 4.9998407 1.4487762 3.3057954 5.9679585 8.       ], shape=(6,), dtype=float32)",0.5,[1 2 3 6 6 6 1 0 0 0 0 0 0 0 0 0 0 0 0 0 0 0 0 0 0],False,"tf.Tensor(
[[ 3.7683465  4.9998407  1.4487762  3.3057954  5.9679585 21.208307
  18.123283  20.483608  18.632948  18.382751  20.868532  20.976233
  22.181213  23.449682  19.338223  22.67353   23.348156  20.431099 ]], shape=(1, 18), dtype=float32)"
1455,[1 2 3 6 6 6 1 0 0 0 0 0 0 0 0 0 0 0 0 0 0 0 0 0 0],"tf.Tensor([ 3.9921894  4.49092    2.5774646  4.6591125  4.545654  12.       ], shape=(6,), dtype=float32)",0.0,[1 3 3 6 6 6 1 0 0 0 0 0 0 0 0 0 0 0 0 0 0 0 0 0 0],False,"tf.Tensor(
[[ 3.9921894  4.49092    2.5774646  4.6591125  4.545654  25.147469
  20.66064   27.529215  23.63966   25.105215  27.680424  26.815107
  26.402428  25.230623  25.200487  28.454855  26.694494  28.932554 ]], shape=(1, 18), dtype=float32)"
1456,[1 3 3 6 6 6 1 0 0 0 0 0 0 0 0 0 0 0 0 0 0 0 0 0 0],[0 0 1 1 1 6],44.0,[2 1 0 0 0 0 0 3 6 6 6 1 0 0 0 0 0 0 22 0 0 0 0 0 0],False,"tf.Tensor(
[[ 4.025909   4.471014   2.608835   4.6444736  4.5773253 25.764118
  21.292696  28.133564  24.30654   25.7462    28.305674  27.408428
  27.007135  25.814417  25.808313  29.06718   27.274973  29.51309  ]], shape=(1, 18), dtype=float32)"
1457,[2 1 0 0 0 0 0 3 6 6 6 1 0 0 0 0 0 0 22 0 0 0 0 0 0],"tf.Tensor([ 1.942624   3.2886045  0.9990901  2.6305544  3.416186  11.       ], shape=(6,), dtype=float32)",0.5,[2 2 4 5 2 1 1 0 0 0 0 0 0 0 0 0 0 0 22 0 0 0 0 0 0],False,"tf.Tensor(
[[ 1.942624   3.2886045  0.9990901  2.6305544  3.416186  21.709152
  17.814074  20.112448  22.569063  20.842566  20.963993  18.906
  19.96111   20.258476  20.816383  20.356201  23.154404  20.641914 ]], shape=(1, 18), dtype=float32)"
1458,[2 2 4 5 2 1 1 0 0 0 0 0 0 0 0 0 0 0 22 0 0 0 0 0 0],"tf.Tensor([ 2.3768375  2.618833   1.6602304  2.9132476  1.857782  11.       ], shape=(6,), dtype=float32)",0.0,[2 3 4 5 2 1 1 0 0 0 0 0 0 0 0 0 0 0 22 0 0 0 0 0 0],False,"tf.Tensor(
[[ 2.3768375  2.618833   1.6602304  2.9132476  1.857782  20.639105
  15.754489  20.73651   21.359642  20.791367  20.994299  19.940737
  19.137514  17.690577  20.57279   20.80141   21.830622  20.892675 ]], shape=(1, 18), dtype=float32)"
1459,[2 3 4 5 2 1 1 0 0 0 0 0 0 0 0 0 0 0 22 0 0 0 0 0 0],[ 1  0  1  0  1 11],0.0,[3 1 0 0 0 0 0 4 5 2 1 1 0 0 0 0 0 0 22 0 0 0 0 0 0],False,"tf.Tensor(
[[ 2.3740532  2.5302484  1.6596115  2.927387   1.9311782 21.160442
  16.183346  21.09888   21.864775  21.251072  21.418232  20.18609
  19.586412  18.037203  21.064775  21.21203   22.273373  21.373785 ]], shape=(1, 18), dtype=float32)"
1460,[3 1 0 0 0 0 0 4 5 2 1 1 0 0 0 0 0 0 22 0 0 0 0 0 0],"tf.Tensor([1.2396411 2.300115  1.2655671 2.2138796 3.336087  3.       ], shape=(6,), dtype=float32)",0.5,[3 2 5 2 2 4 4 0 0 0 0 0 0 0 0 0 0 0 22 0 0 0 0 0 0],False,"tf.Tensor(
[[ 1.2396411  2.300115   1.2655671  2.2138796  3.336087  19.415539
  15.237969  17.378128  20.510544  18.283318  18.352064  16.2746
  16.937035  17.467302  18.416357  16.58301   20.225378  19.048689 ]], shape=(1, 18), dtype=float32)"
1461,[3 2 5 2 2 4 4 0 0 0 0 0 0 0 0 0 0 0 22 0 0 0 0 0 0],"tf.Tensor([ 2.2177749  2.410268   1.7005255  3.120512   2.2272716 11.       ], shape=(6,), dtype=float32)",0.0,[3 3 5 2 2 4 4 0 0 0 0 0 0 0 0 0 0 0 22 0 0 0 0 0 0],False,"tf.Tensor(
[[ 2.2177749  2.410268   1.7005255  3.120512   2.2272716 22.210716
  16.91677   21.956228  22.773462  21.920673  22.218845  21.020576
  20.250614  18.736084  21.861347  21.75783   23.150774  22.697153 ]], shape=(1, 18), dtype=float32)"
1462,[3 3 5 2 2 4 4 0 0 0 0 0 0 0 0 0 0 0 22 0 0 0 0 0 0],"tf.Tensor([ 2.231505   2.3660262  1.7251935  3.1360822  2.2997046 11.       ], shape=(6,), dtype=float32)",0.0,[4 1 0 0 0 0 0 5 2 2 4 4 0 0 0 0 0 0 22 0 0 0 0 0 0],False,"tf.Tensor(
[[ 2.231505   2.3660262  1.7251935  3.1360822  2.2997046 22.728342
  17.350544  22.341484  23.28885   22.433283  22.684458  21.323263
  20.74949   19.14027   22.387556  22.222084  23.634401  23.187878 ]], shape=(1, 18), dtype=float32)"
1463,[4 1 0 0 0 0 0 5 2 2 4 4 0 0 0 0 0 0 22 0 0 0 0 0 0],"tf.Tensor([1.0043148 3.0637228 1.0427344 1.8836828 3.3462467 3.       ], shape=(6,), dtype=float32)",0.5,[4 2 2 6 3 2 4 0 0 0 0 0 0 0 0 0 0 0 22 0 0 0 0 0 0],False,"tf.Tensor(
[[ 1.0043148  3.0637228  1.0427344  1.8836828  3.3462467 18.64456
  13.937679  16.94561   19.977306  17.831238  17.39033   15.528547
  16.019308  17.0396    17.783909  15.4411955 19.582888  17.857325 ]], shape=(1, 18), dtype=float32)"
1464,[4 2 2 6 3 2 4 0 0 0 0 0 0 0 0 0 0 0 22 0 0 0 0 0 0],"tf.Tensor([ 2.5493102  2.5185928  1.509928   3.0288677  1.7261807 12.       ], shape=(6,), dtype=float32)",0.0,[4 3 2 6 3 2 4 0 0 0 0 0 0 0 0 0 0 0 22 0 0 0 0 0 0],False,"tf.Tensor(
[[ 2.5493102  2.5185928  1.509928   3.0288677  1.7261807 22.568092
  17.254658  22.438177  22.371464  22.366556  22.771015  21.88081
  21.354021  19.575977  22.362843  23.225893  22.82388   23.577738 ]], shape=(1, 18), dtype=float32)"
1465,[4 3 2 6 3 2 4 0 0 0 0 0 0 0 0 0 0 0 22 0 0 0 0 0 0],"tf.Tensor([ 2.543611   2.3921285  1.4761913  3.0321755  1.8006027 12.       ], shape=(6,), dtype=float32)",34.0,[5 1 0 0 0 0 0 2 6 3 2 4 0 0 0 0 0 0 22 0 0 0 0 0 17],False,"tf.Tensor(
[[ 2.543611   2.3921285  1.4761913  3.0321755  1.8006027 23.096779
  17.703522  22.803268  22.960342  22.857319  23.188625  22.163313
  21.756699  19.887049  22.834854  23.589542  23.287512  24.057405 ]], shape=(1, 18), dtype=float32)"
1466,[5 1 0 0 0 0 0 2 6 3 2 4 0 0 0 0 0 0 22 0 0 0 0 0 17],"tf.Tensor([0.5776766 1.7743882 0.5690144 0.78613   1.3211848 3.       ], shape=(6,), dtype=float32)",0.2,[5 2 4 4 0 0 0 3 0 5 3 0 0 0 0 0 0 0 22 0 0 0 0 0 17],False,"tf.Tensor(
[[ 0.5776766  1.7743882  0.5690144  0.78613    1.3211848 25.051174
  23.839628  22.726542  25.910612  24.50701   22.597939  21.735542
  22.98229   22.58788   24.728779  24.900015  24.924637  22.744465 ]], shape=(1, 18), dtype=float32)"
1467,[5 2 4 4 0 0 0 3 0 5 3 0 0 0 0 0 0 0 22 0 0 0 0 0 17],"tf.Tensor([0.15291713 1.5064417  1.7078302  0.783668   0.9500812  3.        ], shape=(6,), dtype=float32)",0.1,[5 3 4 4 5 0 0 4 0 0 1 0 0 0 0 0 0 0 22 0 0 0 0 0 17],False,"tf.Tensor(
[[ 0.15291713  1.5064417   1.7078302   0.783668    0.9500812  29.252388
  27.720137   26.623257   30.7975     29.354477   27.201773   26.713516
  26.668533   26.317383   29.501337   28.913673   29.349272   26.978323  ]], shape=(1, 18), dtype=float32)"
1468,[5 3 4 4 5 0 0 4 0 0 1 0 0 0 0 0 0 0 22 0 0 0 0 0 17],"tf.Tensor([-0.09240039  0.5733043   1.5704346   0.76659024  0.6542555   3.        ], shape=(6,), dtype=float32)",16.0,[6 1 0 0 0 0 0 4 4 1 5 4 0 0 0 8 0 0 22 0 0 0 0 0 17],False,"tf.Tensor(
[[-0.09240039  0.5733043   1.5704346   0.76659024  0.6542555  30.192497
  27.747355   27.49064    32.43743    30.46283    28.457497   27.159283
  26.459244   26.570292   30.173527   28.83576    29.281874   29.213984  ]], shape=(1, 18), dtype=float32)"
1469,[6 1 0 0 0 0 0 4 4 1 5 4 0 0 0 8 0 0 22 0 0 0 0 0 17],[ 0  0  0  1  0 12],0.1,[6 2 5 0 0 0 0 1 3 6 0 3 0 0 0 8 0 0 22 0 0 0 0 0 17],False,"tf.Tensor(
[[ 0.04185817  1.4824959   0.78939366  0.2509045   0.45677406 22.991121
  19.66945    21.698948   24.485922   23.065657   20.52547    19.604618
  20.062752   20.111263   23.050535   20.75634    22.969599   21.820515  ]], shape=(1, 18), dtype=float32)"
1470,[6 2 5 0 0 0 0 1 3 6 0 3 0 0 0 8 0 0 22 0 0 0 0 0 17],"tf.Tensor([-0.28926507  0.7151209   1.5148189   0.79666954  0.14979653  3.        ], shape=(6,), dtype=float32)",0.1,[6 3 5 6 0 0 0 6 2 0 0 2 0 0 0 8 0 0 22 0 0 0 0 0 17],False,"tf.Tensor(
[[-0.28926507  0.7151209   1.5148189   0.79666954  0.14979653 25.57248
  23.58125    24.097492   26.995531   26.375      23.92243    23.710238
  23.425999   21.66572    26.655163   24.741442   25.761755   24.157394  ]], shape=(1, 18), dtype=float32)"
1471,[6 3 5 6 0 0 0 6 2 0 0 2 0 0 0 8 0 0 22 0 0 0 0 0 17],"tf.Tensor([-0.11359289 -0.01369664  1.1053847   0.19649835  0.46279007  3.        ], shape=(6,), dtype=float32)",-16.0,[7 1 0 0 0 0 0 6 2 2 5 5 0 0 0 0 0 0 22 0 0 0 0 0 17],False,"tf.Tensor(
[[-1.1359289e-01 -1.3696641e-02  1.1053847e+00  1.9649835e-01
   4.6279007e-01  2.8726770e+01  2.5820236e+01  2.7205488e+01
   3.0762533e+01  2.9951937e+01  2.6776108e+01  2.6423069e+01
   2.6063534e+01  2.4605618e+01  2.9502619e+01  2.6947058e+01
   2.8640280e+01  2.7830917e+01]], shape=(1, 18), dtype=float32)"
1472,[7 1 0 0 0 0 0 6 2 2 5 5 0 0 0 0 0 0 22 0 0 0 0 0 17],"tf.Tensor([0.3901703 1.5369258 1.0619754 0.3151428 1.3291392 3.       ], shape=(6,), dtype=float32)",0.30000000000000004,[7 2 5 1 5 0 0 3 0 0 1 0 0 0 0 0 0 0 22 0 0 0 0 0 17],False,"tf.Tensor(
[[ 0.3901703  1.5369258  1.0619754  0.3151428  1.3291392 26.023056
  24.157944  22.950487  26.76592   24.30356   22.396132  22.118698
  23.158342  22.902805  25.074486  24.249268  25.890024  22.956472 ]], shape=(1, 18), dtype=float32)"
1473,[7 2 5 1 5 0 0 3 0 0 1 0 0 0 0 0 0 0 22 0 0 0 0 0 17],"tf.Tensor([-0.70754075 -0.07375029  1.7435796   0.7089462   0.13589376  3.        ], shape=(6,), dtype=float32)",0.0,[7 3 5 1 5 0 0 3 0 0 1 0 0 0 0 0 0 0 22 0 0 0 0 0 17],False,"tf.Tensor(
[[-0.70754075 -0.07375029  1.7435796   0.7089462   0.13589376 27.920282
  25.453196   25.161488   29.825668   27.963282   26.144808   25.17198
  23.980879   24.042929   27.930193   26.009104   26.628326   27.389496  ]], shape=(1, 18), dtype=float32)"
1474,[7 3 5 1 5 0 0 3 0 0 1 0 0 0 0 0 0 0 22 0 0 0 0 0 17],[ 0  0  0  0  1 10],0.0,[8 1 0 0 0 0 0 5 5 1 3 5 0 0 0 0 0 0 22 0 0 0 0 0 17],False,"tf.Tensor(
[[-0.71649504 -0.12347698  1.7520196   0.6859698   0.20411494 28.462019
  25.977556   25.65159    30.443197   28.545815   26.689533   25.62448
  24.521767   24.557907   28.47846    26.519358   27.115734   27.993044  ]], shape=(1, 18), dtype=float32)"
1475,[8 1 0 0 0 0 0 5 5 1 3 5 0 0 0 0 0 0 22 0 0 0 0 0 17],"tf.Tensor([0.135784  1.1292857 0.6679123 0.16936   1.2895658 3.       ], shape=(6,), dtype=float32)",0.2,[8 2 4 2 0 0 0 1 0 3 2 0 0 0 0 0 0 0 22 0 0 0 0 0 17],False,"tf.Tensor(
[[ 0.135784   1.1292857  0.6679123  0.16936    1.2895658 25.548279
  24.111906  22.609135  26.151947  24.204304  22.217142  21.685175
  23.161762  22.842428  24.813131  24.153236  24.927908  23.189808 ]], shape=(1, 18), dtype=float32)"
1476,[8 2 4 2 0 0 0 1 0 3 2 0 0 0 0 0 0 0 22 0 0 0 0 0 17],"tf.Tensor([-0.5929291   0.44431344  1.5176024   0.07546438  0.40428412  3.        ], shape=(6,), dtype=float32)",0.1,[8 3 4 2 3 0 0 5 0 0 1 0 0 0 0 0 0 0 22 0 0 0 0 0 17],False,"tf.Tensor(
[[-0.5929291   0.44431344  1.5176024   0.07546438  0.40428412 26.237791
  24.643854   23.038252   27.860205   26.042175   23.693295   23.55941
  22.926363   22.936409   26.148441   24.925167   25.120588   24.557035  ]], shape=(1, 18), dtype=float32)"
1477,[8 3 4 2 3 0 0 5 0 0 1 0 0 0 0 0 0 0 22 0 0 0 0 0 17],"tf.Tensor([-0.94011307 -0.4653047   1.4480617   0.06439979  0.26961738  3.        ], shape=(6,), dtype=float32)",8.0,[9 1 0 0 0 0 0 4 4 5 1 2 0 0 0 4 0 0 22 0 0 0 0 0 17],False,"tf.Tensor(
[[-0.94011307 -0.4653047   1.4480617   0.06439979  0.26961738 28.11604
  25.832838   24.595518   29.845959   27.511591   25.224102   24.469278
  24.063955   24.05616    27.761106   25.505877   26.348083   27.010483  ]], shape=(1, 18), dtype=float32)"
1478,[9 1 0 0 0 0 0 4 4 5 1 2 0 0 0 4 0 0 22 0 0 0 0 0 17],"tf.Tensor([-0.5780754   0.09980431  0.3789727  -0.00580756  0.08348303  3.        ], shape=(6,), dtype=float32)",0.0,[9 2 0 0 0 0 0 2 2 4 4 6 0 0 0 4 0 0 22 0 0 0 0 0 17],False,"tf.Tensor(
[[-5.7807541e-01  9.9804312e-02  3.7897271e-01 -5.8075637e-03
   8.3483025e-02  2.4237776e+01  2.2473099e+01  2.1707405e+01
   2.4498714e+01  2.3677155e+01  2.1062059e+01  2.1230661e+01
   2.1767494e+01  2.0758352e+01  2.4264803e+01  2.2833422e+01
   2.3034883e+01  2.2929815e+01]], shape=(1, 18), dtype=float32)"
1479,[9 2 0 0 0 0 0 2 2 4 4 6 0 0 0 4 0 0 22 0 0 0 0 0 17],"tf.Tensor([-0.25866416  1.1197926   0.30412656  0.07239826  0.33565336  3.        ], shape=(6,), dtype=float32)",0.1,[9 3 2 0 0 0 0 4 0 1 2 2 0 0 0 4 0 0 22 0 0 0 0 0 17],False,"tf.Tensor(
[[-0.25866416  1.1197926   0.30412656  0.07239826  0.33565336 24.110014
  22.198183   21.992754   24.780323   23.79157    21.143408   20.906013
  21.63899    21.073763   24.174232   22.932217   23.445095   22.233807  ]], shape=(1, 18), dtype=float32)"
1480,[9 3 2 0 0 0 0 4 0 1 2 2 0 0 0 4 0 0 22 0 0 0 0 0 17],"tf.Tensor([-0.91452277 -0.44659492  1.0536177  -0.42222315 -0.11171623  3.        ], shape=(6,), dtype=float32)",-8.0,[10 1 0 0 0 0 0 3 2 2 3 6 0 0 0 0 0 0 22 0 0 0 0 0 17],False,"tf.Tensor(
[[-0.91452277 -0.44659492  1.0536177  -0.42222315 -0.11171623 22.891527
  20.24164    20.19015    24.033695   22.283466   19.609982   19.74104
  19.324373   19.108566   22.557905   19.920769   21.47372    21.857681  ]], shape=(1, 18), dtype=float32)"
1481,[10 1 0 0 0 0 0 3 2 2 3 6 0 0 0 0 0 0 22 0 0 0 0 0 17],"tf.Tensor([-0.0944244   0.99572694  0.6007826   0.06838901  0.7561615   3.        ], shape=(6,), dtype=float32)",0.1,[10 2 1 0 0 0 0 5 0 6 4 6 0 0 0 0 0 0 22 0 0 0 0 0 17],False,"tf.Tensor(
[[-0.0944244   0.99572694  0.6007826   0.06838901  0.7561615  24.680082
  23.07907    21.779701   25.399378   23.392035   21.336555   21.108452
  21.568117   21.748644   23.867014   23.072742   23.729492   22.4009    ]], shape=(1, 18), dtype=float32)"
1482,[10 2 1 0 0 0 0 5 0 6 4 6 0 0 0 0 0 0 22 0 0 0 0 0 17],"tf.Tensor([-0.08668366  1.2766588   1.006242    0.35881132  0.9571722   3.        ], shape=(6,), dtype=float32)",0.2,[10 3 1 6 6 0 0 6 0 0 6 0 0 0 0 0 0 0 22 0 0 0 0 0 17],False,"tf.Tensor(
[[-0.08668366  1.2766588   1.006242    0.35881132  0.9571722  27.908253
  26.378475   24.922792   28.11641    26.473291   24.540358   24.662966
  25.42887    24.826923   27.51361    26.631998   27.64018    25.043337  ]], shape=(1, 18), dtype=float32)"
1483,[10 3 1 6 6 0 0 6 0 0 6 0 0 0 0 0 0 0 22 0 0 0 0 0 17],"tf.Tensor([-0.30015737  0.34700388  0.46414587  0.5268667   0.02161573  3.        ], shape=(6,), dtype=float32)",0.0,[11 1 0 0 0 0 0 3 1 2 3 5 0 0 0 0 0 0 22 0 0 0 0 0 17],False,"tf.Tensor(
[[-3.0015737e-01  3.4700388e-01  4.6414587e-01  5.2686667e-01
   2.1615729e-02  3.3641422e+01  3.0471113e+01  3.0662151e+01
   3.4575974e+01  3.2746971e+01  3.1018711e+01  3.0155712e+01
   2.9360596e+01  2.9446186e+01  3.3038589e+01  3.1827763e+01
   3.1719137e+01  3.2690346e+01]], shape=(1, 18), dtype=float32)"
1484,[11 1 0 0 0 0 0 3 1 2 3 5 0 0 0 0 0 0 22 0 0 0 0 0 17],"tf.Tensor([-0.350143    0.6150435   0.5920431  -0.09048025  0.46931702  3.        ], shape=(6,), dtype=float32)",0.0,[11 2 0 0 0 0 0 5 3 5 4 2 0 0 0 0 0 0 22 0 0 0 0 0 17],False,"tf.Tensor(
[[-0.350143    0.6150435   0.5920431  -0.09048025  0.46931702 24.280777
  22.525051   21.295317   25.080372   22.982805   20.852179   20.80885
  20.738707   21.135761   23.395262   22.300266   23.047905   22.272846  ]], shape=(1, 18), dtype=float32)"
1485,[11 2 0 0 0 0 0 5 3 5 4 2 0 0 0 0 0 0 22 0 0 0 0 0 17],"tf.Tensor([-0.71296     0.1710544   0.3358212  -0.21769182  0.5945125   0.        ], shape=(6,), dtype=float32)",0.0,[11 3 0 0 0 0 0 4 6 2 4 2 0 0 0 0 0 0 22 0 0 0 0 0 17],False,"tf.Tensor(
[[-0.71296     0.1710544   0.3358212  -0.21769182  0.5945125  27.058237
  25.793447   23.47168    26.96023    25.504017   23.235697   23.55628
  24.521189   23.648867   26.502745   25.580744   25.509369   24.9518    ]], shape=(1, 18), dtype=float32)"
1486,[11 3 0 0 0 0 0 4 6 2 4 2 0 0 0 0 0 0 22 0 0 0 0 0 17],"tf.Tensor([-0.8001703  -0.21941492  0.01929587 -0.55089265  0.7188298   3.        ], shape=(6,), dtype=float32)",0.0,[12 1 0 0 0 0 0 5 3 6 2 6 0 0 0 0 0 0 22 0 0 0 0 0 17],False,"tf.Tensor(
[[-8.0017030e-01 -2.1941492e-01  1.9295871e-02 -5.5089265e-01
   7.1882981e-01  2.6863516e+01  2.5838402e+01  2.3200600e+01
   2.7015694e+01  2.5544189e+01  2.3068783e+01  2.3125467e+01
   2.4445997e+01  2.3494780e+01  2.6184080e+01  2.5405529e+01
   2.4719091e+01  2.5176592e+01]], shape=(1, 18), dtype=float32)"
1487,[12 1 0 0 0 0 0 5 3 6 2 6 0 0 0 0 0 0 22 0 0 0 0 0 17],"tf.Tensor([-0.4776297   0.54437685  0.37788552 -0.0394644   0.9824268   0.        ], shape=(6,), dtype=float32)",0.1,[12 2 3 0 0 0 0 1 5 3 5 0 0 0 0 0 0 0 22 0 0 0 0 0 17],False,"tf.Tensor(
[[-0.4776297   0.54437685  0.37788552 -0.0394644   0.9824268  27.378233
  26.51762    24.220198   27.101995   26.15544    23.925552   24.264084
  25.48061    24.575476   27.03097    26.438215   26.256924   25.190887  ]], shape=(1, 18), dtype=float32)"
1488,[12 2 3 0 0 0 0 1 5 3 5 0 0 0 0 0 0 0 22 0 0 0 0 0 17],"tf.Tensor([-0.9263445  -0.15005001  0.57732874 -0.74499506  0.27185535  3.        ], shape=(6,), dtype=float32)",0.0,[12 3 3 0 0 0 0 3 5 2 2 0 0 0 0 0 0 0 22 0 0 0 0 0 17],False,"tf.Tensor(
[[-0.9263445  -0.15005001  0.57732874 -0.74499506  0.27185535 27.130568
  25.943323   23.47732    27.726358   26.694733   24.05842    24.769667
  24.651197   24.0353     26.930262   26.41738    24.88629    25.899366  ]], shape=(1, 18), dtype=float32)"
1489,[12 3 3 0 0 0 0 3 5 2 2 0 0 0 0 0 0 0 22 0 0 0 0 0 17],"tf.Tensor([-1.250771   -0.97607887  0.59044284 -0.65455943  0.5015699   3.        ], shape=(6,), dtype=float32)",0.0,[13 1 0 0 0 0 0 3 2 6 1 3 0 0 0 0 0 0 22 0 0 0 0 0 17],False,"tf.Tensor(
[[-1.250771   -0.97607887  0.59044284 -0.65455943  0.5015699  27.431776
  26.174168   23.27327    28.0232     26.404661   23.830105   24.029833
  24.473927   23.690659   26.856848   25.55587    24.757442   26.328407  ]], shape=(1, 18), dtype=float32)"
1490,[13 1 0 0 0 0 0 3 2 6 1 3 0 0 0 0 0 0 22 0 0 0 0 0 17],"tf.Tensor([-1.0112805  -0.15794244  0.3517683  -0.5040577   0.24221909  3.        ], shape=(6,), dtype=float32)",0.0,[13 2 0 0 0 0 0 3 1 2 6 2 0 0 0 0 0 0 22 0 0 0 0 0 17],False,"tf.Tensor(
[[-1.0112805  -0.15794244  0.3517683  -0.5040577   0.24221909 25.664543
  24.61394    22.134878   25.748596   24.700352   22.153612   22.813286
  23.006628   22.551647   25.353758   24.428217   23.62639    24.16991   ]], shape=(1, 18), dtype=float32)"
1491,[13 2 0 0 0 0 0 3 1 2 6 2 0 0 0 0 0 0 22 0 0 0 0 0 17],"tf.Tensor(
[-7.8499627e-01 -6.9627255e-02  2.7110285e-01 -4.8387533e-01
  2.8877705e-03  3.0000000e+00], shape=(6,), dtype=float32)",0.0,[13 3 0 0 0 0 0 6 2 1 6 2 0 0 0 0 0 0 22 0 0 0 0 0 17],False,"tf.Tensor(
[[-7.8499627e-01 -6.9627255e-02  2.7110285e-01 -4.8387533e-01
   2.8877705e-03  2.5433409e+01  2.3497993e+01  2.2180971e+01
   2.6038830e+01  2.3948837e+01  2.1693758e+01  2.2181900e+01
   2.1474459e+01  2.1663565e+01  2.4392342e+01  2.3104340e+01
   2.3562319e+01  2.3709173e+01]], shape=(1, 18), dtype=float32)"
1492,[13 3 0 0 0 0 0 6 2 1 6 2 0 0 0 0 0 0 22 0 0 0 0 0 17],"tf.Tensor([-0.8799921  -0.32040557  0.48462623 -0.54954904  0.44874114  3.        ], shape=(6,), dtype=float32)",0.0,[14 1 0 0 0 0 0 6 6 1 5 6 0 0 0 0 0 0 22 0 0 0 0 0 17],True,"tf.Tensor(
[[-0.8799921  -0.32040557  0.48462623 -0.54954904  0.44874114 26.727766
  25.022848   23.211042   27.100504   24.944601   22.829712   23.178112
  23.296621   23.106033   25.658195   24.209755   24.955353   25.144794  ]], shape=(1, 18), dtype=float32)"
1493,[1 1 0 0 0 0 0 5 1 4 6 5 0 0 0 0 0 0 0 0 0 0 0 0 0],"tf.Tensor([ 3.4512458  5.318138   1.5517956  2.3313653  6.3701105 11.       ], shape=(6,), dtype=float32)",0.5,[1 2 5 1 4 6 5 0 0 0 0 0 0 0 0 0 0 0 0 0 0 0 0 0 0],False,"tf.Tensor(
[[ 3.4512458  5.318138   1.5517956  2.3313653  6.3701105 20.603643
  16.948425  18.926949  18.64015   16.643002  18.895426  19.091568
  20.28515   22.007595  17.780155  20.066984  22.12792   18.153984 ]], shape=(1, 18), dtype=float32)"
1494,[1 2 5 1 4 6 5 0 0 0 0 0 0 0 0 0 0 0 0 0 0 0 0 0 0],"tf.Tensor([ 3.877188   4.60578    2.583644   4.5269494  5.442485  12.       ], shape=(6,), dtype=float32)",0.0,[1 3 5 1 4 6 5 0 0 0 0 0 0 0 0 0 0 0 0 0 0 0 0 0 0],False,"tf.Tensor(
[[ 3.877188   4.60578    2.583644   4.5269494  5.442485  23.460129
  19.628378  25.203896  21.822475  22.359781  25.442247  24.204082
  24.75179   23.962208  22.829641  26.098137  25.363405  26.40573  ]], shape=(1, 18), dtype=float32)"
1495,[1 3 5 1 4 6 5 0 0 0 0 0 0 0 0 0 0 0 0 0 0 0 0 0 0],"tf.Tensor([ 3.888666   4.5883703  2.5854938  4.513153   5.43851   12.       ], shape=(6,), dtype=float32)",42.0,[2 1 0 0 0 0 0 5 1 4 6 5 0 0 0 0 0 0 0 0 0 0 0 0 21],False,"tf.Tensor(
[[ 3.888666   4.5883703  2.5854938  4.513153   5.43851   24.075993
  20.242407  25.83099   22.509396  23.070368  26.031885  24.80107
  25.36361   24.485523  23.517992  26.654678  25.996666  26.968727 ]], shape=(1, 18), dtype=float32)"
1496,[2 1 0 0 0 0 0 5 1 4 6 5 0 0 0 0 0 0 0 0 0 0 0 0 21],"tf.Tensor([ 2.00273    3.32078    2.8094776  1.7648673  2.5677834 11.       ], shape=(6,), dtype=float32)",0.5,[2 2 3 5 5 1 2 0 0 0 0 0 0 0 0 0 0 0 0 0 0 0 0 0 21],False,"tf.Tensor(
[[ 2.00273    3.32078    2.8094776  1.7648673  2.5677834 31.499094
  29.984638  30.80437   30.226799  29.308155  30.015785  30.210054
  31.313374  31.750597  30.15887   30.674332  33.301407  28.52736  ]], shape=(1, 18), dtype=float32)"
1497,[2 2 3 5 5 1 2 0 0 0 0 0 0 0 0 0 0 0 0 0 0 0 0 0 21],"tf.Tensor([1.3058227 2.7323413 1.9110988 2.0461347 1.98375   3.       ], shape=(6,), dtype=float32)",0.0,[2 3 3 5 5 1 2 0 0 0 0 0 0 0 0 0 0 0 0 0 0 0 0 0 21],False,"tf.Tensor(
[[ 1.3058227  2.7323413  1.9110988  2.0461347  1.98375   33.773182
  31.906689  33.143475  34.171837  33.621983  33.85582   32.35093
  31.57657   33.554615  32.940205  33.216026  33.71099   33.237316 ]], shape=(1, 18), dtype=float32)"
1498,[2 3 3 5 5 1 2 0 0 0 0 0 0 0 0 0 0 0 0 0 0 0 0 0 21],"tf.Tensor([1.2687799 2.633229  1.9038374 2.005296  1.9958426 3.       ], shape=(6,), dtype=float32)",0.0,[3 1 0 0 0 0 0 3 5 5 1 2 0 0 0 0 0 0 0 0 0 0 0 0 21],False,"tf.Tensor(
[[ 1.2687799  2.633229   1.9038374  2.005296   1.9958426 34.236767
  32.491817  33.71678   34.660854  34.24726   34.43693   32.92965
  32.245117  34.02838   33.557907  33.78353   34.195282  33.772007 ]], shape=(1, 18), dtype=float32)"
1499,[3 1 0 0 0 0 0 3 5 5 1 2 0 0 0 0 0 0 0 0 0 0 0 0 21],"tf.Tensor([ 1.8467184  2.6840918  1.5953065  1.7721761  1.8181709 11.       ], shape=(6,), dtype=float32)",0.5,[3 2 6 1 4 2 4 0 0 0 0 0 0 0 0 0 0 0 0 0 0 0 0 0 21],False,"tf.Tensor(
[[ 1.8467184  2.6840918  1.5953065  1.7721761  1.8181709 28.981792
  28.143301  28.92034   27.732836  27.690277  28.307674  28.18374
  28.661858  29.347006  27.935274  29.405478  30.088512  27.05434  ]], shape=(1, 18), dtype=float32)"
1500,[3 2 6 1 4 2 4 0 0 0 0 0 0 0 0 0 0 0 0 0 0 0 0 0 21],[0 1 0 1 0 2],0.0,[3 3 6 1 4 2 4 0 0 0 0 0 0 0 0 0 0 0 0 0 0 0 0 0 21],False,"tf.Tensor(
[[ 1.1786126  2.4575303  2.298935   2.0827417  2.151578  33.422264
  31.813492  32.932114  33.952137  33.23701   33.83872   32.55247
  31.435879  33.29269   32.836117  32.7588    33.96789   32.66882  ]], shape=(1, 18), dtype=float32)"
1501,[3 3 6 1 4 2 4 0 0 0 0 0 0 0 0 0 0 0 0 0 0 0 0 0 21],"tf.Tensor([1.1417373 2.3714232 2.3122747 2.0501559 2.2004962 3.       ], shape=(6,), dtype=float32)",16.0,[4 1 0 0 0 0 0 6 1 4 2 4 0 0 0 8 0 0 0 0 0 0 0 0 21],False,"tf.Tensor(
[[ 1.1417373  2.3714232  2.3122747  2.0501559  2.2004962 33.94768
  32.408657  33.50031   34.53328   33.895992  34.453293  33.129505
  32.08881   33.79313   33.459747  33.322678  34.49695   33.266556 ]], shape=(1, 18), dtype=float32)"
1502,[4 1 0 0 0 0 0 6 1 4 2 4 0 0 0 8 0 0 0 0 0 0 0 0 21],"tf.Tensor([ 1.3540647  1.2042543  1.1694492  1.3436502 -0.3113798  2.       ], shape=(6,), dtype=float32)",0.4,[4 2 3 3 6 6 0 0 0 0 0 2 0 0 0 8 0 0 0 0 0 0 0 0 21],False,"tf.Tensor(
[[ 1.3540647  1.2042543  1.1694492  1.3436502 -0.3113798 24.72549
  23.662516  26.6052    22.800587  24.985487  24.62419   25.501797
  25.26047   23.944973  25.621391  24.988153  26.410927  23.891237 ]], shape=(1, 18), dtype=float32)"
1503,[4 2 3 3 6 6 0 0 0 0 0 2 0 0 0 8 0 0 0 0 0 0 0 0 21],"tf.Tensor([ 0.13301809  0.821329    0.92903894  1.9534063  -0.15525925 12.        ], shape=(6,), dtype=float32)",0.0,[4 3 3 3 6 6 0 0 0 0 0 6 0 0 0 8 0 0 0 0 0 0 0 0 21],False,"tf.Tensor(
[[ 0.13301809  0.821329    0.92903894  1.9534063  -0.15525925 30.034979
  28.46955    31.183722   29.22655    31.2415     31.24874    29.860006
  28.959856   29.468744   31.188286   30.095343   29.489925   32.027515  ]], shape=(1, 18), dtype=float32)"
1504,[4 3 3 3 6 6 0 0 0 0 0 6 0 0 0 8 0 0 0 0 0 0 0 0 21],"tf.Tensor([ 0.74716717  1.4568509   1.1489229   2.4594219   0.32719123 12.        ], shape=(6,), dtype=float32)",-6.0,[5 1 0 0 0 0 0 3 3 6 6 5 0 0 0 8 0 0 0 0 0 0 0 0 18],False,"tf.Tensor(
[[ 0.74716717  1.4568509   1.1489229   2.4594219   0.32719123 31.564043
  30.139221   33.376793   30.3926     32.868706   33.29109    31.785517
  31.24658    31.296791   32.807274   32.491398   31.425045   33.4667    ]], shape=(1, 18), dtype=float32)"
1505,[5 1 0 0 0 0 0 3 3 6 6 5 0 0 0 8 0 0 0 0 0 0 0 0 18],"tf.Tensor([ 1.0621881   1.6684401   0.74635565  1.3873016   0.42689443 11.        ], shape=(6,), dtype=float32)",0.30000000000000004,[5 2 1 3 2 0 0 0 0 4 0 3 0 0 0 8 0 0 0 0 0 0 0 0 18],False,"tf.Tensor(
[[ 1.0621881   1.6684401   0.74635565  1.3873016   0.42689443 25.553265
  24.647072   26.59349    22.984365   24.935938   25.005049   26.007881
  26.609976   25.34024    26.014402   26.333782   26.644129   24.756721  ]], shape=(1, 18), dtype=float32)"
1506,[5 2 1 3 2 0 0 0 0 4 0 3 0 0 0 8 0 0 0 0 0 0 0 0 18],"tf.Tensor([ 0.49757975  0.48119962 -0.26053077  0.6304289  -0.7374022   2.        ], shape=(6,), dtype=float32)",0.0,[5 3 1 3 2 0 0 0 0 3 0 4 0 0 0 8 0 0 0 0 0 0 0 0 18],False,"tf.Tensor(
[[ 0.49757975  0.48119962 -0.26053077  0.6304289  -0.7374022  21.373226
  20.779978   22.961813   20.259628   22.955772   21.612759   22.387804
  21.197132   20.644577   22.34732    22.36081    21.113491   21.962055  ]], shape=(1, 18), dtype=float32)"
1507,[5 3 1 3 2 0 0 0 0 3 0 4 0 0 0 8 0 0 0 0 0 0 0 0 18],"tf.Tensor([ 0.51245123  0.5591686  -0.07658999  0.69982684 -0.6360309   2.        ], shape=(6,), dtype=float32)",6.0,[6 1 0 0 0 0 0 1 3 4 2 5 0 0 3 8 0 0 0 0 0 0 0 0 18],False,"tf.Tensor(
[[ 0.51245123  0.5591686  -0.07658999  0.69982684 -0.6360309  21.703568
  21.148449   23.32757    20.691914   23.271385   22.12703    22.615103
  21.61401    21.071575   22.681665   22.66833    21.464355   22.346888  ]], shape=(1, 18), dtype=float32)"
1508,[6 1 0 0 0 0 0 1 3 4 2 5 0 0 3 8 0 0 0 0 0 0 0 0 18],[1 0 1 1 0 1],0.30000000000000004,[6 2 2 3 3 0 0 0 6 0 0 4 0 0 3 8 0 0 0 0 0 0 0 0 18],False,"tf.Tensor(
[[ 0.6556631   0.69974864 -0.28346664  0.85078716 -0.64374185 21.215588
  20.78963    22.864862   18.726927   21.445026   21.125805   22.091124
  21.665083   21.15982    21.873564   22.081749   21.33529    21.315184  ]], shape=(1, 18), dtype=float32)"
1509,[6 2 2 3 3 0 0 0 6 0 0 4 0 0 3 8 0 0 0 0 0 0 0 0 18],"tf.Tensor([ 0.53701824  0.32091057 -1.0797715   0.867084   -0.3425033   2.        ], shape=(6,), dtype=float32)",0.0,[6 3 2 3 3 0 0 0 2 0 0 3 0 0 3 8 0 0 0 0 0 0 0 0 18],False,"tf.Tensor(
[[ 0.53701824  0.32091057 -1.0797715   0.867084   -0.3425033  24.040266
  23.847435   25.544075   22.312735   25.418007   24.458433   24.429708
  24.107677   23.702557   24.914682   25.528551   23.103191   25.026848  ]], shape=(1, 18), dtype=float32)"
1510,[6 3 2 3 3 0 0 0 2 0 0 3 0 0 3 8 0 0 0 0 0 0 0 0 18],"tf.Tensor([ 0.3056757   0.04196979 -0.7811622   0.52661717 -0.6732656   4.        ], shape=(6,), dtype=float32)",0.0,[7 1 0 0 0 0 0 2 1 3 3 4 0 0 3 8 0 0 0 0 0 0 0 0 18],False,"tf.Tensor(
[[ 0.3056757   0.04196979 -0.7811622   0.52661717 -0.6732656  22.357952
  21.834309   23.863386   21.250896   23.971672   22.695375   22.995945
  21.587357   21.750835   23.164164   22.986528   21.42473    23.586178  ]], shape=(1, 18), dtype=float32)"
1511,[7 1 0 0 0 0 0 2 1 3 3 4 0 0 3 8 0 0 0 0 0 0 0 0 18],[1 1 0 0 0 2],0.2,[7 2 5 5 0 0 0 0 0 2 5 2 0 0 3 8 0 0 0 0 0 0 0 0 18],False,"tf.Tensor(
[[ 0.6276683   0.49851656 -0.32995576  0.7481178  -0.8932388  20.977482
  20.285753   22.789598   18.841177   21.429802   20.925964   22.279919
  20.952343   20.169529   21.669273   21.600191   21.315826   21.201324  ]], shape=(1, 18), dtype=float32)"
1512,[7 2 5 5 0 0 0 0 0 2 5 2 0 0 3 8 0 0 0 0 0 0 0 0 18],"tf.Tensor([-0.10984974  0.5921221  -0.7041419  -0.05610774  0.17304933  4.        ], shape=(6,), dtype=float32)",0.0,[7 3 5 5 0 0 0 0 0 1 2 2 0 0 3 8 0 0 0 0 0 0 0 0 18],False,"tf.Tensor(
[[-0.10984974  0.5921221  -0.7041419  -0.05610774  0.17304933 25.612068
  25.429638   26.451889   24.37226    27.215458   24.75921    26.338749
  25.769735   24.952002   26.873388   26.156588   25.478563   25.73163   ]], shape=(1, 18), dtype=float32)"
1513,[7 3 5 5 0 0 0 0 0 1 2 2 0 0 3 8 0 0 0 0 0 0 0 0 18],"tf.Tensor([-0.16360526  0.09327675 -0.52396685 -0.25360215 -0.11489546  4.        ], shape=(6,), dtype=float32)",20.0,[8 1 0 0 0 0 0 5 5 2 3 3 0 0 3 8 10 0 0 0 0 0 0 0 18],False,"tf.Tensor(
[[-0.16360526  0.09327675 -0.52396685 -0.25360215 -0.11489546 24.447304
  24.320147   25.334946   23.824236   26.413183   23.820246   25.15775
  24.213533   23.51417    25.712656   24.753368   24.02376    24.88272   ]], shape=(1, 18), dtype=float32)"
1514,[8 1 0 0 0 0 0 5 5 2 3 3 0 0 3 8 10 0 0 0 0 0 0 0 18],"tf.Tensor([ 0.26661915  0.6324148  -0.8132734   0.05705704  0.40957558  9.        ], shape=(6,), dtype=float32)",0.0,[8 2 0 0 0 0 0 4 3 4 1 2 0 0 3 8 10 0 0 0 0 0 0 0 18],False,"tf.Tensor(
[[ 0.26661915  0.6324148  -0.8132734   0.05705704  0.40957558 24.27242
  23.665026   24.863522   22.129025   24.080147   23.28795    23.430922
  24.850918   24.60093    24.88232    24.097834   23.849684   24.449299  ]], shape=(1, 18), dtype=float32)"
1515,[8 2 0 0 0 0 0 4 3 4 1 2 0 0 3 8 10 0 0 0 0 0 0 0 18],"tf.Tensor(
[-9.0273902e-02 -4.6202227e-02 -9.2814189e-01 -5.0949901e-03
 -1.1089194e-01  9.0000000e+00], shape=(6,), dtype=float32)",0.0,[8 3 0 0 0 0 0 3 6 6 2 1 0 0 3 8 10 0 0 0 0 0 0 0 18],False,"tf.Tensor(
[[-9.0273902e-02 -4.6202227e-02 -9.2814189e-01 -5.0949901e-03
  -1.1089194e-01  2.2504219e+01  2.2454021e+01  2.3490116e+01
   2.0563488e+01  2.3233965e+01  2.2033909e+01  2.2496376e+01
   2.3175789e+01  2.2640100e+01  2.3639469e+01  2.2716900e+01
   2.2063745e+01  2.3141296e+01]], shape=(1, 18), dtype=float32)"
1516,[8 3 0 0 0 0 0 3 6 6 2 1 0 0 3 8 10 0 0 0 0 0 0 0 18],"tf.Tensor([-0.08019249 -0.14934944 -1.242382    0.00985254  0.15922368  9.        ], shape=(6,), dtype=float32)",0.0,[9 1 0 0 0 0 0 2 3 5 6 1 0 0 3 8 10 0 0 0 0 0 0 0 18],False,"tf.Tensor(
[[-8.0192491e-02 -1.4934944e-01 -1.2423820e+00  9.8525435e-03
   1.5922368e-01  2.6174274e+01  2.6395559e+01  2.6312891e+01
   2.3651768e+01  2.6209684e+01  2.5156282e+01  2.5557045e+01
   2.6900099e+01  2.6021418e+01  2.6929071e+01  2.6632208e+01
   2.5227238e+01  2.6194061e+01]], shape=(1, 18), dtype=float32)"
1517,[9 1 0 0 0 0 0 2 3 5 6 1 0 0 3 8 10 0 0 0 0 0 0 0 18],"tf.Tensor([ 0.10115011  0.20746566 -1.2510204  -0.04757403  0.07077849  9.        ], shape=(6,), dtype=float32)",0.0,[9 2 0 0 0 0 0 6 5 2 3 3 0 0 3 8 10 0 0 0 0 0 0 0 18],False,"tf.Tensor(
[[ 0.10115011  0.20746566 -1.2510204  -0.04757403  0.07077849 25.341534
  24.732843   25.49388    23.27264    25.168331   24.01451    25.064878
  24.84066    24.901808   25.50087    25.176973   24.524244   25.394735  ]], shape=(1, 18), dtype=float32)"
1518,[9 2 0 0 0 0 0 6 5 2 3 3 0 0 3 8 10 0 0 0 0 0 0 0 18],"tf.Tensor(
[-2.1479174e-02  3.4586740e-01 -8.3667260e-01 -3.7907213e-03
  3.8731396e-01  9.0000000e+00], shape=(6,), dtype=float32)",0.0,[9 3 0 0 0 0 0 2 2 5 1 6 0 0 3 8 10 0 0 0 0 0 0 0 18],False,"tf.Tensor(
[[-2.1479174e-02  3.4586740e-01 -8.3667260e-01 -3.7907213e-03
   3.8731396e-01  2.5712303e+01  2.5406635e+01  2.6065441e+01
   2.3323406e+01  2.5412140e+01  2.4627499e+01  2.4602407e+01
   2.6438335e+01  2.6078634e+01  2.6507271e+01  2.5450546e+01
   2.5052494e+01  2.5939375e+01]], shape=(1, 18), dtype=float32)"
1519,[9 3 0 0 0 0 0 2 2 5 1 6 0 0 3 8 10 0 0 0 0 0 0 0 18],[ 1  1  1  1  0 12],-16.0,[10 1 0 0 0 0 0 6 6 6 2 2 0 0 3 8 10 0 0 0 0 0 0 0 10],False,"tf.Tensor(
[[-0.32500643  0.14530005 -0.692908   -0.0971279  -0.21475232 23.682339
  24.295328   24.407051   21.459192   24.310377   23.302366   23.59712
  24.747217   24.24847    25.007738   24.220198   22.820616   23.76314   ]], shape=(1, 18), dtype=float32)"
1520,[10 1 0 0 0 0 0 6 6 6 2 2 0 0 3 8 10 0 0 0 0 0 0 0 10],"tf.Tensor([ 0.25049585  0.135597   -1.1517727   0.6170777   1.586767    7.        ], shape=(6,), dtype=float32)",0.1,[10 2 4 0 0 0 0 5 3 5 6 0 0 0 3 8 10 0 0 0 0 0 0 0 10],False,"tf.Tensor(
[[ 0.25049585  0.135597   -1.1517727   0.6170777   1.586767   24.736214
  23.998384   23.365494   21.276794   22.766247   22.577965   22.400768
  25.096788   24.731497   24.288267   24.120525   23.3319     24.937405  ]], shape=(1, 18), dtype=float32)"
1521,[10 2 4 0 0 0 0 5 3 5 6 0 0 0 3 8 10 0 0 0 0 0 0 0 10],[0 1 0 1 0 1],0.2,[10 3 4 3 6 0 0 2 0 6 0 0 0 0 3 8 10 0 0 0 0 0 0 0 10],False,"tf.Tensor(
[[-0.08718865  0.13317288 -0.97471946  0.41939867  1.9779382  27.013803
  25.98501    25.3915     24.498507   25.581055   24.707186   24.96574
  26.6866     26.557999   26.837662   25.650633   26.146645   26.983862  ]], shape=(1, 18), dtype=float32)"
1522,[10 3 4 3 6 0 0 2 0 6 0 0 0 0 3 8 10 0 0 0 0 0 0 0 10],"tf.Tensor([ 0.03444739 -0.3104236  -0.86018056  0.5830653   1.0423597  12.        ], shape=(6,), dtype=float32)",6.0,[11 1 0 0 0 0 0 3 1 4 6 4 0 0 3 8 10 0 0 0 0 0 0 0 13],False,"tf.Tensor(
[[ 0.03444739 -0.3104236  -0.86018056  0.5830653   1.0423597  28.369335
  27.011288   27.515985   26.376331   27.947449   26.997158   27.188837
  27.680305   27.101923   28.695417   28.044779   26.709564   29.19816   ]], shape=(1, 18), dtype=float32)"
1523,[11 1 0 0 0 0 0 3 1 4 6 4 0 0 3 8 10 0 0 0 0 0 0 0 13],"tf.Tensor([-0.28573078  0.13948037 -0.9207694  -0.36051273  0.56137884  0.        ], shape=(6,), dtype=float32)",0.0,[11 2 0 0 0 0 0 6 2 3 1 6 0 0 3 8 10 0 0 0 0 0 0 0 13],False,"tf.Tensor(
[[-0.28573078  0.13948037 -0.9207694  -0.36051273  0.56137884 23.92402
  23.468464   22.915049   22.051516   22.805958   22.092821   22.4576
  23.40227    23.712631   23.8836     23.127932   22.469353   23.819681  ]], shape=(1, 18), dtype=float32)"
1524,[11 2 0 0 0 0 0 6 2 3 1 6 0 0 3 8 10 0 0 0 0 0 0 0 13],"tf.Tensor([-0.06668238  0.29699272 -0.49290115  0.04780449  0.8347795   8.        ], shape=(6,), dtype=float32)",0.0,[11 3 0 0 0 0 0 3 2 5 2 3 0 0 3 8 10 0 0 0 0 0 0 0 13],False,"tf.Tensor(
[[-0.06668238  0.29699272 -0.49290115  0.04780449  0.8347795  23.688065
  23.18195    23.236614   21.431564   22.782524   22.23761    21.773397
  23.952082   24.110773   23.997368   22.825815   22.51403    24.097221  ]], shape=(1, 18), dtype=float32)"
1525,[11 3 0 0 0 0 0 3 2 5 2 3 0 0 3 8 10 0 0 0 0 0 0 0 13],"tf.Tensor([-0.5940363  -0.6172681  -1.0931433  -0.35729742  0.04650354  9.        ], shape=(6,), dtype=float32)",0.0,[12 1 0 0 0 0 0 6 4 5 3 3 0 0 3 8 10 0 0 0 0 0 0 0 13],False,"tf.Tensor(
[[-0.5940363  -0.6172681  -1.0931433  -0.35729742  0.04650354 22.824358
  23.303423   22.382402   20.773256   22.55557    21.599041   21.94492
  23.026066   22.538565   23.49208    22.718874   21.367811   23.092834  ]], shape=(1, 18), dtype=float32)"
1526,[12 1 0 0 0 0 0 6 4 5 3 3 0 0 3 8 10 0 0 0 0 0 0 0 13],"tf.Tensor([-0.3925429  -0.29061115 -1.1770884   0.07672597  0.7325833  12.        ], shape=(6,), dtype=float32)",0.0,[12 2 0 0 0 0 0 3 6 3 2 4 0 0 3 8 10 0 0 0 0 0 0 0 13],False,"tf.Tensor(
[[-0.3925429  -0.29061115 -1.1770884   0.07672597  0.7325833  25.749775
  25.691423   24.727139   22.775164   24.413116   23.940132   23.929441
  25.866282   25.74821    25.896463   25.208208   24.201954   25.989973  ]], shape=(1, 18), dtype=float32)"
1527,[12 2 0 0 0 0 0 3 6 3 2 4 0 0 3 8 10 0 0 0 0 0 0 0 13],"tf.Tensor([-0.4813717  -0.42090213 -1.3197718  -0.02234803  0.52636933 12.        ], shape=(6,), dtype=float32)",0.0,[12 3 0 0 0 0 0 4 5 4 5 3 0 0 3 8 10 0 0 0 0 0 0 0 13],False,"tf.Tensor(
[[-4.8137170e-01 -4.2090213e-01 -1.3197718e+00 -2.2348031e-02
   5.2636933e-01  2.4240067e+01  2.4634914e+01  2.3868422e+01
   2.1668438e+01  2.3685728e+01  2.3125031e+01  2.3251919e+01
   2.4697720e+01  2.4354105e+01  2.4644419e+01  2.4276085e+01
   2.2605692e+01  2.4842001e+01]], shape=(1, 18), dtype=float32)"
1528,[12 3 0 0 0 0 0 4 5 4 5 3 0 0 3 8 10 0 0 0 0 0 0 0 13],"tf.Tensor([-0.3140698  -0.3461709  -1.4473791  -0.26748836  0.6904743   9.        ], shape=(6,), dtype=float32)",0.0,[13 1 0 0 0 0 0 4 6 3 3 3 0 0 3 8 10 0 0 0 0 0 0 0 13],False,"tf.Tensor(
[[-0.3140698  -0.3461709  -1.4473791  -0.26748836  0.6904743  26.859715
  26.908941   25.85956    24.15025    25.672428   25.013212   25.115057
  26.91995    26.715572   26.927807   26.486233   24.972843   26.92191   ]], shape=(1, 18), dtype=float32)"
1529,[13 1 0 0 0 0 0 4 6 3 3 3 0 0 3 8 10 0 0 0 0 0 0 0 13],"tf.Tensor([-0.7093254  -0.6657239  -1.5640397  -0.1213101   0.49190414 12.        ], shape=(6,), dtype=float32)",0.0,[13 2 0 0 0 0 0 6 6 2 4 5 0 0 3 8 10 0 0 0 0 0 0 0 13],False,"tf.Tensor(
[[-0.7093254  -0.6657239  -1.5640397  -0.1213101   0.49190414 25.077938
  25.41876    24.23355    22.361042   24.15376    23.607458   23.759125
  25.103771   25.16065    25.251091   24.679256   23.245401   25.566511  ]], shape=(1, 18), dtype=float32)"
1530,[13 2 0 0 0 0 0 6 6 2 4 5 0 0 3 8 10 0 0 0 0 0 0 0 13],[1 1 0 0 0 2],0.2,[13 3 6 6 0 0 0 0 0 3 2 4 0 0 3 8 10 0 0 0 0 0 0 0 13],False,"tf.Tensor(
[[ 0.09002931  0.16520728 -1.1489074   0.25702226  1.2511308  27.891516
  27.410667   27.237886   24.726288   26.343483   26.19902    25.74634
  28.128849   28.366472   27.78538    27.374357   26.086912   28.44105   ]], shape=(1, 18), dtype=float32)"
1531,[13 3 6 6 0 0 0 0 0 3 2 4 0 0 3 8 10 0 0 0 0 0 0 0 13],"tf.Tensor([-0.3731659  -0.7308563  -1.1819216  -0.8858254   0.39725697  9.        ], shape=(6,), dtype=float32)",0.0,[14 1 0 0 0 0 0 6 2 6 3 3 0 0 3 8 10 0 0 0 0 0 0 0 13],True,"tf.Tensor(
[[-0.3731659  -0.7308563  -1.1819216  -0.8858254   0.39725697 27.849178
  28.186308   27.223965   26.6758     28.315773   26.290146   27.24996
  27.573769   26.86947    28.445734   27.731888   26.015657   27.598194  ]], shape=(1, 18), dtype=float32)"
1532,[1 1 0 0 0 0 0 3 4 3 3 6 0 0 0 0 0 0 0 0 0 0 0 0 0],"tf.Tensor([3.6052387 4.839473  1.5722861 2.4725456 5.283705  8.       ], shape=(6,), dtype=float32)",0.5,[1 2 3 4 3 3 6 0 0 0 0 0 0 0 0 0 0 0 0 0 0 0 0 0 0],False,"tf.Tensor(
[[ 3.6052387  4.839473   1.5722861  2.4725456  5.283705  17.62632
  14.4735565 17.33877   15.689802  15.23221   17.310528  17.145351
  18.687626  19.356012  15.885609  18.95596   19.018833  16.937033 ]], shape=(1, 18), dtype=float32)"
1533,[1 2 3 4 3 3 6 0 0 0 0 0 0 0 0 0 0 0 0 0 0 0 0 0 0],"tf.Tensor([ 3.4859827  3.8406718  2.0387454  3.7084193  4.3866234 12.       ], shape=(6,), dtype=float32)",0.0,[1 3 3 4 3 3 6 0 0 0 0 0 0 0 0 0 0 0 0 0 0 0 0 0 0],False,"tf.Tensor(
[[ 3.4859827  3.8406718  2.0387454  3.7084193  4.3866234 20.94565
  17.131924  22.051424  19.398912  20.200092  22.211777  21.14159
  22.075651  21.08888   20.375004  22.984726  22.007996  23.233908 ]], shape=(1, 18), dtype=float32)"
1534,[1 3 3 4 3 3 6 0 0 0 0 0 0 0 0 0 0 0 0 0 0 0 0 0 0],"tf.Tensor([ 3.5233345  3.81285    2.019493   3.6696472  4.4693274 12.       ], shape=(6,), dtype=float32)",38.0,[2 1 0 0 0 0 0 3 4 3 3 6 0 0 0 0 0 0 0 0 0 0 0 0 19],False,"tf.Tensor(
[[ 3.5233345  3.81285    2.019493   3.6696472  4.4693274 21.539309
  17.75747   22.58736   20.018755  20.789244  22.75838   21.711733
  22.691574  21.63975   20.934437  23.561468  22.556253  23.799784 ]], shape=(1, 18), dtype=float32)"
1535,[2 1 0 0 0 0 0 3 4 3 3 6 0 0 0 0 0 0 0 0 0 0 0 0 19],"tf.Tensor([ 1.8715198  2.992036   2.2123833  1.5964588  2.2682655 11.       ], shape=(6,), dtype=float32)",0.5,[2 2 3 4 3 1 4 0 0 0 0 0 0 0 0 0 0 0 0 0 0 0 0 0 19],False,"tf.Tensor(
[[ 1.8715198  2.992036   2.2123833  1.5964588  2.2682655 27.45005
  26.826658  27.246836  26.457775  25.970535  26.64362   26.145742
  27.793604  28.271053  26.411894  27.62414   28.815474  25.048256 ]], shape=(1, 18), dtype=float32)"
1536,[2 2 3 4 3 1 4 0 0 0 0 0 0 0 0 0 0 0 0 0 0 0 0 0 19],"tf.Tensor([1.3805357 2.575747  1.783113  1.765625  1.9427098 3.       ], shape=(6,), dtype=float32)",0.0,[2 3 3 4 3 1 4 0 0 0 0 0 0 0 0 0 0 0 0 0 0 0 0 0 19],False,"tf.Tensor(
[[ 1.3805357  2.575747   1.783113   1.765625   1.9427098 30.89228
  29.24645   30.126503  30.996386  30.24814   30.638836  29.425093
  29.01855   30.825287  29.89004   30.253885  30.89263   29.872976 ]], shape=(1, 18), dtype=float32)"
1537,[2 3 3 4 3 1 4 0 0 0 0 0 0 0 0 0 0 0 0 0 0 0 0 0 19],"tf.Tensor([1.3434962 2.4766307 1.7758572 1.7247888 1.9548037 3.       ], shape=(6,), dtype=float32)",16.0,[3 1 0 0 0 0 0 3 4 3 1 4 0 0 0 8 0 0 0 0 0 0 0 0 19],False,"tf.Tensor(
[[ 1.3434962  2.4766307  1.7758572  1.7247888  1.9548037 31.355865
  29.831577  30.699818  31.4854    30.873417  31.219942  30.003809
  29.687094  31.299047  30.507744  30.821392  31.376917  30.407667 ]], shape=(1, 18), dtype=float32)"
1538,[3 1 0 0 0 0 0 3 4 3 1 4 0 0 0 8 0 0 0 0 0 0 0 0 19],"tf.Tensor([ 1.4062717   1.2071936   0.57616776  1.286561   -0.24202468  2.        ], shape=(6,), dtype=float32)",0.30000000000000004,[3 2 1 2 3 0 0 0 0 6 0 5 0 0 0 8 0 0 0 0 0 0 0 0 19],False,"tf.Tensor(
[[ 1.4062717   1.2071936   0.57616776  1.286561   -0.24202468 21.322538
  20.601292   23.185728   19.672432   21.680552   21.514328   21.766586
  21.786385   20.97341    21.89331    22.112894   22.394783   20.926739  ]], shape=(1, 18), dtype=float32)"
1539,[3 2 1 2 3 0 0 0 0 6 0 5 0 0 0 8 0 0 0 0 0 0 0 0 19],"tf.Tensor([ 0.7592616   1.3376861   0.49475503  1.3885224  -0.25944877  2.        ], shape=(6,), dtype=float32)",0.0,[3 3 1 2 3 0 0 0 0 3 0 4 0 0 0 8 0 0 0 0 0 0 0 0 19],False,"tf.Tensor(
[[ 0.7592616   1.3376861   0.49475503  1.3885224  -0.25944877 23.507038
  22.735193   25.064182   21.759169   24.404758   23.893673   24.18443
  23.995354   23.53229    24.422646   24.744259   23.733984   23.83725   ]], shape=(1, 18), dtype=float32)"
1540,[3 3 1 2 3 0 0 0 0 3 0 4 0 0 0 8 0 0 0 0 0 0 0 0 19],"tf.Tensor([ 0.80242705  1.0518509   0.36886877  1.1529691  -0.4780091   2.        ], shape=(6,), dtype=float32)",6.0,[4 1 0 0 0 0 0 1 2 6 3 6 0 0 3 8 0 0 0 0 0 0 0 0 19],False,"tf.Tensor(
[[ 0.80242705  1.0518509   0.36886877  1.1529691  -0.4780091  22.144245
  21.236286   23.900232   21.185411   23.53582    22.753357   22.922047
  21.979124   21.581038   23.030113   23.065205   22.283096   22.75365   ]], shape=(1, 18), dtype=float32)"
1541,[4 1 0 0 0 0 0 1 2 6 3 6 0 0 3 8 0 0 0 0 0 0 0 0 19],[0 0 0 1 0 3],0.1,[4 2 6 0 0 0 0 2 5 4 0 2 0 0 3 8 0 0 0 0 0 0 0 0 19],False,"tf.Tensor(
[[ 1.0182369  1.313644   0.3787622  1.2096641 -0.4628576 22.96822
  22.20924   24.45403   20.080822  22.571367  22.510654  23.505041
  23.728268  23.04584   23.415188  23.752161  23.475813  22.542631 ]], shape=(1, 18), dtype=float32)"
1542,[4 2 6 0 0 0 0 2 5 4 0 2 0 0 3 8 0 0 0 0 0 0 0 0 19],"tf.Tensor([ 0.10597503  0.532491   -0.04597943  0.99223775  0.540534    9.        ], shape=(6,), dtype=float32)",0.0,[4 3 6 0 0 0 0 6 3 5 0 5 0 0 3 8 0 0 0 0 0 0 0 0 19],False,"tf.Tensor(
[[ 0.10597503  0.532491   -0.04597943  0.99223775  0.540534   24.73214
  25.055405   25.885563   22.718483   26.094568   24.73196    25.252491
  26.274342   24.819538   26.435064   26.11726    25.353212   25.115906  ]], shape=(1, 18), dtype=float32)"
1543,[4 3 6 0 0 0 0 6 3 5 0 5 0 0 3 8 0 0 0 0 0 0 0 0 19],"tf.Tensor([0.37884617 1.698864   0.9242288  1.7121818  1.2666603  7.        ], shape=(6,), dtype=float32)",0.0,[5 1 0 0 0 0 0 4 6 6 6 3 0 0 3 8 0 0 0 0 0 0 0 0 19],False,"tf.Tensor(
[[ 0.37884617  1.698864    0.9242288   1.7121818   1.2666603  28.365572
  28.071365   29.684664   25.665485   29.072163   28.39117    28.542145
  30.548542   28.89598    30.488993   29.006296   30.153574   27.963371  ]], shape=(1, 18), dtype=float32)"
1544,[5 1 0 0 0 0 0 4 6 6 6 3 0 0 3 8 0 0 0 0 0 0 0 0 19],[1 0 1 1 1 3],0.4,[5 2 2 6 5 6 0 0 2 0 0 0 0 0 3 8 0 0 0 0 0 0 0 0 19],False,"tf.Tensor(
[[ 0.89084184  1.609636   -0.16264348  1.3206618   0.84049463 27.8451
  26.910423   28.485666   24.4039     27.059692   26.661358   27.758509
  28.912941   27.781233   28.182644   28.554726   28.494791   27.264822  ]], shape=(1, 18), dtype=float32)"
1545,[5 2 2 6 5 6 0 0 2 0 0 0 0 0 3 8 0 0 0 0 0 0 0 0 19],"tf.Tensor([ 0.38359797  0.6124514   0.23509963  1.5620785   0.4131453  12.        ], shape=(6,), dtype=float32)",0.0,[5 3 2 6 5 6 0 0 1 0 0 0 0 0 3 8 0 0 0 0 0 0 0 0 19],False,"tf.Tensor(
[[ 0.38359797  0.6124514   0.23509963  1.5620785   0.4131453  31.593372
  29.65475    31.823246   30.208998   31.819641   31.400814   30.424524
  30.023605   30.472252   31.865704   31.32965    30.038652   33.647797  ]], shape=(1, 18), dtype=float32)"
1546,[5 3 2 6 5 6 0 0 1 0 0 0 0 0 3 8 0 0 0 0 0 0 0 0 19],"tf.Tensor([ 0.15147686  0.45487744  0.3591271   1.3948863   0.26226652 12.        ], shape=(6,), dtype=float32)",0.0,[6 1 0 0 0 0 0 2 3 6 5 6 0 0 3 8 0 0 0 0 0 0 0 0 19],False,"tf.Tensor(
[[ 0.15147686  0.45487744  0.3591271   1.3948863   0.26226652 31.480547
  29.714705   31.737202   30.255928   31.930124   31.358421   30.42471
  30.03282    30.345224   32.033123   31.145624   29.911377   33.589367  ]], shape=(1, 18), dtype=float32)"
1547,[6 1 0 0 0 0 0 2 3 6 5 6 0 0 3 8 0 0 0 0 0 0 0 0 19],[0 1 0 1 0 8],0.2,[6 2 1 2 0 0 0 5 0 4 0 3 0 0 3 8 0 0 0 0 0 0 0 0 19],False,"tf.Tensor(
[[ 0.8243828   1.3543175   0.15174265  1.1429847  -0.17296948 25.569122
  24.85455    26.705688   22.316618   24.81753    24.824684   26.029366
  26.468557   25.598246   25.98236    26.386814   25.938183   25.03258   ]], shape=(1, 18), dtype=float32)"
1548,[6 2 1 2 0 0 0 5 0 4 0 3 0 0 3 8 0 0 0 0 0 0 0 0 19],[0 1 1 0 0 9],0.1,[6 3 1 2 4 0 0 5 0 0 0 3 0 0 3 8 0 0 0 0 0 0 0 0 19],False,"tf.Tensor(
[[ 0.25932837  0.33197314  0.03899033  0.68964106 -0.62064254 23.068352
  22.756939   24.729172   20.80146    24.033861   22.866186   23.871979
  23.715965   22.673998   24.50475    23.502804   23.570938   23.386087  ]], shape=(1, 18), dtype=float32)"
1549,[6 3 1 2 4 0 0 5 0 0 0 3 0 0 3 8 0 0 0 0 0 0 0 0 19],"tf.Tensor([ 0.39812887  0.21806557 -0.02146475  0.96970814 -0.7427583   2.        ], shape=(6,), dtype=float32)",-6.0,[7 1 0 0 0 0 0 3 1 4 2 6 0 0 0 8 0 0 0 0 0 0 0 0 19],False,"tf.Tensor(
[[ 3.9812887e-01  2.1806557e-01 -2.1464750e-02  9.6970814e-01
  -7.4275827e-01  2.4233080e+01  2.2954380e+01  2.5812731e+01
   2.2360785e+01  2.4816828e+01  2.4277185e+01  2.4258175e+01
   2.3430269e+01  2.3883259e+01  2.5046539e+01  2.3827780e+01
   2.4020149e+01  2.5340071e+01]], shape=(1, 18), dtype=float32)"
1550,[7 1 0 0 0 0 0 3 1 4 2 6 0 0 0 8 0 0 0 0 0 0 0 0 19],"tf.Tensor([ 0.8924316   0.88752264  0.523509    0.9754526  -0.7100624   2.        ], shape=(6,), dtype=float32)",0.1,[7 2 5 0 0 0 0 3 6 1 0 5 0 0 0 8 0 0 0 0 0 0 0 0 19],False,"tf.Tensor(
[[ 0.8924316   0.88752264  0.523509    0.9754526  -0.7100624  22.929409
  22.103487   24.602127   20.91172    23.048883   22.902134   23.90822
  23.226036   22.260742   23.622868   23.495438   23.664948   22.475685  ]], shape=(1, 18), dtype=float32)"
1551,[7 2 5 0 0 0 0 3 6 1 0 5 0 0 0 8 0 0 0 0 0 0 0 0 19],"tf.Tensor([ 0.4933449   0.59164816  0.11072488  1.05691     0.33076024 10.        ], shape=(6,), dtype=float32)",0.0,[7 3 5 0 0 0 0 6 2 5 0 1 0 0 0 8 0 0 0 0 0 0 0 0 19],False,"tf.Tensor(
[[ 0.4933449   0.59164816  0.11072488  1.05691     0.33076024 25.006763
  25.237448   26.440125   23.53391    26.143953   25.584549   25.616068
  26.134079   24.775875   26.301994   26.522717   25.630787   25.174711  ]], shape=(1, 18), dtype=float32)"
1552,[7 3 5 0 0 0 0 6 2 5 0 1 0 0 0 8 0 0 0 0 0 0 0 0 19],"tf.Tensor([-0.18278587  0.06280239  0.433621    0.9384882   0.22175454  9.        ], shape=(6,), dtype=float32)",0.0,[8 1 0 0 0 0 0 6 5 5 5 3 0 0 0 8 0 0 0 0 0 0 0 0 19],False,"tf.Tensor(
[[-0.18278587  0.06280239  0.433621    0.9384882   0.22175454 26.428154
  26.4461     27.420437   24.627699   27.727692   26.447964   27.214493
  27.473494   25.669436   28.37745    27.18091    27.399591   26.654772  ]], shape=(1, 18), dtype=float32)"
1553,[8 1 0 0 0 0 0 6 5 5 5 3 0 0 0 8 0 0 0 0 0 0 0 0 19],[1 0 0 1 1 6],0.30000000000000004,[8 2 3 1 2 0 0 0 1 1 0 0 0 0 0 8 0 0 0 0 0 0 0 0 19],False,"tf.Tensor(
[[ 0.70135784  0.9817819   0.04140313  1.0843854   0.20169853 27.557804
  26.940592   28.510595   24.776773   27.132725   26.942356   28.023163
  28.345335   26.97472    28.259752   28.329552   28.291943   26.938671  ]], shape=(1, 18), dtype=float32)"
1554,[8 2 3 1 2 0 0 0 1 1 0 0 0 0 0 8 0 0 0 0 0 0 0 0 19],"tf.Tensor([ 0.19351947 -0.5897762  -0.7025917   0.13963287 -1.1248221   4.        ], shape=(6,), dtype=float32)",0.0,[8 3 3 1 2 0 0 0 2 3 0 0 0 0 0 8 0 0 0 0 0 0 0 0 19],False,"tf.Tensor(
[[ 0.19351947 -0.5897762  -0.7025917   0.13963287 -1.1248221  21.097172
  20.143536   22.763472   21.05647    23.256638   21.471632   22.54709
  19.603182   19.378914   21.947884   21.438      20.568846   22.421873  ]], shape=(1, 18), dtype=float32)"
1555,[8 3 3 1 2 0 0 0 2 3 0 0 0 0 0 8 0 0 0 0 0 0 0 0 19],"tf.Tensor([ 0.0542295  -0.5470217  -0.8190349   0.19392078 -0.76475286  4.        ], shape=(6,), dtype=float32)",0.0,[9 1 0 0 0 0 0 3 1 2 1 2 0 0 0 8 0 0 0 0 0 0 0 0 19],False,"tf.Tensor(
[[ 0.0542295  -0.5470217  -0.8190349   0.19392078 -0.76475286 23.213223
  22.805712   24.483522   22.76724    25.220566   23.442392   24.517689
  22.281763   21.542866   24.233156   24.031511   22.627586   24.198017  ]], shape=(1, 18), dtype=float32)"
1556,[9 1 0 0 0 0 0 3 1 2 1 2 0 0 0 8 0 0 0 0 0 0 0 0 19],"tf.Tensor([ 0.519029   -0.1509314  -0.3009979   0.42717952 -1.1875536   2.        ], shape=(6,), dtype=float32)",0.0,[9 2 0 0 0 0 0 5 3 3 3 4 0 0 0 8 0 0 0 0 0 0 0 0 19],False,"tf.Tensor(
[[ 0.519029   -0.1509314  -0.3009979   0.42717952 -1.1875536  20.701706
  19.773653   22.760857   19.730825   21.945856   21.00905    22.426073
  19.959097   19.192978   21.47161    21.047068   21.088366   21.387468  ]], shape=(1, 18), dtype=float32)"
1557,[9 2 0 0 0 0 0 5 3 3 3 4 0 0 0 8 0 0 0 0 0 0 0 0 19],"tf.Tensor([ 0.5741581   0.52398974 -0.10718434  0.70137924 -0.51815724  2.        ], shape=(6,), dtype=float32)",0.0,[9 3 0 0 0 0 0 2 3 2 3 2 0 0 0 8 0 0 0 0 0 0 0 0 19],False,"tf.Tensor(
[[ 0.5741581   0.52398974 -0.10718434  0.70137924 -0.51815724 24.965061
  24.295425   26.284155   22.84295    25.077219   24.699343   25.785381
  25.117899   23.936594   25.70328    25.530565   25.379381   24.65704   ]], shape=(1, 18), dtype=float32)"
1558,[9 3 0 0 0 0 0 2 3 2 3 2 0 0 0 8 0 0 0 0 0 0 0 0 19],[0 1 0 0 1 3],-16.0,[10 1 0 0 0 0 0 5 1 5 1 5 0 0 0 0 0 0 0 0 0 0 0 0 19],False,"tf.Tensor(
[[ 4.0487635e-01 -3.5790652e-03 -6.2033719e-01  2.9271370e-01
  -8.9261782e-01  2.2815962e+01  2.2118458e+01  2.4344877e+01
   2.1559479e+01  2.3762056e+01  2.2763987e+01  2.4096033e+01
   2.2246212e+01  2.1345043e+01  2.3496334e+01  2.3379509e+01
   2.2731525e+01  2.3183899e+01]], shape=(1, 18), dtype=float32)"
1559,[10 1 0 0 0 0 0 5 1 5 1 5 0 0 0 0 0 0 0 0 0 0 0 0 19],"tf.Tensor([ 0.84990835  1.3853723   1.4239489   0.9774218   0.3471681  11.        ], shape=(6,), dtype=float32)",0.30000000000000004,[10 2 5 4 5 0 0 5 0 0 0 5 0 0 0 0 0 0 0 0 0 0 0 0 19],False,"tf.Tensor(
[[ 0.84990835  1.3853723   1.4239489   0.9774218   0.3471681  28.08296
  27.761118   28.084492   26.486792   26.653257   27.56025    28.117292
  27.485699   28.151003   27.531818   28.136307   28.393991   26.300266  ]], shape=(1, 18), dtype=float32)"
1560,[10 2 5 4 5 0 0 5 0 0 0 5 0 0 0 0 0 0 0 0 0 0 0 0 19],"tf.Tensor([0.89723253 1.5997608  1.4372847  1.743754   1.6209598  5.        ], shape=(6,), dtype=float32)",0.1,[10 3 5 4 5 5 0 4 0 0 0 0 0 0 0 0 0 0 0 0 0 0 0 0 19],False,"tf.Tensor(
[[ 0.89723253  1.5997608   1.4372847   1.743754    1.6209598  34.898735
  34.010197   35.036514   34.264248   34.81056    35.491795   34.527992
  33.654163   35.12231    34.668205   34.780914   35.104248   34.35901   ]], shape=(1, 18), dtype=float32)"
1561,[10 3 5 4 5 5 0 4 0 0 0 0 0 0 0 0 0 0 0 0 0 0 0 0 19],"tf.Tensor([0.1518116  0.53022724 1.2274338  1.4014932  1.5572971  5.        ], shape=(6,), dtype=float32)",0.0,[11 1 0 0 0 0 0 2 5 4 5 5 0 0 0 0 0 0 0 0 0 0 0 0 19],False,"tf.Tensor(
[[ 0.1518116   0.53022724  1.2274338   1.4014932   1.5572971  36.925014
  35.88672    36.673805   36.788452   37.27751    37.506035   36.334183
  35.147446   36.749084   37.036682   36.038677   36.531982   37.4798    ]], shape=(1, 18), dtype=float32)"
1562,[11 1 0 0 0 0 0 2 5 4 5 5 0 0 0 0 0 0 0 0 0 0 0 0 19],"tf.Tensor([ 1.0497711   1.8402615   0.62432116  1.0103114   0.6533768  10.        ], shape=(6,), dtype=float32)",0.30000000000000004,[11 2 1 2 3 0 0 0 0 5 0 6 0 0 0 0 0 0 0 0 0 0 0 0 19],False,"tf.Tensor(
[[ 1.0497711   1.8402615   0.62432116  1.0103114   0.6533768  30.008238
  29.77688    29.872227   28.235525   28.193232   29.445484   30.078938
  29.416199   30.136087   28.89647    30.926363   29.800062   28.21252   ]], shape=(1, 18), dtype=float32)"
1563,[11 2 1 2 3 0 0 0 0 5 0 6 0 0 0 0 0 0 0 0 0 0 0 0 19],"tf.Tensor([ 0.40352082  1.0506268   0.6868339   0.61922437  0.21741997 10.        ], shape=(6,), dtype=float32)",0.0,[11 3 1 2 3 0 0 0 0 2 0 2 0 0 0 0 0 0 0 0 0 0 0 0 19],False,"tf.Tensor(
[[ 0.40352082  1.0506268   0.6868339   0.61922437  0.21741997 29.350855
  29.395279   29.082548   28.49197    28.766798   29.226881   29.320415
  28.111385   29.53689    28.736351   29.912743   28.217808   28.382607  ]], shape=(1, 18), dtype=float32)"
1564,[11 3 1 2 3 0 0 0 0 2 0 2 0 0 0 0 0 0 0 0 0 0 0 0 19],"tf.Tensor([ 0.32875764  0.31365997  0.06680925  0.28379077 -0.12173845  6.        ], shape=(6,), dtype=float32)",0.0,[12 1 0 0 0 0 0 1 2 5 3 4 0 0 0 0 0 0 0 0 0 0 0 0 19],False,"tf.Tensor(
[[ 0.32875764  0.31365997  0.06680925  0.28379077 -0.12173845 27.368353
  27.183346   27.209995   27.387594   27.518837   27.322672   27.556572
  25.000114   26.418776   26.73327    27.50295    25.981678   27.008234  ]], shape=(1, 18), dtype=float32)"
1565,[12 1 0 0 0 0 0 1 2 5 3 4 0 0 0 0 0 0 0 0 0 0 0 0 19],"tf.Tensor([0.62859166 1.07373    0.5408898  0.5041     0.0473188  6.        ], shape=(6,), dtype=float32)",0.1,[12 2 5 0 0 0 0 6 0 4 6 5 0 0 0 0 0 0 0 0 0 0 0 0 19],False,"tf.Tensor(
[[ 0.62859166  1.07373     0.5408898   0.5041      0.0473188  27.693275
  27.44758    27.604475   26.57054    26.635948   27.164415   28.292156
  26.342731   27.31651    26.789555   28.118359   27.139025   26.323128  ]], shape=(1, 18), dtype=float32)"
1566,[12 2 5 0 0 0 0 6 0 4 6 5 0 0 0 0 0 0 0 0 0 0 0 0 19],"tf.Tensor([ 0.7639177  1.9920866  1.8934567  1.4929556  1.67327   11.       ], shape=(6,), dtype=float32)",0.30000000000000004,[12 3 5 4 6 5 0 6 0 0 0 0 0 0 0 0 0 0 0 0 0 0 0 0 19],False,"tf.Tensor(
[[ 0.7639177  1.9920866  1.8934567  1.4929556  1.67327   34.858414
  34.134827  34.627914  33.08246   33.191475  34.324356  35.1173
  34.53011   34.993847  34.47747   34.69425   36.162838  32.85559  ]], shape=(1, 18), dtype=float32)"
1567,[12 3 5 4 6 5 0 6 0 0 0 0 0 0 0 0 0 0 0 0 0 0 0 0 19],[0 1 1 1 0 2],0.0,[13 1 0 0 0 0 0 1 5 2 1 1 0 0 0 0 0 0 0 0 0 0 0 0 19],False,"tf.Tensor(
[[3.6122799e-03 2.4700239e-02 1.0199684e+00 1.6008919e+00 1.5112373e+00
  3.9151619e+01 3.7897209e+01 3.8740215e+01 3.8236286e+01 3.8990219e+01
  3.9638016e+01 3.8369408e+01 3.7237762e+01 3.9032639e+01 3.9175392e+01
  3.7962215e+01 3.8439945e+01 3.9994957e+01]], shape=(1, 18), dtype=float32)"
1568,[13 1 0 0 0 0 0 1 5 2 1 1 0 0 0 0 0 0 0 0 0 0 0 0 19],"tf.Tensor([ 0.26761544 -0.3402236  -0.4506951   0.11639385 -0.36785233  6.        ], shape=(6,), dtype=float32)",0.0,[13 2 0 0 0 0 0 3 1 5 3 3 0 0 0 0 0 0 0 0 0 0 0 0 19],False,"tf.Tensor(
[[ 0.26761544 -0.3402236  -0.4506951   0.11639385 -0.36785233 25.757816
  26.032393   25.769651   24.898956   25.520597   25.52381    26.469097
  23.821615   25.007778   24.945433   26.127605   24.353182   25.28718   ]], shape=(1, 18), dtype=float32)"
1569,[13 2 0 0 0 0 0 3 1 5 3 3 0 0 0 0 0 0 0 0 0 0 0 0 19],[0 0 1 1 1 0],0.30000000000000004,[13 3 5 3 3 0 0 1 5 0 0 0 0 0 0 0 0 0 0 0 0 0 0 0 19],False,"tf.Tensor(
[[ 0.39020836  0.63588053  0.5680601   0.3862713  -0.15295114 28.492361
  28.23993    28.257217   27.292469   27.399797   27.85727    29.08542
  26.919165   27.731783   27.742788   28.566217   27.904669   27.179419  ]], shape=(1, 18), dtype=float32)"
1570,[13 3 5 3 3 0 0 1 5 0 0 0 0 0 0 0 0 0 0 0 0 0 0 0 19],[1 0 0 0 0 4],10.0,[14 1 0 0 0 0 0 5 1 3 3 1 0 0 0 0 5 0 0 0 0 0 0 0 19],True,"tf.Tensor(
[[-0.29858926 -0.65882784 -0.47830343 -0.08122025  0.51109153 31.663906
  32.67416    31.076166   31.450481   32.787422   32.01806    31.978014
  30.560852   31.400576   31.892822   32.774017   29.825996   31.94745   ]], shape=(1, 18), dtype=float32)"
1571,[1 1 0 0 0 0 0 2 6 6 4 6 0 0 0 0 0 0 0 0 0 0 0 0 0],"tf.Tensor([4.6230707 5.870603  2.09404   3.022717  5.7722774 8.       ], shape=(6,), dtype=float32)",0.5,[1 2 2 6 6 4 6 0 0 0 0 0 0 0 0 0 0 0 0 0 0 0 0 0 0],False,"tf.Tensor(
[[ 4.6230707  5.870603   2.09404    3.022717   5.7722774 20.824493
  17.434175  21.15863   18.340105  18.845272  21.180296  21.195057
  23.27095   24.09138   19.30078   23.914621  22.882456  20.796974 ]], shape=(1, 18), dtype=float32)"
1572,[1 2 2 6 6 4 6 0 0 0 0 0 0 0 0 0 0 0 0 0 0 0 0 0 0],"tf.Tensor([ 4.024303   4.6824365  2.58235    4.6162066  4.676017  12.       ], shape=(6,), dtype=float32)",0.0,[1 3 2 6 6 4 6 0 0 0 0 0 0 0 0 0 0 0 0 0 0 0 0 0 0],False,"tf.Tensor(
[[ 4.024303   4.6824365  2.58235    4.6162066  4.676017  26.277136
  21.261337  28.198029  24.511122  25.83859   28.22454   26.950544
  27.508934  26.191402  26.124886  28.943863  27.514856  29.57482  ]], shape=(1, 18), dtype=float32)"
1573,[1 3 2 6 6 4 6 0 0 0 0 0 0 0 0 0 0 0 0 0 0 0 0 0 0],"tf.Tensor([ 4.0435996  4.666818   2.5655522  4.560295   4.7428956 12.       ], shape=(6,), dtype=float32)",48.0,[2 1 0 0 0 0 0 2 6 6 4 6 0 0 0 0 0 0 0 0 0 0 0 0 24],False,"tf.Tensor(
[[ 4.0435996  4.666818   2.5655522  4.560295   4.7428956 26.890493
  21.937796  28.768797  25.153114  26.491968  28.806572  27.585161
  28.167555  26.766014  26.745907  29.590693  28.09487   30.144075 ]], shape=(1, 18), dtype=float32)"
1574,[2 1 0 0 0 0 0 2 6 6 4 6 0 0 0 0 0 0 0 0 0 0 0 0 24],"tf.Tensor([ 2.2598317  3.7864842  2.4089265  2.0743022  2.8584008 11.       ], shape=(6,), dtype=float32)",0.5,[2 2 6 3 5 4 5 0 0 0 0 0 0 0 0 0 0 0 0 0 0 0 0 0 24],False,"tf.Tensor(
[[ 2.2598317  3.7864842  2.4089265  2.0743022  2.8584008 34.475155
  33.576725  34.02898   33.06487   32.561592  33.40546   33.023872
  34.763367  35.477383  32.962936  35.004368  35.96454   31.682503 ]], shape=(1, 18), dtype=float32)"
1575,[2 2 6 3 5 4 5 0 0 0 0 0 0 0 0 0 0 0 0 0 0 0 0 0 24],"tf.Tensor([ 1.6190909  3.2344837  2.799016   2.7721467  2.8971784 11.       ], shape=(6,), dtype=float32)",0.0,[2 3 6 3 5 4 5 0 0 0 0 0 0 0 0 0 0 0 0 0 0 0 0 0 24],False,"tf.Tensor(
[[ 1.6190909  3.2344837  2.799016   2.7721467  2.8971784 40.607353
  38.1843    39.826008  40.972713  40.03694   41.00528   38.990807
  38.17095   40.646675  39.59934   39.49274   41.183537  39.813316 ]], shape=(1, 18), dtype=float32)"
1576,[2 3 6 3 5 4 5 0 0 0 0 0 0 0 0 0 0 0 0 0 0 0 0 0 24],"tf.Tensor([ 1.5758032  3.1326735  2.7998946  2.7203631  2.8988247 11.       ], shape=(6,), dtype=float32)",0.0,[3 1 0 0 0 0 0 6 3 5 4 5 0 0 0 0 0 0 0 0 0 0 0 0 24],False,"tf.Tensor(
[[ 1.5758032  3.1326735  2.7998946  2.7203631  2.8988247 41.03872
  38.73984   40.368855  41.45021   40.64904   41.560505  39.540813
  38.802708  41.086742  40.19115   40.024418  41.63069   40.315704 ]], shape=(1, 18), dtype=float32)"
1577,[3 1 0 0 0 0 0 6 3 5 4 5 0 0 0 0 0 0 0 0 0 0 0 0 24],"tf.Tensor([ 2.1041405  3.3299067  2.8523762  1.9879991  2.3859282 11.       ], shape=(6,), dtype=float32)",0.5,[3 2 4 3 2 5 5 0 0 0 0 0 0 0 0 0 0 0 0 0 0 0 0 0 24],False,"tf.Tensor(
[[ 2.1041405  3.3299067  2.8523762  1.9879991  2.3859282 34.73525
  33.61219   34.498062  33.18413   32.84993   33.566765  33.56273
  34.946392  35.244396  33.789097  34.476727  36.74854   31.729187 ]], shape=(1, 18), dtype=float32)"
1578,[3 2 4 3 2 5 5 0 0 0 0 0 0 0 0 0 0 0 0 0 0 0 0 0 24],"tf.Tensor([ 1.4600209  2.818122   2.4764762  2.1791053  2.1015897 11.       ], shape=(6,), dtype=float32)",0.0,[3 3 4 3 2 5 5 0 0 0 0 0 0 0 0 0 0 0 0 0 0 0 0 0 24],False,"tf.Tensor(
[[ 1.4600209  2.818122   2.4764762  2.1791053  2.1015897 37.17867
  35.329205  36.379017  37.24701   36.188427  37.11784   35.50182
  34.829666  37.141342  36.049557  36.113083  37.34919   36.100327 ]], shape=(1, 18), dtype=float32)"
1579,[3 3 4 3 2 5 5 0 0 0 0 0 0 0 0 0 0 0 0 0 0 0 0 0 24],"tf.Tensor([ 1.4229821  2.7190058  2.4692197  2.1382666  2.1136827 11.       ], shape=(6,), dtype=float32)",0.0,[4 1 0 0 0 0 0 4 3 2 5 5 0 0 0 0 0 0 0 0 0 0 0 0 24],False,"tf.Tensor(
[[ 1.4229821  2.7190058  2.4692197  2.1382666  2.1136827 37.64225
  35.914333  36.952328  37.73603   36.81371   37.698948  36.08053
  35.498215  37.61511   36.667263  36.68059   37.83348   36.635014 ]], shape=(1, 18), dtype=float32)"
1580,[4 1 0 0 0 0 0 4 3 2 5 5 0 0 0 0 0 0 0 0 0 0 0 0 24],[0 0 1 1 1 4],0.30000000000000004,[4 2 4 6 2 0 0 1 1 0 0 0 0 0 0 0 0 0 0 0 0 0 0 0 24],False,"tf.Tensor(
[[ 2.2138348  3.1731148  2.401319   1.6829635  1.7324191 32.592487
  31.456825  32.833076  31.738798  31.05612   31.789621  31.881937
  32.12078   32.557804  31.485743  32.54129   34.2905    29.820162 ]], shape=(1, 18), dtype=float32)"
1581,[4 2 4 6 2 0 0 1 1 0 0 0 0 0 0 0 0 0 0 0 0 0 0 0 24],[1 0 0 0 0 3],0.1,[4 3 4 6 2 1 0 0 2 0 0 0 0 0 0 0 0 0 0 0 0 0 0 0 24],False,"tf.Tensor(
[[ 1.2912146  2.397358   1.6491321  1.4775985  1.6235485 34.178917
  33.103424  34.243572  34.92946   34.951885  34.231617  33.595253
  32.355278  33.78494   33.77649   34.192867  34.560223  33.335636 ]], shape=(1, 18), dtype=float32)"
1582,[4 3 4 6 2 1 0 0 2 0 0 0 0 0 0 0 0 0 0 0 0 0 0 0 24],"tf.Tensor([1.0869757 2.254812  1.5674464 1.3889924 1.6833613 4.       ], shape=(6,), dtype=float32)",0.0,[5 1 0 0 0 0 0 3 3 4 6 2 0 0 0 0 0 0 0 0 0 0 0 0 24],False,"tf.Tensor(
[[ 1.0869757  2.254812   1.5674464  1.3889924  1.6833613 35.162994
  34.375988  35.063835  35.983425  36.061543  35.3418    34.413677
  33.61534   34.83504   34.89961   35.407677  35.205517  34.522755 ]], shape=(1, 18), dtype=float32)"
1583,[5 1 0 0 0 0 0 3 3 4 6 2 0 0 0 0 0 0 0 0 0 0 0 0 24],"tf.Tensor([ 2.1178389  3.0558357  1.8931335  1.7568799  1.4728181 11.       ], shape=(6,), dtype=float32)",0.5,[5 2 6 6 3 3 5 0 0 0 0 0 0 0 0 0 0 0 0 0 0 0 0 0 24],False,"tf.Tensor(
[[ 2.1178389  3.0558357  1.8931335  1.7568799  1.4728181 33.218697
  31.721298  33.40459   32.177223  31.68907   32.3565    33.06288
  32.140934  32.739704  31.95394   33.271404  34.699768  30.773117 ]], shape=(1, 18), dtype=float32)"
1584,[5 2 6 6 3 3 5 0 0 0 0 0 0 0 0 0 0 0 0 0 0 0 0 0 24],"tf.Tensor([1.1738743 2.6033216 2.0372057 1.6550773 2.4704812 3.       ], shape=(6,), dtype=float32)",0.0,[5 3 6 6 3 3 5 0 0 0 0 0 0 0 0 0 0 0 0 0 0 0 0 0 24],False,"tf.Tensor(
[[ 1.1738743  2.6033216  2.0372057  1.6550773  2.4704812 40.9311
  39.31897   39.847218  41.494194  40.848927  40.689777  39.388817
  38.68103   40.75655   40.14645   40.057217  40.777515  39.73924  ]], shape=(1, 18), dtype=float32)"
1585,[5 3 6 6 3 3 5 0 0 0 0 0 0 0 0 0 0 0 0 0 0 0 0 0 24],"tf.Tensor([1.1305877 2.5015092 2.0380862 1.603295  2.4721243 3.       ], shape=(6,), dtype=float32)",0.0,[6 1 0 0 0 0 0 6 6 3 3 5 0 0 0 0 0 0 0 0 0 0 0 0 24],False,"tf.Tensor(
[[ 1.1305877  2.5015092  2.0380862  1.603295   2.4721243 41.362473
  39.874523  40.390064  41.97169   41.461033  41.24501   39.938812
  39.312798  41.19662   40.738266  40.588898  41.224667  40.24162  ]], shape=(1, 18), dtype=float32)"
1586,[6 1 0 0 0 0 0 6 6 3 3 5 0 0 0 0 0 0 0 0 0 0 0 0 24],"tf.Tensor([ 2.0022323  2.876993   2.020517   1.6859494  1.7675707 11.       ], shape=(6,), dtype=float32)",0.5,[6 2 3 1 5 4 5 0 0 0 0 0 0 0 0 0 0 0 0 0 0 0 0 0 24],False,"tf.Tensor(
[[ 2.0022323  2.876993   2.020517   1.6859494  1.7675707 34.178677
  33.50815   34.355614  32.760006  32.656616  33.50505   33.3411
  34.119     34.64265   33.269012  34.518085  35.52976   31.55131  ]], shape=(1, 18), dtype=float32)"
1587,[6 2 3 1 5 4 5 0 0 0 0 0 0 0 0 0 0 0 0 0 0 0 0 0 24],"tf.Tensor([1.0870188 2.047405  1.7502917 2.0605044 1.1840267 5.       ], shape=(6,), dtype=float32)",0.0,[6 3 3 1 5 4 5 0 0 0 0 0 0 0 0 0 0 0 0 0 0 0 0 0 24],False,"tf.Tensor(
[[ 1.0870188  2.047405   1.7502917  2.0605044  1.1840267 36.721275
  35.02719   35.958694  36.52745   35.592915  36.971207  35.336266
  33.607265  36.31822   35.56308   35.830112  35.99991   36.077282 ]], shape=(1, 18), dtype=float32)"
1588,[6 3 3 1 5 4 5 0 0 0 0 0 0 0 0 0 0 0 0 0 0 0 0 0 24],"tf.Tensor([1.0540534 1.9582621 1.7509502 2.0318565 1.2261462 5.       ], shape=(6,), dtype=float32)",0.0,[7 1 0 0 0 0 0 3 1 5 4 5 0 0 0 0 0 0 0 0 0 0 0 0 24],False,"tf.Tensor(
[[ 1.0540534  1.9582621  1.7509502  2.0318565  1.2261462 37.2446
  35.637486  36.548115  37.0823    36.24798   37.590008  35.93216
  34.289253  36.83033   36.20099   36.41808   36.53622   36.672535 ]], shape=(1, 18), dtype=float32)"
1589,[7 1 0 0 0 0 0 3 1 5 4 5 0 0 0 0 0 0 0 0 0 0 0 0 24],"tf.Tensor([ 1.7073764   2.6326883   2.088731    1.5111607   0.85890925 11.        ], shape=(6,), dtype=float32)",0.4,[7 2 5 2 5 4 0 0 0 0 0 3 0 0 0 0 0 0 0 0 0 0 0 0 24],False,"tf.Tensor(
[[ 1.7073764   2.6326883   2.088731    1.5111607   0.85890925 32.790104
  31.832575   33.0543     31.460598   31.162035   32.095604   32.83233
  32.0786     32.665943   31.852392   32.99585    33.88543    30.355091  ]], shape=(1, 18), dtype=float32)"
1590,[7 2 5 2 5 4 0 0 0 0 0 3 0 0 0 0 0 0 0 0 0 0 0 0 24],"tf.Tensor([0.82995397 1.9926916  2.0968063  1.9510742  1.2989752  5.        ], shape=(6,), dtype=float32)",0.1,[7 3 5 2 5 4 3 0 0 0 0 0 0 0 0 0 0 0 0 0 0 0 0 0 24],False,"tf.Tensor(
[[ 0.82995397  1.9926916   2.0968063   1.9510742   1.2989752  36.080097
  34.987648   36.26606    36.624737   36.459045   37.143127   35.76061
  33.891785   35.95406    35.793766   35.893387   36.055256   36.04065   ]], shape=(1, 18), dtype=float32)"
1591,[7 3 5 2 5 4 3 0 0 0 0 0 0 0 0 0 0 0 0 0 0 0 0 0 24],"tf.Tensor([0.6692572 1.6719621 1.7637984 1.727615  1.4412441 5.       ], shape=(6,), dtype=float32)",0.0,[8 1 0 0 0 0 0 5 2 5 4 1 0 0 0 0 0 0 0 0 0 0 0 0 24],False,"tf.Tensor(
[[ 0.6692572  1.6719621  1.7637984  1.727615   1.4412441 38.16251
  36.914032  37.629654  38.662254  38.256706  38.75142   37.346844
  35.52629   37.623356  37.731514  37.529865  37.66953   37.90527  ]], shape=(1, 18), dtype=float32)"
1592,[8 1 0 0 0 0 0 5 2 5 4 1 0 0 0 0 0 0 0 0 0 0 0 0 24],"tf.Tensor([ 1.4876555  2.133739   1.5410779  1.3956786  0.8309165 11.       ], shape=(6,), dtype=float32)",0.4,[8 2 5 3 3 6 0 0 0 0 0 6 0 0 0 0 0 0 0 0 0 0 0 0 24],False,"tf.Tensor(
[[ 1.4876555  2.133739   1.5410779  1.3956786  0.8309165 33.422676
  32.267296  33.505547  32.11424   32.03144   32.56567   33.50709
  32.09128   32.700027  32.544506  33.298714  34.436565  31.287294 ]], shape=(1, 18), dtype=float32)"
1593,[8 2 5 3 3 6 0 0 0 0 0 6 0 0 0 0 0 0 0 0 0 0 0 0 24],[ 0  1  1  0  1 12],0.1,[8 3 5 3 3 6 6 0 0 0 0 0 0 0 0 0 0 0 0 0 0 0 0 0 24],False,"tf.Tensor(
[[ 1.0891131  2.1319838  2.1694195  1.9793476  1.3888993 37.156307
  36.35052   37.717026  37.335617  37.440132  38.294926  36.89441
  35.492233  37.57879   36.845047  37.18786   37.316856  36.884396 ]], shape=(1, 18), dtype=float32)"
1594,[8 3 5 3 3 6 6 0 0 0 0 0 0 0 0 0 0 0 0 0 0 0 0 0 24],"tf.Tensor([0.86491877 1.6720942  1.6319183  1.5729998  1.7207823  5.        ], shape=(6,), dtype=float32)",24.0,[9 1 0 0 0 0 0 5 3 3 6 3 0 0 0 0 0 12 0 0 0 0 0 0 24],False,"tf.Tensor(
[[ 0.86491877  1.6720942   1.6319183   1.5729998   1.7207823  40.851852
  39.56123    39.90683    40.817905   40.187668   40.923626   39.52481
  38.268047   40.55163    40.016125   39.865402   40.111084   40.02815   ]], shape=(1, 18), dtype=float32)"
1595,[9 1 0 0 0 0 0 5 3 3 6 3 0 0 0 0 0 12 0 0 0 0 0 0 24],"tf.Tensor([ 1.897746    1.4021052   1.8269418   1.0069681   0.17395638 11.        ], shape=(6,), dtype=float32)",0.4,[9 2 5 2 2 2 0 0 0 0 0 1 0 0 0 0 0 12 0 0 0 0 0 0 24],False,"tf.Tensor(
[[ 1.897746    1.4021052   1.8269418   1.0069681   0.17395638 35.21251
  33.969574   36.05179    33.017384   33.48       34.403854   35.623756
  34.926533   34.17321    34.49194    34.87279    36.307117   32.470776  ]], shape=(1, 18), dtype=float32)"
1596,[9 2 5 2 2 2 0 0 0 0 0 1 0 0 0 0 0 12 0 0 0 0 0 0 24],"tf.Tensor([ 0.6811822   0.21055622  1.4867864   0.27888337 -0.03643371  4.        ], shape=(6,), dtype=float32)",0.0,[9 3 5 2 2 2 0 0 0 0 0 3 0 0 0 0 0 12 0 0 0 0 0 0 24],False,"tf.Tensor(
[[ 0.6811822   0.21055622  1.4867864   0.27888337 -0.03643371 33.558907
  33.049717   34.263947   33.8871     34.5278     33.883343   34.42796
  32.49751    31.79073    33.992577   33.34775    33.640366   32.591675  ]], shape=(1, 18), dtype=float32)"
1597,[9 3 5 2 2 2 0 0 0 0 0 3 0 0 0 0 0 12 0 0 0 0 0 0 24],"tf.Tensor([0.7089117  0.46342045 1.7866471  0.427035   0.10311888 4.        ], shape=(6,), dtype=float32)",10.0,[10 1 0 0 0 0 0 5 2 2 2 3 0 0 0 0 5 12 0 0 0 0 0 0 24],False,"tf.Tensor(
[[ 0.7089117   0.46342045  1.7866471   0.427035    0.10311888 34.512203
  34.145187   35.225636   34.674286   35.277287   34.987038   35.20063
  33.893085   33.100727   34.98949    34.47741    34.64118    33.45367   ]], shape=(1, 18), dtype=float32)"
1598,[10 1 0 0 0 0 0 5 2 2 2 3 0 0 0 0 5 12 0 0 0 0 0 0 24],"tf.Tensor([ 1.3015139   0.49598438  1.3764328   0.5686375  -0.18980087  2.        ], shape=(6,), dtype=float32)",0.2,[10 2 2 3 0 0 0 0 4 0 2 1 0 0 0 0 5 12 0 0 0 0 0 0 24],False,"tf.Tensor(
[[ 1.3015139   0.49598438  1.3764328   0.5686375  -0.18980087 31.999914
  31.48096    33.04695    30.330141   31.191954   31.87306    32.642735
  31.86086    31.105574   31.792475   31.71617    32.558174   30.171118  ]], shape=(1, 18), dtype=float32)"
1599,[10 2 2 3 0 0 0 0 4 0 2 1 0 0 0 0 5 12 0 0 0 0 0 0 24],"tf.Tensor([ 1.1584631  -0.22387676  0.4689055  -0.13865373 -0.43614638  2.        ], shape=(6,), dtype=float32)",0.0,[10 3 2 3 0 0 0 0 3 0 5 6 0 0 0 0 5 12 0 0 0 0 0 0 24],False,"tf.Tensor(
[[ 1.1584631  -0.22387676  0.4689055  -0.13865373 -0.43614638 32.52414
  32.38487    33.324936   32.111473   32.972576   32.552967   33.132862
  31.522402   31.118492   32.142933   32.59643    31.75372    31.233261  ]], shape=(1, 18), dtype=float32)"
1600,[10 3 2 3 0 0 0 0 3 0 5 6 0 0 0 0 5 12 0 0 0 0 0 0 24],"tf.Tensor([1.478532   1.2610414  1.4080311  0.0852553  0.14206146 2.        ], shape=(6,), dtype=float32)",12.0,[11 1 0 0 0 0 0 2 2 3 1 3 0 0 6 0 5 12 0 0 0 0 0 0 24],False,"tf.Tensor(
[[ 1.478532    1.2610414   1.4080311   0.0852553   0.14206146 35.228466
  34.93548    36.022793   34.841934   34.963367   35.222736   35.381245
  35.017662   34.495724   34.79341    35.46368    35.119785   33.037857  ]], shape=(1, 18), dtype=float32)"
1601,[11 1 0 0 0 0 0 2 2 3 1 3 0 0 6 0 5 12 0 0 0 0 0 0 24],"tf.Tensor([ 0.9130359   0.22573705  0.3315398   0.14557269 -0.35673654  2.        ], shape=(6,), dtype=float32)",0.1,[11 2 3 0 0 0 0 0 5 6 2 4 0 0 6 0 5 12 0 0 0 0 0 0 24],False,"tf.Tensor(
[[ 0.9130359   0.22573705  0.3315398   0.14557269 -0.35673654 30.293503
  29.842564   31.346197   28.395002   29.984217   29.859478   31.001852
  29.509739   29.729425   29.859882   29.833204   29.777819   29.612562  ]], shape=(1, 18), dtype=float32)"
1602,[11 2 3 0 0 0 0 0 5 6 2 4 0 0 6 0 5 12 0 0 0 0 0 0 24],[1 1 0 1 1 4],0.30000000000000004,[11 3 3 5 2 4 0 0 0 4 0 0 0 0 6 0 5 12 0 0 0 0 0 0 24],False,"tf.Tensor(
[[ 0.5787856   0.44730848  0.19633119 -0.27930233  0.35247648 35.611893
  35.569508   35.42153    33.27505    34.952553   34.28516    35.33631
  35.768696   35.491295   35.3696     35.51729    34.528954   33.84026   ]], shape=(1, 18), dtype=float32)"
1603,[11 3 3 5 2 4 0 0 0 4 0 0 0 0 6 0 5 12 0 0 0 0 0 0 24],"tf.Tensor([-0.20856516 -0.2906124   0.30439037 -0.77260315  0.3316617   4.        ], shape=(6,), dtype=float32)",0.0,[12 1 0 0 0 0 0 3 3 1 3 2 0 0 6 0 5 12 0 0 0 0 0 0 24],False,"tf.Tensor(
[[-0.20856516 -0.2906124   0.30439037 -0.77260315  0.3316617  38.89259
  37.838642   37.894176   37.842896   39.068752   37.240932   37.51503
  37.51949    38.06573    38.950764   37.04242    36.707882   38.445934  ]], shape=(1, 18), dtype=float32)"
1604,[12 1 0 0 0 0 0 3 3 1 3 2 0 0 6 0 5 12 0 0 0 0 0 0 24],"tf.Tensor([ 0.9355523  -0.03622465  0.11576991  0.25473776 -0.47588158  2.        ], shape=(6,), dtype=float32)",0.1,[12 2 1 0 0 0 0 0 4 4 4 5 0 0 6 0 5 12 0 0 0 0 0 0 24],False,"tf.Tensor(
[[ 0.9355523  -0.03622465  0.11576991  0.25473776 -0.47588158 31.040426
  30.551584   32.349586   28.86117    30.675688   30.819643   31.952944
  30.03398    30.559309   30.544472   30.51292    30.417822   30.50605   ]], shape=(1, 18), dtype=float32)"
1605,[12 2 1 0 0 0 0 0 4 4 4 5 0 0 6 0 5 12 0 0 0 0 0 0 24],"tf.Tensor([ 0.82649547  0.5722944   0.19963388 -0.24936184 -0.25989783  2.        ], shape=(6,), dtype=float32)",0.0,[12 3 1 0 0 0 0 0 4 2 4 1 0 0 6 0 5 12 0 0 0 0 0 0 24],False,"tf.Tensor(
[[ 0.82649547  0.5722944   0.19963388 -0.24936184 -0.25989783 34.117733
  34.021366   34.647427   31.799803   33.26153    33.186234   34.424458
  33.787907   34.098682   33.568943   34.003735   33.101295   32.399433  ]], shape=(1, 18), dtype=float32)"
1606,[12 3 1 0 0 0 0 0 4 2 4 1 0 0 6 0 5 12 0 0 0 0 0 0 24],"tf.Tensor([ 0.49817663 -0.39444393 -0.3419792  -0.5005598  -0.3859291   6.        ], shape=(6,), dtype=float32)",0.0,[13 1 0 0 0 0 0 1 1 5 1 2 0 0 6 0 5 12 0 0 0 0 0 0 24],False,"tf.Tensor(
[[ 0.49817663 -0.39444393 -0.3419792  -0.5005598  -0.3859291  32.237217
  32.35883    33.04995    30.712011   32.482025   31.768675   33.155704
  31.300272   31.541964   31.93834    31.989254   31.08971    31.45943   ]], shape=(1, 18), dtype=float32)"
1607,[13 1 0 0 0 0 0 1 1 5 1 2 0 0 6 0 5 12 0 0 0 0 0 0 24],"tf.Tensor([ 0.4296077  -0.26709193 -0.13876076 -0.3590196  -0.42281008  6.        ], shape=(6,), dtype=float32)",0.0,[13 2 0 0 0 0 0 3 2 5 2 3 0 0 6 0 5 12 0 0 0 0 0 0 24],False,"tf.Tensor(
[[ 0.4296077  -0.26709193 -0.13876076 -0.3590196  -0.42281008 30.629719
  30.572443   31.462587   29.041899   30.774973   30.043325   31.74028
  29.672482   29.777567   30.355476   30.25837    29.831299   30.133629  ]], shape=(1, 18), dtype=float32)"
1608,[13 2 0 0 0 0 0 3 2 5 2 3 0 0 6 0 5 12 0 0 0 0 0 0 24],"tf.Tensor([ 0.45807284 -0.05203418  0.20624427 -0.08528051 -0.4192382   2.        ], shape=(6,), dtype=float32)",0.0,[13 3 0 0 0 0 0 3 6 3 5 2 0 0 6 0 5 12 0 0 0 0 0 0 24],False,"tf.Tensor(
[[ 0.45807284 -0.05203418  0.20624427 -0.08528051 -0.4192382  33.260456
  33.195004   34.02151    30.700403   32.731415   32.550343   33.8707
  32.979897   33.040115   33.170135   32.89089    32.41984    32.347485  ]], shape=(1, 18), dtype=float32)"
1609,[13 3 0 0 0 0 0 3 6 3 5 2 0 0 6 0 5 12 0 0 0 0 0 0 24],"tf.Tensor([ 0.6273052  -0.16855888 -0.31406683  0.11979142 -0.41819596  2.        ], shape=(6,), dtype=float32)",-12.0,[14 1 0 0 0 0 0 5 1 1 5 6 0 0 0 0 5 12 0 0 0 0 0 0 24],True,"tf.Tensor(
[[ 0.6273052  -0.16855888 -0.31406683  0.11979142 -0.41819596 36.273212
  36.359592   36.9487     32.672592   35.05365    35.468113   36.412865
  36.271984   36.53228    35.9666     36.258793   34.871185   35.05807   ]], shape=(1, 18), dtype=float32)"
1610,[1 1 0 0 0 0 0 4 3 5 5 3 0 0 0 0 0 0 0 0 0 0 0 0 0],"tf.Tensor([ 3.348371   4.9515386  1.4128122  2.5971453  5.659082  11.       ], shape=(6,), dtype=float32)",0.5,[1 2 4 3 5 5 3 0 0 0 0 0 0 0 0 0 0 0 0 0 0 0 0 0 0],False,"tf.Tensor(
[[ 3.348371   4.9515386  1.4128122  2.5971453  5.659082  19.422504
  16.169693  18.507711  17.227667  16.3375    18.456978  18.647041
  19.827816  21.070805  17.373863  19.760145  21.101202  17.879036 ]], shape=(1, 18), dtype=float32)"
1611,[1 2 4 3 5 5 3 0 0 0 0 0 0 0 0 0 0 0 0 0 0 0 0 0 0],"tf.Tensor([ 3.6563094  4.2855973  2.4370513  4.3023844  4.558259  12.       ], shape=(6,), dtype=float32)",0.0,[1 3 4 3 5 5 3 0 0 0 0 0 0 0 0 0 0 0 0 0 0 0 0 0 0],False,"tf.Tensor(
[[ 3.6563094  4.2855973  2.4370513  4.3023844  4.558259  22.644924
  18.747192  24.690765  21.143642  22.333307  24.799744  23.809511
  23.966087  23.07174   22.519243  25.352453  24.336927  25.786827 ]], shape=(1, 18), dtype=float32)"
1612,[1 3 4 3 5 5 3 0 0 0 0 0 0 0 0 0 0 0 0 0 0 0 0 0 0],[1 1 1 1 0 3],8.0,[2 1 0 0 0 0 0 4 3 5 5 3 0 0 0 4 0 0 0 0 0 0 0 0 0],False,"tf.Tensor(
[[ 3.694806   4.2787094  2.473289   4.290491   4.5747104 23.273294
  19.382366  25.32034   21.826553  23.005049  25.440422  24.425377
  24.588764  23.665098  23.161293  25.983322  24.9459    26.368217 ]], shape=(1, 18), dtype=float32)"
1613,[2 1 0 0 0 0 0 4 3 5 5 3 0 0 0 4 0 0 0 0 0 0 0 0 0],"tf.Tensor([ 2.8140545  4.3116627  0.7805203  2.8086615  4.8832445 11.       ], shape=(6,), dtype=float32)",0.4,[2 2 5 5 2 1 0 0 0 4 0 0 0 0 0 4 0 0 0 0 0 0 0 0 0],False,"tf.Tensor(
[[ 2.8140545  4.3116627  0.7805203  2.8086615  4.8832445 18.850744
  15.610494  18.375498  16.577429  16.229788  18.107286  17.852268
  19.13354   19.162504  17.406336  18.95447   20.345589  17.819788 ]], shape=(1, 18), dtype=float32)"
1614,[2 2 5 5 2 1 0 0 0 4 0 0 0 0 0 4 0 0 0 0 0 0 0 0 0],"tf.Tensor([ 2.9700615  3.205352   1.1261383  2.7877798  3.401197  10.       ], shape=(6,), dtype=float32)",0.1,[2 3 5 5 2 1 4 0 0 0 0 0 0 0 0 4 0 0 0 0 0 0 0 0 0],False,"tf.Tensor(
[[ 2.9700615  3.205352   1.1261383  2.7877798  3.401197  18.035053
  15.017766  19.215668  16.897524  18.177446  18.738302  18.79652
  19.27682   17.611446  18.127834  20.249096  19.420637  19.484686 ]], shape=(1, 18), dtype=float32)"
1615,[2 3 5 5 2 1 4 0 0 0 0 0 0 0 0 4 0 0 0 0 0 0 0 0 0],"tf.Tensor([ 2.9650278  3.0689523  1.3050641  3.0919168  3.9812021 12.       ], shape=(6,), dtype=float32)",34.0,[3 1 0 0 0 0 0 5 5 6 2 1 0 0 0 4 0 0 0 0 0 0 0 0 17],False,"tf.Tensor(
[[ 2.9650278  3.0689523  1.3050641  3.0919168  3.9812021 19.70618
  15.8954115 20.283455  18.426882  19.393387  20.54113   19.949642
  20.426533  19.40712   19.169905  21.554768  20.448864  21.911661 ]], shape=(1, 18), dtype=float32)"
1616,[3 1 0 0 0 0 0 5 5 6 2 1 0 0 0 4 0 0 0 0 0 0 0 0 17],[1 1 0 1 1 3],0.4,[3 2 4 2 3 3 0 0 0 3 0 0 0 0 0 4 0 0 0 0 0 0 0 0 17],False,"tf.Tensor(
[[ 1.2004708   1.6837033   0.80492306  1.4874256   1.2455366  25.052559
  24.306273   25.386566   22.908745   24.432564   24.333267   24.69938
  25.809206   25.090677   25.131681   25.609114   26.215681   23.876183  ]], shape=(1, 18), dtype=float32)"
1617,[3 2 4 2 3 3 0 0 0 3 0 0 0 0 0 4 0 0 0 0 0 0 0 0 17],"tf.Tensor([0.12989391 1.0900563  1.1344172  1.3129565  1.007167   4.        ], shape=(6,), dtype=float32)",0.1,[3 3 4 2 3 3 3 0 0 0 0 0 0 0 0 4 0 0 0 0 0 0 0 0 17],False,"tf.Tensor(
[[ 0.12989391  1.0900563   1.1344172   1.3129565   1.007167   25.95505
  25.139471   26.049711   25.762209   26.985075   26.285398   25.7595
  25.408447   25.516874   26.740551   25.999512   26.107077   26.445171  ]], shape=(1, 18), dtype=float32)"
1618,[3 3 4 2 3 3 3 0 0 0 0 0 0 0 0 4 0 0 0 0 0 0 0 0 17],"tf.Tensor([0.48271942 1.1525984  1.1583229  1.4081663  0.95943916 4.        ], shape=(6,), dtype=float32)",0.0,[4 1 0 0 0 0 0 4 2 2 3 3 0 0 0 4 0 0 0 0 0 0 0 0 17],False,"tf.Tensor(
[[ 0.48271942  1.1525984   1.1583229   1.4081663   0.95943916 26.814535
  25.63619    26.88413    26.64977    27.336866   27.198656   26.280485
  25.794111   26.328913   27.172619   26.506659   26.71493    27.176178  ]], shape=(1, 18), dtype=float32)"
1619,[4 1 0 0 0 0 0 4 2 2 3 3 0 0 0 4 0 0 0 0 0 0 0 0 17],"tf.Tensor([ 1.3995677   1.5734502   1.0401568   1.133656    0.29606256 11.        ], shape=(6,), dtype=float32)",0.4,[4 2 4 3 2 2 0 0 0 0 0 3 0 0 0 4 0 0 0 0 0 0 0 0 17],False,"tf.Tensor(
[[ 1.3995677   1.5734502   1.0401568   1.133656    0.29606256 21.961376
  21.028028   23.041967   20.70618    21.67035    21.666418   22.276682
  21.996996   21.445572   22.03399    22.204773   23.161135   20.755325  ]], shape=(1, 18), dtype=float32)"
1620,[4 2 4 3 2 2 0 0 0 0 0 3 0 0 0 4 0 0 0 0 0 0 0 0 17],"tf.Tensor([0.46383083 1.2576288  1.1835953  1.1504235  0.60328317 4.        ], shape=(6,), dtype=float32)",0.0,[4 3 4 3 2 2 0 0 0 0 0 6 0 0 0 4 0 0 0 0 0 0 0 0 17],False,"tf.Tensor(
[[ 0.46383083  1.2576288   1.1835953   1.1504235   0.60328317 24.121733
  23.507784   24.761124   24.12832    25.169622   24.692665   24.148598
  23.629732   23.86565    24.733524   24.420765   24.239178   24.425343  ]], shape=(1, 18), dtype=float32)"
1621,[4 3 4 3 2 2 0 0 0 0 0 6 0 0 0 4 0 0 0 0 0 0 0 0 17],"tf.Tensor([0.8591881 1.6625592 1.4538252 1.4352174 0.9408877 2.       ], shape=(6,), dtype=float32)",6.0,[5 1 0 0 0 0 0 4 3 2 2 3 0 0 3 4 0 0 0 0 0 0 0 0 17],False,"tf.Tensor(
[[ 0.8591881  1.6625592  1.4538252  1.4352174  0.9408877 25.418856
  24.774014  26.394053  25.16357   26.243874  26.240778  25.467667
  25.386616  25.65831   25.871065  25.913076  25.86579   25.530306 ]], shape=(1, 18), dtype=float32)"
1622,[5 1 0 0 0 0 0 4 3 2 2 3 0 0 3 4 0 0 0 0 0 0 0 0 17],"tf.Tensor([1.012549   1.17243    0.36543083 0.95505655 0.05987844 2.        ], shape=(6,), dtype=float32)",0.30000000000000004,[5 2 5 5 6 0 0 0 0 3 0 3 0 0 3 4 0 0 0 0 0 0 0 0 17],False,"tf.Tensor(
[[ 1.012549    1.17243     0.36543083  0.95505655  0.05987844 21.953266
  21.345583   22.901752   19.92006    21.44818    21.43243    21.98279
  21.977573   21.84541    22.035786   22.147514   22.44752    21.202082  ]], shape=(1, 18), dtype=float32)"
1623,[5 2 5 5 6 0 0 0 0 3 0 3 0 0 3 4 0 0 0 0 0 0 0 0 17],"tf.Tensor([0.4905485  1.7413875  0.61146355 1.4346102  1.7168607  4.        ], shape=(6,), dtype=float32)",0.1,[5 3 5 5 6 3 0 0 0 3 0 0 0 0 3 4 0 0 0 0 0 0 0 0 17],False,"tf.Tensor(
[[ 0.4905485   1.7413875   0.61146355  1.4346102   1.7168607  31.511295
  30.334206   31.577448   30.554937   32.303467   31.405277   31.067327
  30.958363   31.663977   31.989939   31.752857   31.114395   32.00946   ]], shape=(1, 18), dtype=float32)"
1624,[5 3 5 5 6 3 0 0 0 3 0 0 0 0 3 4 0 0 0 0 0 0 0 0 17],[0 1 1 0 0 2],6.0,[6 1 0 0 0 0 0 5 5 1 6 4 0 0 6 4 0 0 0 0 0 0 0 0 17],False,"tf.Tensor(
[[ 0.42515135  1.4132532   0.8970928   1.6125023   2.0637343  34.147892
  32.458447   33.79509    33.444214   34.682137   33.91369    33.372833
  33.033432   33.55597    34.482407   33.88545    33.572445   35.192287  ]], shape=(1, 18), dtype=float32)"
1625,[6 1 0 0 0 0 0 5 5 1 6 4 0 0 6 4 0 0 0 0 0 0 0 0 17],"tf.Tensor([1.0002084  1.8273838  0.16616084 0.99829924 0.8216548  8.        ], shape=(6,), dtype=float32)",0.30000000000000004,[6 2 2 5 6 0 0 0 0 1 0 1 0 0 6 4 0 0 0 0 0 0 0 0 17],False,"tf.Tensor(
[[ 1.0002084   1.8273838   0.16616084  0.99829924  0.8216548  26.71785
  25.914354   26.99222    23.45768    24.981602   25.26445    25.665298
  27.019167   27.397339   26.459047   26.41147    26.838135   25.515337  ]], shape=(1, 18), dtype=float32)"
1626,[6 2 2 5 6 0 0 0 0 1 0 1 0 0 6 4 0 0 0 0 0 0 0 0 17],"tf.Tensor([ 0.07859875  0.5859721  -0.3398856   0.60967946  0.50441396 12.        ], shape=(6,), dtype=float32)",0.0,[6 3 2 5 6 0 0 0 0 2 0 4 0 0 6 4 0 0 0 0 0 0 0 0 17],False,"tf.Tensor(
[[ 0.07859875  0.5859721  -0.3398856   0.60967946  0.50441396 27.518806
  26.253542   27.274382   26.372213   27.83222    26.647802   26.543703
  25.442326   27.306906   27.34073    26.69874    25.785112   28.55195   ]], shape=(1, 18), dtype=float32)"
1627,[6 3 2 5 6 0 0 0 0 2 0 4 0 0 6 4 0 0 0 0 0 0 0 0 17],"tf.Tensor([ 0.24971475  1.2707379  -0.04815231  1.0353891   0.8110399  12.        ], shape=(6,), dtype=float32)",-8.0,[7 1 0 0 0 0 0 2 5 1 6 2 0 0 6 4 0 0 0 0 0 0 0 0 13],False,"tf.Tensor(
[[ 0.24971475  1.2707379  -0.04815231  1.0353891   0.8110399  29.13587
  28.287733   29.255917   27.278934   29.34218    28.646393   28.293806
  28.268963   29.569805   29.378336   29.195463   27.602251   30.047657  ]], shape=(1, 18), dtype=float32)"
1628,[7 1 0 0 0 0 0 2 5 1 6 2 0 0 6 4 0 0 0 0 0 0 0 0 13],"tf.Tensor([ 0.6318073   1.077466   -0.9013325   0.5985961   0.38305482  8.        ], shape=(6,), dtype=float32)",0.1,[7 2 2 0 0 0 0 1 0 5 5 2 0 0 6 4 0 0 0 0 0 0 0 0 13],False,"tf.Tensor(
[[ 0.6318073   1.077466   -0.9013325   0.5985961   0.38305482 21.988024
  21.314333   21.900064   19.11032    20.425766   20.53029    21.06042
  21.409353   22.169823   21.374216   21.919636   21.052034   21.481194  ]], shape=(1, 18), dtype=float32)"
1629,[7 2 2 0 0 0 0 1 0 5 5 2 0 0 6 4 0 0 0 0 0 0 0 0 13],"tf.Tensor([-0.16370367  0.47499427 -0.4150529   0.18865624  0.45312175  9.        ], shape=(6,), dtype=float32)",0.0,[7 3 2 0 0 0 0 5 0 6 5 5 0 0 6 4 0 0 0 0 0 0 0 0 13],False,"tf.Tensor(
[[-0.16370367  0.47499427 -0.4150529   0.18865624  0.45312175 22.175823
  22.029343   21.615446   19.730928   21.254095   20.484438   21.70664
  21.982706   22.070206   22.276518   21.850965   21.616245   21.576431  ]], shape=(1, 18), dtype=float32)"
1630,[7 3 2 0 0 0 0 5 0 6 5 5 0 0 6 4 0 0 0 0 0 0 0 0 13],"tf.Tensor([0.3453455  1.6667727  0.11446883 1.0486739  1.4632231  8.        ], shape=(6,), dtype=float32)",0.0,[8 1 0 0 0 0 0 6 2 4 2 5 0 0 6 4 0 0 0 0 0 0 0 0 13],False,"tf.Tensor(
[[ 0.3453455   1.6667727   0.11446883  1.0486739   1.4632231  26.773212
  26.377249   26.769888   23.18762    25.12994    25.394913   25.909636
  27.788994   28.102354   27.070372   26.245516   27.408382   25.40915   ]], shape=(1, 18), dtype=float32)"
1631,[8 1 0 0 0 0 0 6 2 4 2 5 0 0 6 4 0 0 0 0 0 0 0 0 13],[1 1 0 0 1 9],0.30000000000000004,[8 2 3 2 6 0 0 0 0 6 2 0 0 0 6 4 0 0 0 0 0 0 0 0 13],False,"tf.Tensor(
[[ 0.37335443  1.1049076  -0.26175487  0.8918754   0.5200561  23.171377
  22.914757   23.345753   19.518375   21.525745   21.963936   22.112171
  23.903067   24.344862   23.337078   22.931417   23.0569     22.382574  ]], shape=(1, 18), dtype=float32)"
1632,[8 2 3 2 6 0 0 0 0 6 2 0 0 0 6 4 0 0 0 0 0 0 0 0 13],"tf.Tensor([-0.3641795   0.5181763  -0.84178793  0.5185075   1.1687773  12.        ], shape=(6,), dtype=float32)",0.0,[8 3 3 2 6 0 0 0 0 3 1 0 0 0 6 4 0 0 0 0 0 0 0 0 13],False,"tf.Tensor(
[[-0.3641795   0.5181763  -0.84178793  0.5185075   1.1687773  27.657198
  26.676546   26.433681   25.452362   26.865614   25.932114   26.603254
  26.235607   27.389029   27.46963    26.969252   26.076305   27.991802  ]], shape=(1, 18), dtype=float32)"
1633,[8 3 3 2 6 0 0 0 0 3 1 0 0 0 6 4 0 0 0 0 0 0 0 0 13],"tf.Tensor([-0.6534778  -0.17511263 -0.755131    0.24799278  0.5354432  12.        ], shape=(6,), dtype=float32)",-4.0,[9 1 0 0 0 0 0 3 2 1 6 6 0 0 6 4 0 0 0 0 0 0 0 0 11],False,"tf.Tensor(
[[-0.6534778  -0.17511263 -0.755131    0.24799278  0.5354432  25.264076
  24.684975   24.412342   23.707819   25.165987   24.105684   24.45815
  23.789078   24.820044   25.454554   24.616323   23.44519    26.135147  ]], shape=(1, 18), dtype=float32)"
1634,[9 1 0 0 0 0 0 3 2 1 6 6 0 0 6 4 0 0 0 0 0 0 0 0 11],"tf.Tensor([ 0.930509    1.4736294  -0.32158887  0.70088375  0.7236266   8.        ], shape=(6,), dtype=float32)",0.2,[9 2 2 1 0 0 0 0 0 6 2 2 0 0 6 4 0 0 0 0 0 0 0 0 11],False,"tf.Tensor(
[[ 0.930509    1.4736294  -0.32158887  0.70088375  0.7236266  23.325218
  22.503317   22.999048   20.382269   20.935932   21.774767   21.87306
  22.632679   23.958538   22.343746   22.866709   22.344374   22.333672  ]], shape=(1, 18), dtype=float32)"
1635,[9 2 2 1 0 0 0 0 0 6 2 2 0 0 6 4 0 0 0 0 0 0 0 0 11],"tf.Tensor([-0.50889075 -0.24278352 -1.0098022  -0.48706922  0.42329767  1.        ], shape=(6,), dtype=float32)",0.0,[9 3 2 1 0 0 0 0 0 3 4 1 0 0 6 4 0 0 0 0 0 0 0 0 11],False,"tf.Tensor(
[[-0.50889075 -0.24278352 -1.0098022  -0.48706922  0.42329767 19.840899
  20.547592   19.244915   17.949686   19.509203   18.228937   19.78348
  19.750689   19.66004    20.067877   19.851303   18.829596   19.572292  ]], shape=(1, 18), dtype=float32)"
1636,[9 3 2 1 0 0 0 0 0 3 4 1 0 0 6 4 0 0 0 0 0 0 0 0 11],"tf.Tensor([-0.4793116  -0.35764733 -1.1871537  -0.5385572   0.16207221  1.        ], shape=(6,), dtype=float32)",4.0,[10 1 0 0 0 0 0 2 1 5 5 6 0 2 6 4 0 0 0 0 0 0 0 0 11],False,"tf.Tensor(
[[-0.4793116  -0.35764733 -1.1871537  -0.5385572   0.16207221 19.705454
  20.216305   19.265419   18.119516   19.574621   18.225903   19.501112
  19.096687   19.331144   19.908773   19.538366   18.447456   19.661171  ]], shape=(1, 18), dtype=float32)"
1637,[10 1 0 0 0 0 0 2 1 5 5 6 0 2 6 4 0 0 0 0 0 0 0 0 11],"tf.Tensor([ 0.47389662  1.128287   -0.550974    0.5861484   0.5022969   8.        ], shape=(6,), dtype=float32)",0.1,[10 2 3 0 0 0 0 4 0 3 5 3 0 2 6 4 0 0 0 0 0 0 0 0 11],False,"tf.Tensor(
[[ 0.47389662  1.128287   -0.550974    0.5861484   0.5022969  23.94656
  23.744661   23.556314   20.637598   21.651573   22.503801   22.918503
  23.704252   24.992064   23.196293   23.797396   23.031467   22.852161  ]], shape=(1, 18), dtype=float32)"
1638,[10 2 3 0 0 0 0 4 0 3 5 3 0 2 6 4 0 0 0 0 0 0 0 0 11],"tf.Tensor([ 0.3289913  0.7153561 -0.3295374  0.5681814  0.6216043  8.       ], shape=(6,), dtype=float32)",0.0,[10 3 3 0 0 0 0 3 0 3 1 6 0 2 6 4 0 0 0 0 0 0 0 0 11],False,"tf.Tensor(
[[ 0.3289913  0.7153561 -0.3295374  0.5681814  0.6216043 24.875772
  24.250727  24.583286  21.87103   23.155056  23.410759  23.997759
  24.47259   25.321276  24.748302  24.250278  24.295492  24.093628 ]], shape=(1, 18), dtype=float32)"
1639,[10 3 3 0 0 0 0 3 0 3 1 6 0 2 6 4 0 0 0 0 0 0 0 0 11],[1 1 0 0 1 7],0.0,[11 1 0 0 0 0 0 1 3 1 2 6 0 2 6 4 0 0 0 0 0 0 0 0 11],False,"tf.Tensor(
[[ 0.27445698  0.46144065 -0.44496673  0.44252035  0.24757794 22.14752
  22.020842   22.43177    19.294273   21.085096   21.328741   21.60126
  22.33245    22.983406   22.337317   21.918879   21.48315    21.684614  ]], shape=(1, 18), dtype=float32)"
1640,[11 1 0 0 0 0 0 1 3 1 2 6 0 2 6 4 0 0 0 0 0 0 0 0 11],"tf.Tensor([ 0.36088794  0.5202559  -0.8837131   0.42092517  0.13437954  8.        ], shape=(6,), dtype=float32)",0.0,[11 2 0 0 0 0 0 5 5 1 2 6 0 2 6 4 0 0 0 0 0 0 0 0 11],False,"tf.Tensor(
[[ 0.36088794  0.5202559  -0.8837131   0.42092517  0.13437954 20.674976
  20.582897   20.81732    18.006092   19.350103   19.976984   19.98
  20.081846   21.554213   20.175123   20.697445   19.146685   20.60089   ]], shape=(1, 18), dtype=float32)"
1641,[11 2 0 0 0 0 0 5 5 1 2 6 0 2 6 4 0 0 0 0 0 0 0 0 11],"tf.Tensor([ 0.7421401   0.92917454 -0.915491    0.95262814  0.5440886   8.        ], shape=(6,), dtype=float32)",0.2,[11 3 5 2 0 0 0 1 0 5 0 2 0 2 6 4 0 0 0 0 0 0 0 0 11],False,"tf.Tensor(
[[ 0.7421401   0.92917454 -0.915491    0.95262814  0.5440886  23.812084
  23.493376   24.316057   19.836697   21.811197   23.114754   22.645208
  24.100227   25.499052   23.41181    23.925549   22.606737   23.627129  ]], shape=(1, 18), dtype=float32)"
1642,[11 3 5 2 0 0 0 1 0 5 0 2 0 2 6 4 0 0 0 0 0 0 0 0 11],[0 0 1 1 1 5],0.0,[12 1 0 0 0 0 0 1 6 5 2 1 0 2 6 4 0 0 0 0 0 0 0 0 11],False,"tf.Tensor(
[[-0.39716816 -0.33757558 -0.91902864 -0.7382748   0.3505964  22.250849
  23.074091   21.951506   20.51511    22.113255   20.761631   22.415174
  22.257877   22.059551   22.843714   22.1366     21.362247   21.686655  ]], shape=(1, 18), dtype=float32)"
1643,[12 1 0 0 0 0 0 1 6 5 2 1 0 2 6 4 0 0 0 0 0 0 0 0 11],"tf.Tensor([-0.22305702 -0.4174942  -1.8931946   0.11138418 -0.00293985  1.        ], shape=(6,), dtype=float32)",0.0,[12 2 0 0 0 0 0 5 2 2 2 1 0 2 6 4 0 0 0 0 0 0 0 0 11],False,"tf.Tensor(
[[-2.2305702e-01 -4.1749421e-01 -1.8931946e+00  1.1138418e-01
  -2.9398501e-03  2.2073385e+01  2.2907682e+01  2.1848358e+01
   1.8631918e+01  2.0761841e+01  2.0831911e+01  2.1798267e+01
   2.1926241e+01  2.2697849e+01  2.1793779e+01  2.2818727e+01
   2.0223866e+01  2.1996954e+01]], shape=(1, 18), dtype=float32)"
1644,[12 2 0 0 0 0 0 5 2 2 2 1 0 2 6 4 0 0 0 0 0 0 0 0 11],[1 1 0 0 0 6],0.2,[12 3 5 2 0 0 0 0 0 6 1 2 0 2 6 4 0 0 0 0 0 0 0 0 11],False,"tf.Tensor(
[[-0.10025762  0.0346916  -1.0806767   0.40776274 -0.40252802 21.812025
  21.982746   22.058174   18.650167   20.75178    20.892387   21.296497
  21.522398   22.392847   22.051754   21.894924   20.484581   21.945087  ]], shape=(1, 18), dtype=float32)"
1645,[12 3 5 2 0 0 0 0 0 6 1 2 0 2 6 4 0 0 0 0 0 0 0 0 11],"tf.Tensor([-0.5010592  -0.43016174 -1.1113485  -0.9417256   0.4334596   1.        ], shape=(6,), dtype=float32)",0.0,[13 1 0 0 0 0 0 5 4 2 2 4 0 2 6 4 0 0 0 0 0 0 0 0 11],False,"tf.Tensor(
[[-0.5010592  -0.43016174 -1.1113485  -0.9417256   0.4334596  23.502401
  24.5313     22.894512   21.83523    23.22938    21.780188   23.675089
  23.341105   23.199879   23.910315   23.472334   22.40058    22.717936  ]], shape=(1, 18), dtype=float32)"
1646,[13 1 0 0 0 0 0 5 4 2 2 4 0 2 6 4 0 0 0 0 0 0 0 0 11],"tf.Tensor([ 0.12582637  0.26494762 -1.3080525   0.6223711   0.04977044  8.        ], shape=(6,), dtype=float32)",0.0,[13 2 0 0 0 0 0 2 1 1 2 3 0 2 6 4 0 0 0 0 0 0 0 0 11],False,"tf.Tensor(
[[ 0.12582637  0.26494762 -1.3080525   0.6223711   0.04977044 23.765247
  23.82866    23.791311   19.863518   21.912975   22.732864   22.666256
  23.6143     25.070433   23.481205   23.760607   22.13977    23.62146   ]], shape=(1, 18), dtype=float32)"
1647,[13 2 0 0 0 0 0 2 1 1 2 3 0 2 6 4 0 0 0 0 0 0 0 0 11],"tf.Tensor([ 0.02327468  0.02912471 -1.0271003   0.09256831 -0.37408206  8.        ], shape=(6,), dtype=float32)",0.0,[13 3 0 0 0 0 0 3 4 6 3 4 0 2 6 4 0 0 0 0 0 0 0 0 11],False,"tf.Tensor(
[[ 0.02327468  0.02912471 -1.0271003   0.09256831 -0.37408206 20.964931
  21.039934   21.17083    18.851538   20.274925   20.215857   20.713367
  19.87095    21.205273   20.8206     20.907661   19.413637   21.092382  ]], shape=(1, 18), dtype=float32)"
1648,[13 3 0 0 0 0 0 3 4 6 3 4 0 2 6 4 0 0 0 0 0 0 0 0 11],"tf.Tensor([ 0.02327074  0.17078695 -1.5586083   0.22349015  0.22317132  8.        ], shape=(6,), dtype=float32)",0.0,[14 1 0 0 0 0 0 2 2 5 2 2 0 2 6 4 0 0 0 0 0 0 0 0 11],True,"tf.Tensor(
[[ 2.3270741e-02  1.7078695e-01 -1.5586083e+00  2.2349015e-01
   2.2317132e-01  2.5869160e+01  2.6442060e+01  2.5689737e+01
   2.1883406e+01  2.4041454e+01  2.4500364e+01  2.5078547e+01
   2.6121222e+01  2.7177883e+01  2.5652554e+01  2.6322378e+01
   2.4248230e+01  2.5131277e+01]], shape=(1, 18), dtype=float32)"
1649,[1 1 0 0 0 0 0 2 1 5 3 3 0 0 0 0 0 0 0 0 0 0 0 0 0],"tf.Tensor([2.6561286 3.8310344 1.2056721 1.8020567 3.7989676 8.       ], shape=(6,), dtype=float32)",0.5,[1 2 2 1 5 3 3 0 0 0 0 0 0 0 0 0 0 0 0 0 0 0 0 0 0],False,"tf.Tensor(
[[ 2.6561286  3.8310344  1.2056721  1.8020567  3.7989676 13.6436615
  11.233658  13.369012  11.982281  11.845678  13.177733  13.63081
  14.520968  15.3814125 12.373765  14.480092  14.899349  12.904862 ]], shape=(1, 18), dtype=float32)"
1650,[1 2 2 1 5 3 3 0 0 0 0 0 0 0 0 0 0 0 0 0 0 0 0 0 0],"tf.Tensor([ 2.7195482  3.392405   1.9111594  3.283187   3.388852  12.       ], shape=(6,), dtype=float32)",0.0,[1 3 2 1 5 3 3 0 0 0 0 0 0 0 0 0 0 0 0 0 0 0 0 0 0],False,"tf.Tensor(
[[ 2.7195482  3.392405   1.9111594  3.283187   3.388852  17.431438
  14.339287  18.91584   16.259512  17.095652  19.009441  18.16062
  18.275135  17.793297  17.28991   19.22104   18.664572  19.679665 ]], shape=(1, 18), dtype=float32)"
1651,[1 3 2 1 5 3 3 0 0 0 0 0 0 0 0 0 0 0 0 0 0 0 0 0 0],"tf.Tensor([ 2.7507148  3.3538146  1.9356441  3.2980516  3.415336  12.       ], shape=(6,), dtype=float32)",28.0,[2 1 0 0 0 0 0 2 1 5 3 3 0 0 0 0 0 0 0 0 0 0 0 0 14],False,"tf.Tensor(
[[ 2.7507148  3.3538146  1.9356441  3.2980516  3.415336  17.998508
  14.957163  19.512598  16.868782  17.744833  19.64917   18.785742
  18.900637  18.348751  17.89147   19.870478  19.210356  20.314388 ]], shape=(1, 18), dtype=float32)"
1652,[2 1 0 0 0 0 0 2 1 5 3 3 0 0 0 0 0 0 0 0 0 0 0 0 14],"tf.Tensor([ 1.3301431  2.3523188  1.8273202  1.4313374  1.7216767 11.       ], shape=(6,), dtype=float32)",0.5,[2 2 1 6 2 5 4 0 0 0 0 0 0 0 0 0 0 0 0 0 0 0 0 0 14],False,"tf.Tensor(
[[ 1.3301431  2.3523188  1.8273202  1.4313374  1.7216767 21.897247
  21.056639  21.553202  20.731445  20.510445  21.056166  21.230253
  22.024963  22.364891  21.100025  21.835178  23.021502  20.1393   ]], shape=(1, 18), dtype=float32)"
1653,[2 2 1 6 2 5 4 0 0 0 0 0 0 0 0 0 0 0 0 0 0 0 0 0 14],"tf.Tensor([1.5849339 2.3497047 1.5670735 1.8697397 2.311256  8.       ], shape=(6,), dtype=float32)",0.0,[2 3 1 6 2 5 4 0 0 0 0 0 0 0 0 0 0 0 0 0 0 0 0 0 14],False,"tf.Tensor(
[[ 1.5849339  2.3497047  1.5670735  1.8697397  2.311256  28.954834
  26.931986  28.240593  28.502848  27.991304  28.709303  27.151033
  27.498398  29.024612  27.748756  28.203781  28.538008  28.695843 ]], shape=(1, 18), dtype=float32)"
1654,[2 3 1 6 2 5 4 0 0 0 0 0 0 0 0 0 0 0 0 0 0 0 0 0 14],"tf.Tensor([1.5062757 2.1695826 1.5675805 1.8222873 2.2993631 8.       ], shape=(6,), dtype=float32)",0.0,[3 1 0 0 0 0 0 1 6 2 5 4 0 0 0 0 0 0 0 0 0 0 0 0 14],False,"tf.Tensor(
[[ 1.5062757  2.1695826  1.5675805  1.8222873  2.2993631 29.317684
  27.472822  28.696705  28.912376  28.579884  29.219332  27.639801
  28.070807  29.345385  28.309088  28.706196  28.892685  29.16985  ]], shape=(1, 18), dtype=float32)"
1655,[3 1 0 0 0 0 0 1 6 2 5 4 0 0 0 0 0 0 0 0 0 0 0 0 14],"tf.Tensor([ 1.6519284  2.5868592  1.0794148  1.377794   2.1659405 11.       ], shape=(6,), dtype=float32)",0.5,[3 2 3 3 2 5 6 0 0 0 0 0 0 0 0 0 0 0 0 0 0 0 0 0 14],False,"tf.Tensor(
[[ 1.6519284  2.5868592  1.0794148  1.377794   2.1659405 23.432594
  22.80882   23.016603  22.332338  21.827389  22.684885  22.334192
  23.62042   23.963724  22.101736  24.006756  24.11177   21.60507  ]], shape=(1, 18), dtype=float32)"
1656,[3 2 3 3 2 5 6 0 0 0 0 0 0 0 0 0 0 0 0 0 0 0 0 0 14],"tf.Tensor([1.4692467 2.0425775 1.5785286 1.8975365 2.3879707 8.       ], shape=(6,), dtype=float32)",0.0,[3 3 3 3 2 5 6 0 0 0 0 0 0 0 0 0 0 0 0 0 0 0 0 0 14],False,"tf.Tensor(
[[ 1.4692467  2.0425775  1.5785286  1.8975365  2.3879707 29.283081
  27.41831   28.44703   28.691     27.977358  29.121716  27.689823
  27.768433  29.454025  28.055372  28.31205   29.148298  28.67398  ]], shape=(1, 18), dtype=float32)"
1657,[3 3 3 3 2 5 6 0 0 0 0 0 0 0 0 0 0 0 0 0 0 0 0 0 14],"tf.Tensor([1.4466176 1.9579264 1.5972646 1.8819208 2.4093826 8.       ], shape=(6,), dtype=float32)",0.0,[4 1 0 0 0 0 0 3 3 2 5 6 0 0 0 0 0 0 0 0 0 0 0 0 14],False,"tf.Tensor(
[[ 1.4466176  1.9579264  1.5972646  1.8819208  2.4093826 29.710423
  27.974028  29.013384  29.147306  28.60457   29.703592  28.26959
  28.429165  29.849617  28.668465  28.908949  29.59421   29.213348 ]], shape=(1, 18), dtype=float32)"
1658,[4 1 0 0 0 0 0 3 3 2 5 6 0 0 0 0 0 0 0 0 0 0 0 0 14],"tf.Tensor([ 1.5563332  2.473802   1.6545184  1.2937943  2.017016  11.       ], shape=(6,), dtype=float32)",0.5,[4 2 1 2 4 2 6 0 0 0 0 0 0 0 0 0 0 0 0 0 0 0 0 0 14],False,"tf.Tensor(
[[ 1.5563332  2.473802   1.6545184  1.2937943  2.017016  23.636185
  23.035706  23.472958  22.483318  22.094902  22.864534  22.820988
  23.962994  24.310318  22.6593    23.722353  24.74863   21.576471 ]], shape=(1, 18), dtype=float32)"
1659,[4 2 1 2 4 2 6 0 0 0 0 0 0 0 0 0 0 0 0 0 0 0 0 0 14],"tf.Tensor([1.2303628 1.6659361 0.875988  1.5574015 1.3398858 0.       ], shape=(6,), dtype=float32)",0.0,[4 3 1 2 4 2 6 0 0 0 0 0 0 0 0 0 0 0 0 0 0 0 0 0 14],False,"tf.Tensor(
[[ 1.2303628  1.6659361  0.875988   1.5574015  1.3398858 26.59336
  24.9751    25.650604  25.874218  25.102968  26.33225   25.0208
  24.417015  26.51925   25.200277  25.746582  25.72047   25.787386 ]], shape=(1, 18), dtype=float32)"
1660,[4 3 1 2 4 2 6 0 0 0 0 0 0 0 0 0 0 0 0 0 0 0 0 0 14],"tf.Tensor([1.2164584  1.5870471  0.90943253 1.5472541  1.3850844  0.        ], shape=(6,), dtype=float32)",1.0,[5 1 0 0 0 0 0 1 2 4 2 6 1 0 0 0 0 0 0 0 0 0 0 0 14],False,"tf.Tensor(
[[ 1.2164584   1.5870471   0.90943253  1.5472541   1.3850844  27.078087
  25.529953   26.235632   26.393757   25.740818   26.946362   25.607786
  25.096085   26.964428   25.815025   26.350405   26.206394   26.397888  ]], shape=(1, 18), dtype=float32)"
1661,[5 1 0 0 0 0 0 1 2 4 2 6 1 0 0 0 0 0 0 0 0 0 0 0 14],"tf.Tensor([1.0960532 1.958949  1.3552002 1.0376182 1.0741023 8.       ], shape=(6,), dtype=float32)",0.5,[5 2 6 5 3 6 4 0 0 0 0 0 1 0 0 0 0 0 0 0 0 0 0 0 14],False,"tf.Tensor(
[[ 1.0960532  1.958949   1.3552002  1.0376182  1.0741023 21.570957
  21.375868  21.555908  20.406656  20.385115  21.100822  21.169907
  21.746243  22.302979  20.866604  22.060997  21.99494   20.014194 ]], shape=(1, 18), dtype=float32)"
1662,[5 2 6 5 3 6 4 0 0 0 0 0 1 0 0 0 0 0 0 0 0 0 0 0 14],"tf.Tensor([ 1.4568715  2.1766136  1.7183763  2.09818    3.1800506 12.       ], shape=(6,), dtype=float32)",0.0,[5 3 6 5 3 6 4 0 0 0 0 0 1 0 0 0 0 0 0 0 0 0 0 0 14],False,"tf.Tensor(
[[ 1.4568715  2.1766136  1.7183763  2.09818    3.1800506 34.106575
  32.11554   33.88937   33.916824  33.984764  34.429314  33.28242
  33.226444  34.138428  33.693333  33.789062  34.31018   34.49284  ]], shape=(1, 18), dtype=float32)"
1663,[5 3 6 5 3 6 4 0 0 0 0 0 1 0 0 0 0 0 0 0 0 0 0 0 14],"tf.Tensor([ 1.4048876  2.0309384  1.7474898  2.0651972  3.1883938 12.       ], shape=(6,), dtype=float32)",20.0,[6 1 0 0 0 0 0 6 5 3 6 4 1 0 0 0 0 0 0 0 0 0 0 0 24],False,"tf.Tensor(
[[ 1.4048876  2.0309384  1.7474898  2.0651972  3.1883938 34.548077
  32.706818  34.392967  34.40596   34.590473  34.99024   33.811584
  33.842422  34.51493   34.282063  34.33652   34.750225  35.0048   ]], shape=(1, 18), dtype=float32)"
1664,[6 1 0 0 0 0 0 6 5 3 6 4 1 0 0 0 0 0 0 0 0 0 0 0 24],"tf.Tensor([ 1.9739994  3.0544918  2.1595323  1.7114099  1.7387303 11.       ], shape=(6,), dtype=float32)",0.5,[6 2 3 1 5 6 5 0 0 0 0 0 1 0 0 0 0 0 0 0 0 0 0 0 24],False,"tf.Tensor(
[[ 1.9739994  3.0544918  2.1595323  1.7114099  1.7387303 35.214066
  34.323273  35.401035  33.714256  33.599983  34.294075  34.61624
  35.08494   35.41643   34.40998   35.329487  36.912514  32.408092 ]], shape=(1, 18), dtype=float32)"
1665,[6 2 3 1 5 6 5 0 0 0 0 0 1 0 0 0 0 0 0 0 0 0 0 0 24],[1 1 0 1 1 1],0.0,[6 3 3 1 5 6 5 0 0 0 0 0 1 0 0 0 0 0 0 0 0 0 0 0 24],False,"tf.Tensor(
[[ 1.0797766  2.0112293  1.8965158  2.2619452  1.228278  38.013912
  36.212452  37.390354  37.660526  36.907898  38.44808   36.566124
  34.978813  37.706047  36.982716  36.979446  37.363304  37.63551  ]], shape=(1, 18), dtype=float32)"
1666,[6 3 3 1 5 6 5 0 0 0 0 0 1 0 0 0 0 0 0 0 0 0 0 0 24],"tf.Tensor([1.0383312 1.914814  1.9001635 2.2173328 1.2454022 5.       ], shape=(6,), dtype=float32)",12.0,[7 1 0 0 0 0 0 3 1 5 6 5 1 0 0 0 0 6 0 0 0 0 0 0 24],False,"tf.Tensor(
[[ 1.0383312  1.914814   1.9001635  2.2173328  1.2454022 38.476128
  36.78341   37.94097   38.171215  37.537632  39.02407   37.12584
  35.61761   38.162693  37.586697  37.52367   37.83717   38.167454 ]], shape=(1, 18), dtype=float32)"
1667,[7 1 0 0 0 0 0 3 1 5 6 5 1 0 0 0 0 6 0 0 0 0 0 0 24],"tf.Tensor([ 1.7243341   2.3683398   2.287041    1.2907263   0.81786424 11.        ], shape=(6,), dtype=float32)",0.4,[7 2 6 3 6 6 0 0 0 0 0 6 1 0 0 0 0 6 0 0 0 0 0 0 24],False,"tf.Tensor(
[[ 1.7243341   2.3683398   2.287041    1.2907263   0.81786424 34.12726
  33.032227   34.516956   32.413807   32.462864   33.157997   34.328495
  33.988537   33.654243   33.39308    34.078266   35.467995   31.449581  ]], shape=(1, 18), dtype=float32)"
1668,[7 2 6 3 6 6 0 0 0 0 0 6 1 0 0 0 0 6 0 0 0 0 0 0 24],"tf.Tensor([1.4756562 2.5420487 2.5992305 2.4450517 1.5666546 5.       ], shape=(6,), dtype=float32)",0.1,[7 3 6 3 6 6 6 0 0 0 0 0 1 0 0 0 0 6 0 0 0 0 0 0 24],False,"tf.Tensor(
[[ 1.4756562  2.5420487  2.5992305  2.4450517  1.5666546 41.43952
  39.856594  42.666695  41.315994  42.05854   43.05007   41.51118
  40.5092    41.694237  41.730312  41.55231   42.086876  41.3417   ]], shape=(1, 18), dtype=float32)"
1669,[7 3 6 3 6 6 6 0 0 0 0 0 1 0 0 0 0 6 0 0 0 0 0 0 24],[ 1  1  0  0  0 12],6.0,[8 1 0 0 0 0 0 6 3 6 6 2 1 0 0 0 0 6 0 0 0 0 0 0 27],False,"tf.Tensor(
[[ 0.9866308  1.5669448  2.1763647  1.929248   1.9013528 44.910324
  42.92912   44.233543  44.63159   44.423096  45.347923  43.63895
  42.927586  44.361965  44.52197   43.71038   44.491108  44.37069  ]], shape=(1, 18), dtype=float32)"
1670,[8 1 0 0 0 0 0 6 3 6 6 2 1 0 0 0 0 6 0 0 0 0 0 0 27],"tf.Tensor([ 1.851359   2.3630712  2.167442   1.549611   1.005083  11.       ], shape=(6,), dtype=float32)",0.5,[8 2 5 2 4 2 3 0 0 0 0 0 1 0 0 0 0 6 0 0 0 0 0 0 27],False,"tf.Tensor(
[[ 1.851359   2.3630712  2.167442   1.549611   1.005083  39.034393
  37.705326  39.420948  36.945763  37.398205  37.91749   39.262135
  38.652645  38.28491   38.39407   38.859158  40.703697  36.223564 ]], shape=(1, 18), dtype=float32)"
1671,[8 2 5 2 4 2 3 0 0 0 0 0 1 0 0 0 0 6 0 0 0 0 0 0 27],"tf.Tensor([0.8995389 1.315372  1.7022513 1.2085165 0.5991687 3.       ], shape=(6,), dtype=float32)",0.0,[8 3 5 2 4 2 3 0 0 0 0 0 1 0 0 0 0 6 0 0 0 0 0 0 27],False,"tf.Tensor(
[[ 0.8995389  1.315372   1.7022513  1.2085165  0.5991687 38.9288
  37.78246   38.893887  39.17604   39.123882  39.14573   38.718185
  36.616932  37.644966  38.717392  38.447514  38.674683  37.991444 ]], shape=(1, 18), dtype=float32)"
1672,[8 3 5 2 4 2 3 0 0 0 0 0 1 0 0 0 0 6 0 0 0 0 0 0 27],"tf.Tensor([0.77265155 1.2249157  1.7395197  1.1693426  0.6452798  3.        ], shape=(6,), dtype=float32)",8.0,[9 1 0 0 0 0 0 5 2 4 2 3 1 0 0 4 0 6 0 0 0 0 0 0 27],False,"tf.Tensor(
[[ 0.77265155  1.2249157   1.7395197   1.1693426   0.6452798  39.50658
  38.486496   39.383205   39.770885   39.74925    39.755196   39.22245
  37.349613   38.210964   39.414787   39.05381    39.184963   38.632683  ]], shape=(1, 18), dtype=float32)"
1673,[9 1 0 0 0 0 0 5 2 4 2 3 1 0 0 4 0 6 0 0 0 0 0 0 27],[1 1 0 0 0 3],0.2,[9 2 3 1 0 0 0 0 0 1 4 1 1 0 0 4 0 6 0 0 0 0 0 0 27],False,"tf.Tensor(
[[ 1.4447936   1.0720644   1.1520007   0.9841736  -0.75443643 32.613434
  31.7444     34.490646   30.94113    32.62346    32.554264   33.993324
  32.235283   31.236702   32.963165   33.077473   33.796696   31.222319  ]], shape=(1, 18), dtype=float32)"
1674,[9 2 3 1 0 0 0 0 0 1 4 1 1 0 0 4 0 6 0 0 0 0 0 0 27],"tf.Tensor([ 1.2872344   0.7565866   0.73018277  0.50633675 -1.0461918   6.        ], shape=(6,), dtype=float32)",0.0,[9 3 3 1 0 0 0 0 0 6 1 1 1 0 0 4 0 6 0 0 0 0 0 0 27],False,"tf.Tensor(
[[ 1.2872344   0.7565866   0.73018277  0.50633675 -1.0461918  31.209282
  29.978355   33.065464   31.137491   32.32679    31.346123   33.148914
  29.456594   28.702873   31.409876   31.52558    31.826609   30.387732  ]], shape=(1, 18), dtype=float32)"
1675,[9 3 3 1 0 0 0 0 0 6 1 1 1 0 0 4 0 6 0 0 0 0 0 0 27],"tf.Tensor([ 0.535442    0.33565968  0.65706766  0.1383384  -0.6920776   6.        ], shape=(6,), dtype=float32)",0.0,[10 1 0 0 0 0 0 3 1 4 5 2 1 0 0 4 0 6 0 0 0 0 0 0 27],False,"tf.Tensor(
[[ 0.535442    0.33565968  0.65706766  0.1383384  -0.6920776  32.54322
  32.3153     33.77624    31.93331    33.84381    32.28842    34.208866
  31.932993   30.846907   33.380466   33.23234    32.821915   31.684752  ]], shape=(1, 18), dtype=float32)"
1676,[10 1 0 0 0 0 0 3 1 4 5 2 1 0 0 4 0 6 0 0 0 0 0 0 27],"tf.Tensor([ 1.446191   1.1184896  0.8502196  0.8210061 -1.0552586  2.       ], shape=(6,), dtype=float32)",0.2,[10 2 4 5 0 0 0 0 0 2 4 3 1 0 0 4 0 6 0 0 0 0 0 0 27],False,"tf.Tensor(
[[ 1.446191   1.1184896  0.8502196  0.8210061 -1.0552586 32.793503
  31.460218  34.578903  31.34904   32.677032  32.55271   34.57534
  31.637632  30.769518  32.781185  33.14524   33.703922  31.42512  ]], shape=(1, 18), dtype=float32)"
1677,[10 2 4 5 0 0 0 0 0 2 4 3 1 0 0 4 0 6 0 0 0 0 0 0 27],"tf.Tensor([ 0.9847361   1.1200316   0.7233101   0.0816818  -0.38958675  4.        ], shape=(6,), dtype=float32)",0.0,[10 3 4 5 0 0 0 0 0 4 4 4 1 0 0 4 0 6 0 0 0 0 0 0 27],False,"tf.Tensor(
[[ 0.9847361   1.1200316   0.7233101   0.0816818  -0.38958675 35.182487
  34.537548   36.63433    35.099823   36.7147     34.97706    36.667683
  34.2714     33.60174    35.697926   35.7806     35.45422    34.034504  ]], shape=(1, 18), dtype=float32)"
1678,[10 3 4 5 0 0 0 0 0 4 4 4 1 0 0 4 0 6 0 0 0 0 0 0 27],"tf.Tensor([ 0.74837124  1.1951411   0.9470811   0.1024545  -0.15029891  4.        ], shape=(6,), dtype=float32)",10.0,[11 1 0 0 0 0 0 4 5 1 6 3 1 0 0 4 5 6 0 0 0 0 0 0 27],False,"tf.Tensor(
[[ 0.74837124  1.1951411   0.9470811   0.1024545  -0.15029891 37.04528
  36.755905   38.226147   36.579536   38.36833    36.7578     38.30296
  36.848675   35.91422    37.79419    37.85241    37.298542   35.72196   ]], shape=(1, 18), dtype=float32)"
1679,[11 1 0 0 0 0 0 4 5 1 6 3 1 0 0 4 5 6 0 0 0 0 0 0 27],"tf.Tensor([ 1.5086592   1.2587055   0.44372067  0.45857126 -0.52161044  2.        ], shape=(6,), dtype=float32)",0.2,[11 2 1 3 0 0 0 0 0 3 3 3 1 0 0 4 5 6 0 0 0 0 0 0 27],False,"tf.Tensor(
[[ 1.5086592   1.2587055   0.44372067  0.45857126 -0.52161044 34.18059
  33.342705   35.736893   33.030716   34.073174   33.993267   35.04315
  33.250988   32.787117   34.060616   34.46446    34.735657   32.486675  ]], shape=(1, 18), dtype=float32)"
1680,[11 2 1 3 0 0 0 0 0 3 3 3 1 0 0 4 5 6 0 0 0 0 0 0 27],"tf.Tensor([ 0.87550867  0.5733451   0.35309562 -0.17520611 -1.0417563   6.        ], shape=(6,), dtype=float32)",0.0,[11 3 1 3 0 0 0 0 0 2 5 5 1 0 0 4 5 6 0 0 0 0 0 0 27],False,"tf.Tensor(
[[ 0.87550867  0.5733451   0.35309562 -0.17520611 -1.0417563  32.41516
  31.984564   34.059532   32.235603   33.84202    32.492542   34.087704
  31.230528   30.906424   32.808456   32.896423   32.180992   31.530352  ]], shape=(1, 18), dtype=float32)"
1681,[11 3 1 3 0 0 0 0 0 2 5 5 1 0 0 4 5 6 0 0 0 0 0 0 27],"tf.Tensor([ 1.078442    1.0763276   0.6891048  -0.15487592 -0.8810144   2.        ], shape=(6,), dtype=float32)",6.0,[12 1 0 0 0 0 0 1 3 5 1 6 1 0 3 4 5 6 0 0 0 0 0 0 27],False,"tf.Tensor(
[[ 1.078442    1.0763276   0.6891048  -0.15487592 -0.8810144  33.959343
  33.249245   35.413265   33.682377   34.830574   33.821976   35.2441
  32.820217   32.544266   34.114273   34.208714   33.78633    32.51285   ]], shape=(1, 18), dtype=float32)"
1682,[12 1 0 0 0 0 0 1 3 5 1 6 1 0 3 4 5 6 0 0 0 0 0 0 27],"tf.Tensor([ 0.6220112   0.46576148  0.22355708  0.10299154 -0.9642419   2.        ], shape=(6,), dtype=float32)",0.0,[12 2 0 0 0 0 0 1 5 5 3 2 1 0 3 4 5 6 0 0 0 0 0 0 27],False,"tf.Tensor(
[[ 0.6220112   0.46576148  0.22355708  0.10299154 -0.9642419  31.93797
  32.1819     33.64001    30.242762   32.565247   32.049202   33.34854
  31.681913   31.809853   32.347935   32.649734   31.546328   31.227274  ]], shape=(1, 18), dtype=float32)"
1683,[12 2 0 0 0 0 0 1 5 5 3 2 1 0 3 4 5 6 0 0 0 0 0 0 27],"tf.Tensor([ 0.5817975   0.07922034 -0.48907223 -0.04240243 -0.89814085  6.        ], shape=(6,), dtype=float32)",0.0,[12 3 0 0 0 0 0 1 5 4 5 1 1 0 3 4 5 6 0 0 0 0 0 0 27],False,"tf.Tensor(
[[ 0.5817975   0.07922034 -0.48907223 -0.04240243 -0.89814085 33.325768
  33.37926    34.67853    31.725199   34.08898    33.15194    34.699734
  32.586544   32.351807   33.569748   34.09126    32.608242   32.794643  ]], shape=(1, 18), dtype=float32)"
1684,[12 3 0 0 0 0 0 1 5 4 5 1 1 0 3 4 5 6 0 0 0 0 0 0 27],[1 1 0 0 0 0],0.0,[13 1 0 0 0 0 0 2 4 2 2 1 1 0 3 4 5 6 0 0 0 0 0 0 27],False,"tf.Tensor(
[[ 0.5721785   0.11977045 -0.57972276 -0.15607862 -0.8935054  34.08535
  33.964863   35.333263   32.60322    34.782333   33.747105   35.418747
  33.155067   32.766895   34.318626   34.687084   33.364452   33.421223  ]], shape=(1, 18), dtype=float32)"
1685,[13 1 0 0 0 0 0 2 4 2 2 1 1 0 3 4 5 6 0 0 0 0 0 0 27],[0 1 1 0 1 1],0.30000000000000004,[13 2 5 6 6 0 0 5 0 0 3 0 1 0 3 4 5 6 0 0 0 0 0 0 27],False,"tf.Tensor(
[[ 0.5611222  -0.34079415 -0.5963497  -0.1478887  -1.1398877  30.46122
  30.619658   32.561302   29.737589   32.10822    30.975533   32.57064
  29.126478   29.227198   30.875132   31.033424   30.10126    30.56974   ]], shape=(1, 18), dtype=float32)"
1686,[13 2 5 6 6 0 0 5 0 0 3 0 1 0 3 4 5 6 0 0 0 0 0 0 27],"tf.Tensor([-0.13391505 -0.0661983   0.04763231  0.20009525 -0.21102555  4.        ], shape=(6,), dtype=float32)",0.0,[13 3 5 6 6 0 0 5 0 0 1 0 1 0 3 4 5 6 0 0 0 0 0 0 27],False,"tf.Tensor(
[[-0.13391505 -0.0661983   0.04763231  0.20009525 -0.21102555 42.524586
  41.32838    42.9965     41.423893   43.58768    42.06334    42.276352
  40.777405   41.62993    43.43478    41.53181    41.3715     42.83488   ]], shape=(1, 18), dtype=float32)"
1687,[13 3 5 6 6 0 0 5 0 0 1 0 1 0 3 4 5 6 0 0 0 0 0 0 27],"tf.Tensor([-0.4254216  -0.5338971   0.06944022 -0.03997628 -0.49805433  4.        ], shape=(6,), dtype=float32)",0.0,[14 1 0 0 0 0 0 1 5 6 1 6 1 0 3 4 5 6 0 0 0 0 0 0 27],True,"tf.Tensor(
[[-4.2542160e-01 -5.3389710e-01  6.9440216e-02 -3.9976284e-02
  -4.9805433e-01  4.1862457e+01  4.1095062e+01  4.2425232e+01
   4.1002247e+01  4.3430328e+01  4.1654514e+01  4.1720089e+01
   4.0372379e+01  4.0995411e+01  4.3194000e+01  4.1008625e+01
   4.0456036e+01  4.2434975e+01]], shape=(1, 18), dtype=float32)"
1688,[1 1 0 0 0 0 0 5 5 1 5 2 0 0 0 0 0 0 0 0 0 0 0 0 0],"tf.Tensor([ 2.8832803  4.386693   1.0498896  3.0739524  5.733643  11.       ], shape=(6,), dtype=float32)",0.5,[1 2 5 5 1 5 2 0 0 0 0 0 0 0 0 0 0 0 0 0 0 0 0 0 0],False,"tf.Tensor(
[[ 2.8832803  4.386693   1.0498896  3.0739524  5.733643  19.571209
  16.446226  18.593899  17.70185   16.356804  18.835594  17.844263
  18.83392   20.274206  17.46226   18.877985  21.004814  17.7908   ]], shape=(1, 18), dtype=float32)"
1689,[1 2 5 5 1 5 2 0 0 0 0 0 0 0 0 0 0 0 0 0 0 0 0 0 0],"tf.Tensor([ 3.3802593  3.7696996  2.1749427  3.8708818  4.5129204 12.       ], shape=(6,), dtype=float32)",0.0,[1 3 5 5 1 5 2 0 0 0 0 0 0 0 0 0 0 0 0 0 0 0 0 0 0],False,"tf.Tensor(
[[ 3.3802593  3.7696996  2.1749427  3.8708818  4.5129204 20.729544
  17.363691  22.181643  19.510298  20.361559  22.427895  21.481644
  21.890043  21.019577  20.358204  23.082905  22.332752  23.245356 ]], shape=(1, 18), dtype=float32)"
1690,[1 3 5 5 1 5 2 0 0 0 0 0 0 0 0 0 0 0 0 0 0 0 0 0 0],"tf.Tensor([ 3.400147   3.7484975  2.182482   3.847111   4.551015  12.       ], shape=(6,), dtype=float32)",36.0,[2 1 0 0 0 0 0 5 5 1 5 2 0 0 0 0 0 0 0 0 0 0 0 0 18],False,"tf.Tensor(
[[ 3.400147   3.7484975  2.182482   3.847111   4.551015  21.41637
  18.055368  22.84391   20.326466  21.13064   23.11508   22.126753
  22.516838  21.599672  21.061462  23.720638  23.017029  23.849464 ]], shape=(1, 18), dtype=float32)"
1691,[2 1 0 0 0 0 0 5 5 1 5 2 0 0 0 0 0 0 0 0 0 0 0 0 18],"tf.Tensor([ 2.0445585  2.8763928  1.8543124  1.646312   2.277017  11.       ], shape=(6,), dtype=float32)",0.5,[2 2 6 3 2 3 2 0 0 0 0 0 0 0 0 0 0 0 0 0 0 0 0 0 18],False,"tf.Tensor(
[[ 2.0445585  2.8763928  1.8543124  1.646312   2.277017  27.034597
  25.893023  26.9511    26.156805  25.67253   26.15247   25.967863
  26.841763  27.178583  25.979277  26.807095  28.723745  24.728354 ]], shape=(1, 18), dtype=float32)"
1692,[2 2 6 3 2 3 2 0 0 0 0 0 0 0 0 0 0 0 0 0 0 0 0 0 18],"tf.Tensor([ 1.0424548  2.3146195  2.2667797  1.7267727  2.428979  11.       ], shape=(6,), dtype=float32)",0.0,[2 3 6 3 2 3 2 0 0 0 0 0 0 0 0 0 0 0 0 0 0 0 0 0 18],False,"tf.Tensor(
[[ 1.0424548  2.3146195  2.2667797  1.7267727  2.428979  30.242117
  28.909815  29.881056  31.06109   30.674002  30.557123  29.486515
  29.01076   30.230804  29.992302  29.630726  31.077156  29.678112 ]], shape=(1, 18), dtype=float32)"
1693,[2 3 6 3 2 3 2 0 0 0 0 0 0 0 0 0 0 0 0 0 0 0 0 0 18],"tf.Tensor([0.9991658 2.2128062 2.2676594 1.6749889 2.4306173 3.       ], shape=(6,), dtype=float32)",0.0,[3 1 0 0 0 0 0 6 3 2 3 2 0 0 0 0 0 0 0 0 0 0 0 0 18],False,"tf.Tensor(
[[ 0.9991658  2.2128062  2.2676594  1.6749889  2.4306173 30.673477
  29.465363  30.423897  31.538588  31.286102  31.112354  30.03651
  29.642513  30.670868  30.584116  30.162397  31.524302  30.180496 ]], shape=(1, 18), dtype=float32)"
1694,[3 1 0 0 0 0 0 6 3 2 3 2 0 0 0 0 0 0 0 0 0 0 0 0 18],"tf.Tensor([ 1.7885394  2.4927168  1.9423754  1.5849205  1.751299  11.       ], shape=(6,), dtype=float32)",0.5,[3 2 6 5 5 2 4 0 0 0 0 0 0 0 0 0 0 0 0 0 0 0 0 0 18],False,"tf.Tensor(
[[ 1.7885394  2.4927168  1.9423754  1.5849205  1.751299  26.387083
  25.280766  26.43259   25.326778  25.10588   25.612406  25.593842
  26.17995   26.401611  25.702526  26.014572  27.983566  24.219584 ]], shape=(1, 18), dtype=float32)"
1695,[3 2 6 5 5 2 4 0 0 0 0 0 0 0 0 0 0 0 0 0 0 0 0 0 18],"tf.Tensor([1.3511672 2.5557373 1.9334345 2.130394  2.9913764 3.       ], shape=(6,), dtype=float32)",0.0,[3 3 6 5 5 2 4 0 0 0 0 0 0 0 0 0 0 0 0 0 0 0 0 0 18],False,"tf.Tensor(
[[ 1.3511672  2.5557373  1.9334345  2.130394   2.9913764 35.722248
  33.741516  34.980858  36.102325  35.80027   35.962566  34.5149
  34.077232  35.636604  35.093716  35.150036  35.95455   35.308086 ]], shape=(1, 18), dtype=float32)"
1696,[3 3 6 5 5 2 4 0 0 0 0 0 0 0 0 0 0 0 0 0 0 0 0 0 18],"tf.Tensor([1.3303239 2.4697444 1.9608757 2.109432  3.0136855 3.       ], shape=(6,), dtype=float32)",8.0,[4 1 0 0 0 0 0 6 5 5 2 4 0 0 0 4 0 0 0 0 0 0 0 0 18],False,"tf.Tensor(
[[ 1.3303239  2.4697444  1.9608757  2.109432   3.0136855 36.151134
  34.282265  35.551113  36.565556  36.413704  36.537056  35.089584
  34.7377    36.054028  35.696175  35.734642  36.402794  35.86007  ]], shape=(1, 18), dtype=float32)"
1697,[4 1 0 0 0 0 0 6 5 5 2 4 0 0 0 4 0 0 0 0 0 0 0 0 18],"tf.Tensor([ 1.3149416  1.8466293  1.2237649  1.5479563  1.1591707 11.       ], shape=(6,), dtype=float32)",0.5,[4 2 6 2 2 2 2 0 0 0 0 0 0 0 0 4 0 0 0 0 0 0 0 0 18],False,"tf.Tensor(
[[ 1.3149416  1.8466293  1.2237649  1.5479563  1.1591707 26.54991
  26.104988  27.120848  24.16317   25.682373  25.957129  26.149118
  27.78166   27.031874  26.77329   27.20568   27.864103  25.013502 ]], shape=(1, 18), dtype=float32)"
1698,[4 2 6 2 2 2 2 0 0 0 0 0 0 0 0 4 0 0 0 0 0 0 0 0 18],"tf.Tensor([0.24868393 1.0540694  1.1961777  1.0709043  0.990952   4.        ], shape=(6,), dtype=float32)",0.0,[4 3 6 2 2 2 2 0 0 0 0 0 0 0 0 4 0 0 0 0 0 0 0 0 18],False,"tf.Tensor(
[[ 0.24868393  1.0540694   1.1961777   1.0709043   0.990952   26.463707
  25.662947   26.556242   26.824255   27.60161    26.763474   26.358704
  25.512835   25.771244   27.136852   26.318249   26.659153   26.653381  ]], shape=(1, 18), dtype=float32)"
1699,[4 3 6 2 2 2 2 0 0 0 0 0 0 0 0 4 0 0 0 0 0 0 0 0 18],"tf.Tensor([0.17139769 0.9676514  1.2273176  1.0334318  1.043232   4.        ], shape=(6,), dtype=float32)",0.0,[5 1 0 0 0 0 0 6 2 2 2 2 0 0 0 4 0 0 0 0 0 0 0 0 18],False,"tf.Tensor(
[[ 0.17139769  0.9676514   1.2273176   1.0334318   1.043232   27.01605
  26.297678   27.08229    27.427225   28.246819   27.374601   26.895811
  26.188465   26.300709   27.785606   26.889053   27.179823   27.276253  ]], shape=(1, 18), dtype=float32)"
1700,[5 1 0 0 0 0 0 6 2 2 2 2 0 0 0 4 0 0 0 0 0 0 0 0 18],"tf.Tensor([ 1.2659094   1.2466131   0.996965    1.0618908   0.16702965 11.        ], shape=(6,), dtype=float32)",0.4,[5 2 2 4 3 1 0 0 0 0 0 3 0 0 0 4 0 0 0 0 0 0 0 0 18],False,"tf.Tensor(
[[ 1.2659094   1.2466131   0.996965    1.0618908   0.16702965 23.22755
  22.316626   24.29853    21.903027   23.05686    22.888525   23.529985
  23.092066   22.494473   23.487944   23.235617   24.46258    22.03666   ]], shape=(1, 18), dtype=float32)"
1701,[5 2 2 4 3 1 0 0 0 0 0 3 0 0 0 4 0 0 0 0 0 0 0 0 18],"tf.Tensor([0.74287593 1.160918   0.65672755 1.0187125  0.06308642 4.        ], shape=(6,), dtype=float32)",0.0,[5 3 2 4 3 1 0 0 0 0 0 1 0 0 0 4 0 0 0 0 0 0 0 0 18],False,"tf.Tensor(
[[ 0.74287593  1.160918    0.65672755  1.0187125   0.06308642 24.494112
  23.650045   25.395393   24.400421   25.539457   25.026411   24.660963
  23.359179   23.984222   24.736101   24.872187   24.109632   24.8173    ]], shape=(1, 18), dtype=float32)"
1702,[5 3 2 4 3 1 0 0 0 0 0 1 0 0 0 4 0 0 0 0 0 0 0 0 18],"tf.Tensor([ 0.49569166  0.75880235  0.45049852  0.7562335  -0.01105687  4.        ], shape=(6,), dtype=float32)",0.0,[6 1 0 0 0 0 0 2 4 3 1 6 0 0 0 4 0 0 0 0 0 0 0 0 18],False,"tf.Tensor(
[[ 4.9569166e-01  7.5880235e-01  4.5049852e-01  7.5623351e-01
  -1.1056870e-02  2.4575542e+01  2.3794262e+01  2.5359751e+01
   2.4821136e+01  2.6045933e+01  2.5066273e+01  2.4833906e+01
   2.3254728e+01  2.3654346e+01  2.5024826e+01  2.4829485e+01
   2.4040861e+01  2.5117939e+01]], shape=(1, 18), dtype=float32)"
1703,[6 1 0 0 0 0 0 2 4 3 1 6 0 0 0 4 0 0 0 0 0 0 0 0 18],"tf.Tensor([1.1859809 1.6143942 0.7248165 1.0645857 0.2911879 2.       ], shape=(6,), dtype=float32)",0.30000000000000004,[6 2 6 5 1 0 0 0 0 2 0 1 0 0 0 4 0 0 0 0 0 0 0 0 18],False,"tf.Tensor(
[[ 1.1859809  1.6143942  0.7248165  1.0645857  0.2911879 23.252428
  22.938425  24.2598    21.715601  22.85028   23.219631  23.47316
  23.613894  23.511993  23.188015  24.204006  23.735779  22.225641 ]], shape=(1, 18), dtype=float32)"
1704,[6 2 6 5 1 0 0 0 0 2 0 1 0 0 0 4 0 0 0 0 0 0 0 0 18],"tf.Tensor([0.02975743 0.7643237  0.62012064 0.27031666 0.8109565  4.        ], shape=(6,), dtype=float32)",0.0,[6 3 6 5 1 0 0 0 0 2 0 2 0 0 0 4 0 0 0 0 0 0 0 0 18],False,"tf.Tensor(
[[ 0.02975743  0.7643237   0.62012064  0.27031666  0.8109565  26.951506
  26.913954   27.220238   27.443174   28.968622   26.930246   27.385685
  26.65423    26.326775   28.03871    27.485542   26.980303   26.78095   ]], shape=(1, 18), dtype=float32)"
1705,[6 3 6 5 1 0 0 0 0 2 0 2 0 0 0 4 0 0 0 0 0 0 0 0 18],"tf.Tensor([-0.06023073  0.82509285  0.7689422   0.29296845  0.9298539   4.        ], shape=(6,), dtype=float32)",10.0,[7 1 0 0 0 0 0 6 5 2 1 1 0 0 0 4 5 0 0 0 0 0 0 0 18],False,"tf.Tensor(
[[-0.06023073  0.82509285  0.7689422   0.29296845  0.9298539  27.652937
  27.766077   27.85332    28.05447    29.59723    27.683008   27.964233
  27.711353   27.18831    28.837582   28.278185   27.643866   27.5157    ]], shape=(1, 18), dtype=float32)"
1706,[7 1 0 0 0 0 0 6 5 2 1 1 0 0 0 4 5 0 0 0 0 0 0 0 18],"tf.Tensor([0.78556716 0.7377692  0.02112931 0.75115484 0.47533968 2.        ], shape=(6,), dtype=float32)",0.0,[7 2 0 0 0 0 0 2 4 1 3 1 0 0 0 4 5 0 0 0 0 0 0 0 18],False,"tf.Tensor(
[[7.8556716e-01 7.3776919e-01 2.1129310e-02 7.5115484e-01 4.7533968e-01
  2.4343311e+01 2.3903570e+01 2.4870405e+01 2.2728756e+01 2.4084093e+01
  2.3945690e+01 2.3933298e+01 2.4424524e+01 2.4115360e+01 2.4581394e+01
  2.4568804e+01 2.4533512e+01 2.3715080e+01]], shape=(1, 18), dtype=float32)"
1707,[7 2 0 0 0 0 0 2 4 1 3 1 0 0 0 4 5 0 0 0 0 0 0 0 18],[ 1  1  0  0  0 12],0.2,[7 3 2 4 0 0 0 0 0 4 6 1 0 0 0 4 5 0 0 0 0 0 0 0 18],False,"tf.Tensor(
[[ 0.821429    0.7573984  -0.22478288  0.18364997 -0.0498465  22.558277
  22.138485   23.29296    22.03234    22.863117   22.278025   22.74746
  21.805872   21.800402   22.528898   22.876339   22.401407   21.8867    ]], shape=(1, 18), dtype=float32)"
1708,[7 3 2 4 0 0 0 0 0 4 6 1 0 0 0 4 5 0 0 0 0 0 0 0 18],"tf.Tensor([0.3330953  1.2654573  0.124744   0.18493481 0.6529515  4.        ], shape=(6,), dtype=float32)",-10.0,[8 1 0 0 0 0 0 4 6 3 1 2 0 0 0 4 0 0 0 0 0 0 0 0 18],False,"tf.Tensor(
[[ 0.3330953   1.2654573   0.124744    0.18493481  0.6529515  27.929916
  27.408247   27.877123   27.259249   28.399765   27.114136   27.998123
  27.576157   27.28825    28.203325   28.214348   27.648228   27.110128  ]], shape=(1, 18), dtype=float32)"
1709,[8 1 0 0 0 0 0 4 6 3 1 2 0 0 0 4 0 0 0 0 0 0 0 0 18],"tf.Tensor([ 0.8314419   0.64726526 -0.14459842  0.78983885 -0.03965446 10.        ], shape=(6,), dtype=float32)",0.0,[8 2 0 0 0 0 0 3 4 1 6 3 0 0 0 4 0 0 0 0 0 0 0 0 18],False,"tf.Tensor(
[[ 0.8314419   0.64726526 -0.14459842  0.78983885 -0.03965446 24.22856
  24.105354   25.020195   22.499973   24.036016   24.048893   24.55262
  24.104055   23.812637   24.286451   25.164604   24.22107    23.573257  ]], shape=(1, 18), dtype=float32)"
1710,[8 2 0 0 0 0 0 3 4 1 6 3 0 0 0 4 0 0 0 0 0 0 0 0 18],"tf.Tensor([1.153394   1.4052464  0.21892041 0.87810487 0.20193389 2.        ], shape=(6,), dtype=float32)",0.2,[8 3 3 4 0 0 0 0 0 4 5 6 0 0 0 4 0 0 0 0 0 0 0 0 18],False,"tf.Tensor(
[[ 1.153394    1.4052464   0.21892041  0.87810487  0.20193389 25.379879
  24.560534   26.14193    23.989388   24.713545   24.96407    25.822628
  24.77809    24.4838     24.999556   25.900064   25.805489   24.30519   ]], shape=(1, 18), dtype=float32)"
1711,[8 3 3 4 0 0 0 0 0 4 5 6 0 0 0 4 0 0 0 0 0 0 0 0 18],"tf.Tensor([ 0.5038692   1.7421088   0.75872344  0.64770395  0.79360163 10.        ], shape=(6,), dtype=float32)",0.0,[9 1 0 0 0 0 0 2 6 4 5 5 0 0 0 4 0 0 0 0 0 0 0 0 18],False,"tf.Tensor(
[[ 0.5038692   1.7421088   0.75872344  0.64770395  0.79360163 29.01037
  28.833765   29.300184   27.804253   28.977009   28.532547   29.338535
  29.444653   29.09927    29.25793    29.934855   29.141596   27.961287  ]], shape=(1, 18), dtype=float32)"
1712,[9 1 0 0 0 0 0 2 6 4 5 5 0 0 0 4 0 0 0 0 0 0 0 0 18],"tf.Tensor([ 0.9376985   1.5619184   0.11760563  1.1012549   0.45140305 10.        ], shape=(6,), dtype=float32)",0.30000000000000004,[9 2 2 6 3 0 0 0 0 1 0 3 0 0 0 4 0 0 0 0 0 0 0 0 18],False,"tf.Tensor(
[[ 0.9376985   1.5619184   0.11760563  1.1012549   0.45140305 27.321312
  27.0609     27.831182   25.006483   26.173744   26.918882   27.552715
  27.65427    27.430094   27.005602   28.561169   27.406096   26.207926  ]], shape=(1, 18), dtype=float32)"
1713,[9 2 2 6 3 0 0 0 0 1 0 3 0 0 0 4 0 0 0 0 0 0 0 0 18],"tf.Tensor([ 0.2951063   0.37374145 -0.3336807   0.16786058 -0.27868757  4.        ], shape=(6,), dtype=float32)",0.0,[9 3 2 6 3 0 0 0 0 5 0 2 0 0 0 4 0 0 0 0 0 0 0 0 18],False,"tf.Tensor(
[[ 0.2951063   0.37374145 -0.3336807   0.16786058 -0.27868757 26.558935
  26.272131   27.120253   26.386232   27.94565    26.631033   26.884247
  25.276192   25.75935    26.890543   27.144989   25.292082   26.731766  ]], shape=(1, 18), dtype=float32)"
1714,[9 3 2 6 3 0 0 0 0 5 0 2 0 0 0 4 0 0 0 0 0 0 0 0 18],[1 0 0 1 1 7],0.0,[10 1 0 0 0 0 0 2 6 2 3 2 0 0 0 4 0 0 0 0 0 0 0 0 18],False,"tf.Tensor(
[[ 1.8821634e-02  3.6738601e-01 -2.4415812e-01  5.2775413e-02
   1.6128516e-01  2.9740877e+01  2.9713440e+01  2.9588692e+01
   2.9136370e+01  3.0748013e+01  2.9244396e+01  2.9785118e+01
   2.9036398e+01  2.8985476e+01  3.0223993e+01  3.0455303e+01
   2.8461550e+01  2.9423851e+01]], shape=(1, 18), dtype=float32)"
1715,[10 1 0 0 0 0 0 2 6 2 3 2 0 0 0 4 0 0 0 0 0 0 0 0 18],"tf.Tensor([ 0.6733384   0.5156619  -0.56914073  0.5589265  -0.15722439 10.        ], shape=(6,), dtype=float32)",0.0,[10 2 0 0 0 0 0 5 3 4 2 4 0 0 0 4 0 0 0 0 0 0 0 0 18],False,"tf.Tensor(
[[ 0.6733384   0.5156619  -0.56914073  0.5589265  -0.15722439 24.527958
  24.282938   25.274204   23.046017   24.462624   24.327202   25.223278
  23.875086   23.77222    24.374672   25.444357   24.121994   24.108059  ]], shape=(1, 18), dtype=float32)"
1716,[10 2 0 0 0 0 0 5 3 4 2 4 0 0 0 4 0 0 0 0 0 0 0 0 18],"tf.Tensor([ 0.5273992   0.6663303   0.30098277  0.7243293  -0.1362271   2.        ], shape=(6,), dtype=float32)",0.0,[10 3 0 0 0 0 0 4 6 1 3 5 0 0 0 4 0 0 0 0 0 0 0 0 18],False,"tf.Tensor(
[[ 0.5273992   0.6663303   0.30098277  0.7243293  -0.1362271  25.994246
  25.767677   26.521574   23.972712   25.320133   25.58999    26.372952
  25.84172    25.544687   26.101654   26.502125   26.041182   25.10098   ]], shape=(1, 18), dtype=float32)"
1717,[10 3 0 0 0 0 0 4 6 1 3 5 0 0 0 4 0 0 0 0 0 0 0 0 18],"tf.Tensor([ 0.6471095   0.7907378   0.01460701  0.722321    0.2094467  10.        ], shape=(6,), dtype=float32)",0.0,[11 1 0 0 0 0 0 6 1 6 5 1 0 0 0 4 0 0 0 0 0 0 0 0 18],False,"tf.Tensor(
[[6.4710951e-01 7.9073781e-01 1.4607012e-02 7.2232097e-01 2.0944670e-01
  2.6937654e+01 2.7008169e+01 2.7473988e+01 2.4961035e+01 2.6201969e+01
  2.6728027e+01 2.6891962e+01 2.7074480e+01 2.6814476e+01 2.6900414e+01
  2.7735413e+01 2.6717144e+01 2.6064028e+01]], shape=(1, 18), dtype=float32)"
1718,[11 1 0 0 0 0 0 6 1 6 5 1 0 0 0 4 0 0 0 0 0 0 0 0 18],"tf.Tensor([ 0.33373618  0.5382388   0.22836453  0.74520034 -0.26176628  6.        ], shape=(6,), dtype=float32)",0.0,[11 2 0 0 0 0 0 1 1 1 2 6 0 0 0 4 0 0 0 0 0 0 0 0 18],False,"tf.Tensor(
[[ 0.33373618  0.5382388   0.22836453  0.74520034 -0.26176628 27.573593
  26.8005     27.850567   25.203007   26.648405   26.666914   28.371788
  26.974583   26.454996   27.726892   27.640978   27.86239    26.5643    ]], shape=(1, 18), dtype=float32)"
1719,[11 2 0 0 0 0 0 1 1 1 2 6 0 0 0 4 0 0 0 0 0 0 0 0 18],"tf.Tensor([ 0.5913893   0.62538606  0.29786164  0.4258775  -0.5121076   2.        ], shape=(6,), dtype=float32)",0.0,[11 3 0 0 0 0 0 1 3 5 1 1 0 0 0 4 0 0 0 0 0 0 0 0 18],False,"tf.Tensor(
[[ 0.5913893   0.62538606  0.29786164  0.4258775  -0.5121076  23.221537
  22.647532   24.155748   22.380342   23.22571    23.277597   24.100338
  22.106358   22.365084   23.068779   23.377024   22.966036   22.784748  ]], shape=(1, 18), dtype=float32)"
1720,[11 3 0 0 0 0 0 1 3 5 1 1 0 0 0 4 0 0 0 0 0 0 0 0 18],"tf.Tensor([-0.09281516 -0.36189646 -0.576729   -0.04925172 -0.6421231   6.        ], shape=(6,), dtype=float32)",0.0,[12 1 0 0 0 0 0 3 4 5 1 4 0 0 0 4 0 0 0 0 0 0 0 0 18],False,"tf.Tensor(
[[-0.09281516 -0.36189646 -0.576729   -0.04925172 -0.6421231  24.082893
  24.217905   24.556618   23.00274    24.754204   23.82054    25.12625
  23.300863   22.997158   24.457066   24.778673   23.137274   24.050108  ]], shape=(1, 18), dtype=float32)"
1721,[12 1 0 0 0 0 0 3 4 5 1 4 0 0 0 4 0 0 0 0 0 0 0 0 18],"tf.Tensor([ 0.18689191  0.19006662 -0.24215406  0.49437076 -0.3690332  10.        ], shape=(6,), dtype=float32)",0.0,[12 2 0 0 0 0 0 1 2 3 5 1 0 0 0 4 0 0 0 0 0 0 0 0 18],False,"tf.Tensor(
[[ 0.18689191  0.19006662 -0.24215406  0.49437076 -0.3690332  25.745102
  25.82937    26.25723    23.679617   25.461422   25.460327   26.497465
  25.523617   25.404383   25.93472    26.587036   25.156923   25.30026   ]], shape=(1, 18), dtype=float32)"
1722,[12 2 0 0 0 0 0 1 2 3 5 1 0 0 0 4 0 0 0 0 0 0 0 0 18],"tf.Tensor([ 0.31291294  0.11424081 -0.55954     0.16022725 -0.63191175  6.        ], shape=(6,), dtype=float32)",0.0,[12 3 0 0 0 0 0 6 1 2 1 5 0 0 0 4 0 0 0 0 0 0 0 0 18],False,"tf.Tensor(
[[ 0.31291294  0.11424081 -0.55954     0.16022725 -0.63191175 24.800611
  24.162865   25.31108    23.807713   24.867802   24.342743   26.039474
  23.143955   23.109924   24.570343   25.107508   24.15772    24.508186  ]], shape=(1, 18), dtype=float32)"
1723,[12 3 0 0 0 0 0 6 1 2 1 5 0 0 0 4 0 0 0 0 0 0 0 0 18],[1 0 1 0 0 7],0.0,[13 1 0 0 0 0 0 5 6 5 3 4 0 0 0 4 0 0 0 0 0 0 0 0 18],False,"tf.Tensor(
[[ 0.2878971   0.07285826  0.4251532   0.48278993 -0.52077115 25.515425
  25.174025   26.051313   23.80999    24.95905    25.23381    25.917316
  24.77488    24.637934   25.658703   25.355877   25.316448   24.898424  ]], shape=(1, 18), dtype=float32)"
1724,[13 1 0 0 0 0 0 5 6 5 3 4 0 0 0 4 0 0 0 0 0 0 0 0 18],"tf.Tensor([ 0.13316298  0.0969054  -0.4401675   0.6715353  -0.23316428 10.        ], shape=(6,), dtype=float32)",0.0,[13 2 0 0 0 0 0 2 1 6 3 5 0 0 0 4 0 0 0 0 0 0 0 0 18],False,"tf.Tensor(
[[ 0.13316298  0.0969054  -0.4401675   0.6715353  -0.23316428 28.898722
  29.233196   29.115582   25.739635   27.758753   28.3082     29.259418
  29.217327   28.86357    29.041967   29.921032   28.211176   28.056168  ]], shape=(1, 18), dtype=float32)"
1725,[13 2 0 0 0 0 0 2 1 6 3 5 0 0 0 4 0 0 0 0 0 0 0 0 18],"tf.Tensor([-0.01551735  0.29375333  0.04783481  0.32145065 -0.41666648  6.        ], shape=(6,), dtype=float32)",0.0,[13 3 0 0 0 0 0 4 5 6 4 4 0 0 0 4 0 0 0 0 0 0 0 0 18],False,"tf.Tensor(
[[-1.5517354e-02  2.9375333e-01  4.7834814e-02  3.2145065e-01
  -4.1666648e-01  2.6748144e+01  2.6634872e+01  2.6986076e+01
   2.4820705e+01  2.6208858e+01  2.6204962e+01  2.7651735e+01
   2.6218245e+01  2.6163378e+01  2.6826754e+01  2.7211941e+01
   2.6150698e+01  2.6102371e+01]], shape=(1, 18), dtype=float32)"
1726,[13 3 0 0 0 0 0 4 5 6 4 4 0 0 0 4 0 0 0 0 0 0 0 0 18],"tf.Tensor([ 0.0145582   0.29749018 -0.3278373   0.55336887 -0.18759295 10.        ], shape=(6,), dtype=float32)",0.0,[14 1 0 0 0 0 0 5 4 1 4 4 0 0 0 4 0 0 0 0 0 0 0 0 18],True,"tf.Tensor(
[[ 1.4558196e-02  2.9749018e-01 -3.2783729e-01  5.5336887e-01
  -1.8759295e-01  3.0066803e+01  3.0400980e+01  3.0170937e+01
   2.7160412e+01  2.9049896e+01  2.9463654e+01  3.0472050e+01
   3.0528606e+01  2.9864283e+01  3.0367119e+01  3.1241917e+01
   2.9339003e+01  2.9187790e+01]], shape=(1, 18), dtype=float32)"
1727,[1 1 0 0 0 0 0 2 5 4 4 4 0 0 0 0 0 0 0 0 0 0 0 0 0],"tf.Tensor([3.7286768 4.780664  1.5823829 2.6008348 5.170827  8.       ], shape=(6,), dtype=float32)",0.5,[1 2 2 5 4 4 4 0 0 0 0 0 0 0 0 0 0 0 0 0 0 0 0 0 0],False,"tf.Tensor(
[[ 3.7286768  4.780664   1.5823829  2.6008348  5.170827  17.717962
  14.76164   17.523573  15.779503  15.661447  17.642672  17.568657
  19.061861  19.842625  16.167303  19.535929  19.463215  17.174433 ]], shape=(1, 18), dtype=float32)"
1728,[1 2 2 5 4 4 4 0 0 0 0 0 0 0 0 0 0 0 0 0 0 0 0 0 0],"tf.Tensor([ 3.4026175  3.811789   2.0863032  3.7296994  3.955995  12.       ], shape=(6,), dtype=float32)",0.0,[1 3 2 5 4 4 4 0 0 0 0 0 0 0 0 0 0 0 0 0 0 0 0 0 0],False,"tf.Tensor(
[[ 3.4026175  3.811789   2.0863032  3.7296994  3.955995  21.37267
  17.41932   22.925018  19.913046  20.992607  22.900084  21.98947
  22.426973  21.38354   21.138689  23.607689  22.421116  24.002716 ]], shape=(1, 18), dtype=float32)"
1729,[1 3 2 5 4 4 4 0 0 0 0 0 0 0 0 0 0 0 0 0 0 0 0 0 0],"tf.Tensor([ 3.4237373  3.7768662  2.0878334  3.6901374  4.0008516 12.       ], shape=(6,), dtype=float32)",38.0,[2 1 0 0 0 0 0 2 5 4 4 4 0 0 0 0 0 0 0 0 0 0 0 0 19],False,"tf.Tensor(
[[ 3.4237373  3.7768662  2.0878334  3.6901374  4.0008516 21.983116
  18.095198  23.505754  20.56361   21.645334  23.515572  22.629099
  23.06471   21.948227  21.751911  24.271803  22.986053  24.585136 ]], shape=(1, 18), dtype=float32)"
1730,[2 1 0 0 0 0 0 2 5 4 4 4 0 0 0 0 0 0 0 0 0 0 0 0 19],"tf.Tensor([ 1.9480511  3.1128604  1.8824923  1.7176843  2.3395994 11.       ], shape=(6,), dtype=float32)",0.5,[2 2 4 5 2 3 1 0 0 0 0 0 0 0 0 0 0 0 0 0 0 0 0 0 19],False,"tf.Tensor(
[[ 1.9480511  3.1128604  1.8824923  1.7176843  2.3395994 28.029528
  27.129488  27.739647  26.955057  26.49734   27.170391  26.925638
  28.07511   28.642223  26.75337   28.353739  29.29205   25.788683 ]], shape=(1, 18), dtype=float32)"
1731,[2 2 4 5 2 3 1 0 0 0 0 0 0 0 0 0 0 0 0 0 0 0 0 0 19],"tf.Tensor([1.0436376 2.356017  2.052176  1.6295884 2.0569296 3.       ], shape=(6,), dtype=float32)",0.0,[2 3 4 5 2 3 1 0 0 0 0 0 0 0 0 0 0 0 0 0 0 0 0 0 19],False,"tf.Tensor(
[[ 1.0436376  2.356017   2.052176   1.6295884  2.0569296 30.692688
  29.358032  30.273462  31.397451  31.05538   30.813383  29.594355
  29.194147  30.615711  30.288626  30.115238  31.054155  30.172283 ]], shape=(1, 18), dtype=float32)"
1732,[2 3 4 5 2 3 1 0 0 0 0 0 0 0 0 0 0 0 0 0 0 0 0 0 19],[1 1 0 0 1 9],60.0,[3 1 0 0 0 0 0 4 5 2 3 1 0 0 0 0 0 0 0 0 0 30 0 0 19],False,"tf.Tensor(
[[ 1.0124182  2.272617   2.0519242  1.5733883  2.0887637 31.1521
  29.924347  30.829657  31.896576  31.67595   31.368912  30.182333
  29.871344  31.06425   30.896225  30.676731  31.53607   30.712694 ]], shape=(1, 18), dtype=float32)"
1733,[3 1 0 0 0 0 0 4 5 2 3 1 0 0 0 0 0 0 0 0 0 30 0 0 19],"tf.Tensor([2.2021809 3.4194028 1.3412781 1.1761048 1.6435133 2.       ], shape=(6,), dtype=float32)",0.5,[3 2 1 6 2 1 5 0 0 0 0 0 0 0 0 0 0 0 0 0 0 30 0 0 19],False,"tf.Tensor(
[[ 2.2021809  3.4194028  1.3412781  1.1761048  1.6435133 13.279696
  12.309292  13.281503  12.883383  12.170612  11.037428   9.257138
   9.278204  12.48454    8.996345  10.364517  12.249424  12.097905 ]], shape=(1, 18), dtype=float32)"
1734,[3 2 1 6 2 1 5 0 0 0 0 0 0 0 0 0 0 0 0 0 0 30 0 0 19],"tf.Tensor([2.5953062  1.88415    1.4595896  0.19288972 1.6991627  2.        ], shape=(6,), dtype=float32)",0.0,[3 3 1 6 2 1 5 0 0 0 0 0 0 0 0 0 0 0 0 0 0 30 0 0 19],False,"tf.Tensor(
[[ 2.5953062   1.88415     1.4595896   0.19288972  1.6991627  13.019016
  12.524606   14.2896595  14.188385   12.989829   11.698516   11.383139
  11.232122   14.248954   10.646156   11.403339   12.094074   13.080152  ]], shape=(1, 18), dtype=float32)"
1735,[3 3 1 6 2 1 5 0 0 0 0 0 0 0 0 0 0 0 0 0 0 30 0 0 19],[0 0 0 1 0 9],-60.0,[4 1 0 0 0 0 0 1 6 2 1 5 0 0 0 0 0 0 0 0 0 0 0 0 19],False,"tf.Tensor(
[[ 2.4339573   1.741967    1.3489319   0.15363702  1.7448329  13.361752
  12.841246   14.472104   14.467165   13.379972   11.983774   11.596342
  11.5743     14.537793   11.043892   11.790848   12.28953    13.417061  ]], shape=(1, 18), dtype=float32)"
1736,[4 1 0 0 0 0 0 1 6 2 1 5 0 0 0 0 0 0 0 0 0 0 0 0 19],"tf.Tensor([ 1.7377561  2.476387   1.2023689  1.3061448  1.5074023 10.       ], shape=(6,), dtype=float32)",0.5,[4 2 4 1 2 1 4 0 0 0 0 0 0 0 0 0 0 0 0 0 0 0 0 0 19],False,"tf.Tensor(
[[ 1.7377561  2.476387   1.2023689  1.3061448  1.5074023 25.522598
  25.21226   25.615875  24.78459   24.391424  25.205723  24.654963
  25.235147  26.106508  24.310106  26.334702  25.972376  23.762299 ]], shape=(1, 18), dtype=float32)"
1737,[4 2 4 1 2 1 4 0 0 0 0 0 0 0 0 0 0 0 0 0 0 0 0 0 19],[ 1  0  1  0  0 12],0.0,[4 3 4 1 2 1 4 0 0 0 0 0 0 0 0 0 0 0 0 0 0 0 0 0 19],False,"tf.Tensor(
[[ 1.0445865  1.9291486  1.628085   1.4199945  1.4301722 28.219082
  27.10254   27.633686  28.440264  27.656633  28.103933  27.361998
  26.28786   27.909266  27.41995   27.686728  28.280214  27.209774 ]], shape=(1, 18), dtype=float32)"
1738,[4 3 4 1 2 1 4 0 0 0 0 0 0 0 0 0 0 0 0 0 0 0 0 0 19],"tf.Tensor([0.9618565 1.8442227 1.6528499 1.3915839 1.4893715 3.       ], shape=(6,), dtype=float32)",16.0,[5 1 0 0 0 0 0 4 1 2 1 4 0 0 0 8 0 0 0 0 0 0 0 0 19],False,"tf.Tensor(
[[ 0.9618565  1.8442227  1.6528499  1.3915839  1.4893715 28.802048
  27.776987  28.175905  29.049799  28.310095  28.736279  27.915884
  27.004469  28.470093  28.100676  28.294931  28.82797   27.860403 ]], shape=(1, 18), dtype=float32)"
1739,[5 1 0 0 0 0 0 4 1 2 1 4 0 0 0 8 0 0 0 0 0 0 0 0 19],"tf.Tensor([ 1.1789871   0.811839    0.57275367  1.0341794  -0.6857927   2.        ], shape=(6,), dtype=float32)",0.2,[5 2 2 6 0 0 0 0 3 3 0 1 0 0 0 8 0 0 0 0 0 0 0 0 19],False,"tf.Tensor(
[[ 1.1789871   0.811839    0.57275367  1.0341794  -0.6857927  20.618069
  19.69113    22.77428    19.348192   21.399956   20.970526   21.748495
  20.685837   19.585878   21.403605   21.099356   21.850195   20.472172  ]], shape=(1, 18), dtype=float32)"
1740,[5 2 2 6 0 0 0 0 3 3 0 1 0 0 0 8 0 0 0 0 0 0 0 0 19],"tf.Tensor([ 0.90386844  0.5444802  -0.38985392  0.45854923 -0.17786668  4.        ], shape=(6,), dtype=float32)",0.0,[5 3 2 6 0 0 0 0 5 4 0 6 0 0 0 8 0 0 0 0 0 0 0 0 19],False,"tf.Tensor(
[[ 0.90386844  0.5444802  -0.38985392  0.45854923 -0.17786668 24.88917
  24.350004   26.051876   24.279634   26.49657    24.682066   25.338139
  24.421099   23.713326   25.421257   25.849297   24.537773   25.051186  ]], shape=(1, 18), dtype=float32)"
1741,[5 3 2 6 0 0 0 0 5 4 0 6 0 0 0 8 0 0 0 0 0 0 0 0 19],"tf.Tensor([ 0.8680695   1.1618229   0.11397937  0.92932796  0.40034866 10.        ], shape=(6,), dtype=float32)",0.0,[6 1 0 0 0 0 0 2 4 6 6 3 0 0 0 8 0 0 0 0 0 0 0 0 19],False,"tf.Tensor(
[[ 0.8680695   1.1618229   0.11397937  0.92932796  0.40034866 27.946548
  28.216896   28.983858   26.271082   28.70886    28.01467    27.639772
  29.19571    28.357086   28.668074   29.670069   27.63249    27.796112  ]], shape=(1, 18), dtype=float32)"
1742,[6 1 0 0 0 0 0 2 4 6 6 3 0 0 0 8 0 0 0 0 0 0 0 0 19],"tf.Tensor([ 1.0531169   1.285666    0.08313373  1.2908525  -0.05446218  2.        ], shape=(6,), dtype=float32)",0.30000000000000004,[6 2 5 1 5 0 0 0 0 5 0 5 0 0 0 8 0 0 0 0 0 0 0 0 19],False,"tf.Tensor(
[[ 1.0531169   1.285666    0.08313373  1.2908525  -0.05446218 25.602522
  24.643108   26.761473   23.10539    25.141336   25.128017   26.335712
  25.864492   24.940283   25.803617   26.549187   26.279245   25.062967  ]], shape=(1, 18), dtype=float32)"
1743,[6 2 5 1 5 0 0 0 0 5 0 5 0 0 0 8 0 0 0 0 0 0 0 0 19],"tf.Tensor([-0.04992582  0.7573472   0.44849887  1.3592381   0.20125856  9.        ], shape=(6,), dtype=float32)",0.0,[6 3 5 1 5 0 0 0 0 2 0 5 0 0 0 8 0 0 0 0 0 0 0 0 19],False,"tf.Tensor(
[[-0.04992582  0.7573472   0.44849887  1.3592381   0.20125856 27.4519
  27.00769    28.376024   26.077612   28.742777   28.096485   28.108213
  27.781887   27.217766   28.88424    28.583422   27.436356   28.19203   ]], shape=(1, 18), dtype=float32)"
1744,[6 3 5 1 5 0 0 0 0 2 0 5 0 0 0 8 0 0 0 0 0 0 0 0 19],"tf.Tensor(
[9.1887459e-02 6.2824404e-01 5.0171447e-01 1.3702551e+00 2.8700978e-03
 4.0000000e+00], shape=(6,), dtype=float32)",20.0,[7 1 0 0 0 0 0 5 1 6 5 3 0 0 0 8 10 0 0 0 0 0 0 0 19],False,"tf.Tensor(
[[9.1887459e-02 6.2824404e-01 5.0171447e-01 1.3702551e+00 2.8700978e-03
  2.6357450e+01 2.5692919e+01 2.7531609e+01 2.5538145e+01 2.7899090e+01
  2.7341970e+01 2.7078192e+01 2.6125151e+01 2.5713949e+01 2.7646973e+01
  2.7249510e+01 2.6269247e+01 2.7437780e+01]], shape=(1, 18), dtype=float32)"
1745,[7 1 0 0 0 0 0 5 1 6 5 3 0 0 0 8 10 0 0 0 0 0 0 0 19],"tf.Tensor([0.35484862 1.1564682  0.04966262 0.43477616 0.37859035 9.        ], shape=(6,), dtype=float32)",0.1,[7 2 5 0 0 0 0 3 0 5 6 2 0 0 0 8 10 0 0 0 0 0 0 0 19],False,"tf.Tensor(
[[ 0.35484862  1.1564682   0.04966262  0.43477616  0.37859035 26.425299
  25.567692   26.917494   24.352993   26.192444   25.436241   26.239601
  26.930037   26.07202    27.32393    26.020205   26.945621   25.292187  ]], shape=(1, 18), dtype=float32)"
1746,[7 2 5 0 0 0 0 3 0 5 6 2 0 0 0 8 10 0 0 0 0 0 0 0 19],"tf.Tensor([-0.17392899  1.1543856   0.34374264  0.45659944  0.7678008   9.        ], shape=(6,), dtype=float32)",0.0,[7 3 5 0 0 0 0 6 0 4 5 1 0 0 0 8 10 0 0 0 0 0 0 0 19],False,"tf.Tensor(
[[-0.17392899  1.1543856   0.34374264  0.45659944  0.7678008  28.045736
  27.599026   28.34075    26.636591   28.656055   27.329254   28.065441
  28.805052   27.638199   29.590391   27.998272   28.76183    27.318562  ]], shape=(1, 18), dtype=float32)"
1747,[7 3 5 0 0 0 0 6 0 4 5 1 0 0 0 8 10 0 0 0 0 0 0 0 19],"tf.Tensor([-0.33171725  1.3840898   0.417578    0.593001    1.24056     9.        ], shape=(6,), dtype=float32)",0.0,[8 1 0 0 0 0 0 2 5 6 4 1 0 0 0 8 10 0 0 0 0 0 0 0 19],False,"tf.Tensor(
[[-0.33171725  1.3840898   0.417578    0.593001    1.24056    29.246244
  28.356062   29.414783   28.033525   29.641396   28.496826   28.697195
  29.661926   28.63286    30.964195   28.135483   30.22011    28.348389  ]], shape=(1, 18), dtype=float32)"
1748,[8 1 0 0 0 0 0 2 5 6 4 1 0 0 0 8 10 0 0 0 0 0 0 0 19],"tf.Tensor([ 0.30303562  0.28075647 -0.92075455  0.14312264  0.00952376  9.        ], shape=(6,), dtype=float32)",0.0,[8 2 0 0 0 0 0 6 5 5 4 4 0 0 0 8 10 0 0 0 0 0 0 0 19],False,"tf.Tensor(
[[ 3.0303562e-01  2.8075647e-01 -9.2075455e-01  1.4312264e-01
   9.5237643e-03  2.5769260e+01  2.5358408e+01  2.6205008e+01
   2.3932552e+01  2.5987112e+01  2.5034842e+01  2.5664551e+01
   2.5879780e+01  2.5328575e+01  2.6259123e+01  2.6167690e+01
   2.5279533e+01  2.5515980e+01]], shape=(1, 18), dtype=float32)"
1749,[8 2 0 0 0 0 0 6 5 5 4 4 0 0 0 8 10 0 0 0 0 0 0 0 19],"tf.Tensor([ 0.27887833  1.4257529  -0.27232644  0.44026765  0.8481562   7.        ], shape=(6,), dtype=float32)",0.1,[8 3 5 0 0 0 0 2 0 5 6 5 0 0 0 8 10 0 0 0 0 0 0 0 19],False,"tf.Tensor(
[[ 0.27887833  1.4257529  -0.27232644  0.44026765  0.8481562  29.219687
  28.82865    29.34523    26.903553   28.702795   28.221811   28.095472
  30.261202   29.224018   30.159225   29.166428   29.296043   27.979912  ]], shape=(1, 18), dtype=float32)"
1750,[8 3 5 0 0 0 0 2 0 5 6 5 0 0 0 8 10 0 0 0 0 0 0 0 19],[ 1  0  0  0  0 10],0.0,[9 1 0 0 0 0 0 6 2 6 6 4 0 0 0 8 10 0 0 0 0 0 0 0 19],False,"tf.Tensor(
[[ 0.03120993  1.2506609   0.46613434  0.50624585  0.8055167  29.180992
  28.978138   29.582224   27.63591    29.668182   28.637987   29.23626
  30.229332   29.053387   30.537247   29.546093   29.77268    28.38574   ]], shape=(1, 18), dtype=float32)"
1751,[9 1 0 0 0 0 0 6 2 6 6 4 0 0 0 8 10 0 0 0 0 0 0 0 19],"tf.Tensor(
[ 2.6035488e-01  1.3096005e+00 -3.2170713e-03  4.2013821e-01
  7.0404387e-01  9.0000000e+00], shape=(6,), dtype=float32)",0.1,[9 2 4 0 0 0 0 2 0 2 1 2 0 0 0 8 10 0 0 0 0 0 0 0 19],False,"tf.Tensor(
[[ 2.6035488e-01  1.3096005e+00 -3.2170713e-03  4.2013821e-01
   7.0404387e-01  2.9518303e+01  2.8760796e+01  2.9473274e+01
   2.7197798e+01  2.8736374e+01  2.8231764e+01  2.8816996e+01
   3.0000896e+01  2.9152405e+01  3.0257359e+01  2.9034695e+01
   2.9745296e+01  2.8087626e+01]], shape=(1, 18), dtype=float32)"
1752,[9 2 4 0 0 0 0 2 0 2 1 2 0 0 0 8 10 0 0 0 0 0 0 0 19],"tf.Tensor([-0.24730994 -0.488016   -0.25556    -0.48247042 -0.6173023   4.        ], shape=(6,), dtype=float32)",0.0,[9 3 4 0 0 0 0 4 0 3 5 3 0 0 0 8 10 0 0 0 0 0 0 0 19],False,"tf.Tensor(
[[-0.24730994 -0.488016   -0.25556    -0.48247042 -0.6173023  22.318117
  21.946947   23.318384   22.09682    23.923733   22.127975   22.942415
  21.963697   21.560148   23.60798    22.067472   21.969624   22.794136  ]], shape=(1, 18), dtype=float32)"
1753,[9 3 4 0 0 0 0 4 0 3 5 3 0 0 0 8 10 0 0 0 0 0 0 0 19],"tf.Tensor([-0.1832831   0.4691317   0.26098672  0.0276812   0.29355955  9.        ], shape=(6,), dtype=float32)",0.0,[10 1 0 0 0 0 0 5 4 1 4 6 0 0 0 8 10 0 0 0 0 0 0 0 19],False,"tf.Tensor(
[[-1.8328311e-01  4.6913171e-01  2.6098672e-01  2.7681202e-02
   2.9355955e-01  2.7628325e+01  2.7196968e+01  2.7970144e+01
   2.6502167e+01  2.8093422e+01  2.6889713e+01  2.7480024e+01
   2.7936493e+01  2.7150984e+01  2.8873531e+01  2.7271858e+01
   2.7896025e+01  2.7187305e+01]], shape=(1, 18), dtype=float32)"
1754,[10 1 0 0 0 0 0 5 4 1 4 6 0 0 0 8 10 0 0 0 0 0 0 0 19],"tf.Tensor([ 0.4362774   0.9636854  -0.12840256 -0.05127004  0.43096197  2.        ], shape=(6,), dtype=float32)",0.1,[10 2 6 0 0 0 0 4 0 2 6 4 0 0 0 8 10 0 0 0 0 0 0 0 19],False,"tf.Tensor(
[[ 0.4362774   0.9636854  -0.12840256 -0.05127004  0.43096197 26.725372
  26.112745   27.174753   25.288912   26.303146   25.925041   25.92922
  27.02335    26.799147   27.14767    26.408213   26.53614    26.030281  ]], shape=(1, 18), dtype=float32)"
1755,[10 2 6 0 0 0 0 4 0 2 6 4 0 0 0 8 10 0 0 0 0 0 0 0 19],"tf.Tensor([-0.16291489  0.74791574  0.41078523  0.28409347  0.73012304  9.        ], shape=(6,), dtype=float32)",0.0,[10 3 6 0 0 0 0 5 0 1 5 4 0 0 0 8 10 0 0 0 0 0 0 0 19],False,"tf.Tensor(
[[-0.16291489  0.74791574  0.41078523  0.28409347  0.73012304 29.24203
  28.754799   29.401031   28.180641   29.534698   28.566502   29.036074
  29.445423   28.758518   30.405153   28.860806   29.704174   28.666388  ]], shape=(1, 18), dtype=float32)"
1756,[10 3 6 0 0 0 0 5 0 1 5 4 0 0 0 8 10 0 0 0 0 0 0 0 19],"tf.Tensor([-0.19087078  0.72988605  0.4827681   0.24413821  0.8390045   9.        ], shape=(6,), dtype=float32)",0.0,[11 1 0 0 0 0 0 3 6 2 6 4 0 0 0 8 10 0 0 0 0 0 0 0 19],False,"tf.Tensor(
[[-0.19087078  0.72988605  0.4827681   0.24413821  0.8390045  29.223711
  28.546347   29.458008   28.398037   29.587605   28.624277   28.805998
  29.324625   28.70413    30.452173   28.434065   29.728636   28.777824  ]], shape=(1, 18), dtype=float32)"
1757,[11 1 0 0 0 0 0 3 6 2 6 4 0 0 0 8 10 0 0 0 0 0 0 0 19],"tf.Tensor([ 0.25199628  0.6151395  -0.933763   -0.11204782  0.26969433  9.        ], shape=(6,), dtype=float32)",0.0,[11 2 0 0 0 0 0 4 1 4 1 4 0 0 0 8 10 0 0 0 0 0 0 0 19],False,"tf.Tensor(
[[ 0.25199628  0.6151395  -0.933763   -0.11204782  0.26969433 27.889172
  27.58902    28.193472   26.1611     27.631977   27.082573   27.4359
  28.1113     27.670868   28.296505   28.17512    27.20177    27.333923  ]], shape=(1, 18), dtype=float32)"
1758,[11 2 0 0 0 0 0 4 1 4 1 4 0 0 0 8 10 0 0 0 0 0 0 0 19],"tf.Tensor([-0.19244374 -0.19809462 -0.45428607 -0.22352543 -0.5024476   9.        ], shape=(6,), dtype=float32)",0.0,[11 3 0 0 0 0 0 1 4 6 4 1 0 0 0 8 10 0 0 0 0 0 0 0 19],False,"tf.Tensor(
[[-0.19244374 -0.19809462 -0.45428607 -0.22352543 -0.5024476  24.14648
  24.114113   25.12967    22.864313   24.99298    23.904934   24.494633
  24.376802   23.865526   25.30565    24.223263   23.728722   24.410717  ]], shape=(1, 18), dtype=float32)"
1759,[11 3 0 0 0 0 0 1 4 6 4 1 0 0 0 8 10 0 0 0 0 0 0 0 19],"tf.Tensor([-0.29222476 -0.455858   -1.1598399  -0.3240048  -0.48048496  9.        ], shape=(6,), dtype=float32)",0.0,[12 1 0 0 0 0 0 4 1 1 5 2 0 0 0 8 10 0 0 0 0 0 0 0 19],False,"tf.Tensor(
[[-0.29222476 -0.455858   -1.1598399  -0.3240048  -0.48048496 26.738716
  26.925177   27.121885   25.198915   27.421509   26.22176    27.123577
  26.661654   25.92171    27.634872   27.25418    25.634232   26.744928  ]], shape=(1, 18), dtype=float32)"
1760,[12 1 0 0 0 0 0 4 1 1 5 2 0 0 0 8 10 0 0 0 0 0 0 0 19],[ 0  1  1  0  1 11],0.30000000000000004,[12 2 5 1 5 0 0 3 0 0 6 0 0 0 0 8 10 0 0 0 0 0 0 0 19],False,"tf.Tensor(
[[ 0.26782274 -0.13364877 -0.6671103  -0.2561504  -0.287843   24.944815
  24.10365    25.728321   24.406376   25.263964   24.322659   25.161818
  23.611725   23.950941   25.084225   24.33598    24.589857   25.212032  ]], shape=(1, 18), dtype=float32)"
1761,[12 2 5 1 5 0 0 3 0 0 6 0 0 0 0 8 10 0 0 0 0 0 0 0 19],"tf.Tensor([-0.3541373  -0.4512025  -0.75244546  0.3133634  -0.09271918 12.        ], shape=(6,), dtype=float32)",0.0,[12 3 5 1 5 0 0 6 0 0 2 0 0 0 0 8 10 0 0 0 0 0 0 0 19],False,"tf.Tensor(
[[-0.3541373  -0.4512025  -0.75244546  0.3133634  -0.09271918 30.704996
  29.334934   30.898865   30.01372    31.306513   30.459362   30.488474
  28.964972   29.556242   31.364025   30.049099   29.604986   31.888237  ]], shape=(1, 18), dtype=float32)"
1762,[12 3 5 1 5 0 0 6 0 0 2 0 0 0 0 8 10 0 0 0 0 0 0 0 19],"tf.Tensor([-0.89626634 -1.1471366  -0.47043785  0.18127486 -0.37361097 12.        ], shape=(6,), dtype=float32)",-16.0,[13 1 0 0 0 0 0 5 5 1 5 5 0 0 0 8 10 0 0 0 0 0 0 0 11],False,"tf.Tensor(
[[-0.89626634 -1.1471366  -0.47043785  0.18127486 -0.37361097 29.90132
  29.032606   30.314495   28.707516   30.848345   29.844631   29.562603
  29.076778   29.395409   31.341717   29.012642   28.851902   31.44296   ]], shape=(1, 18), dtype=float32)"
1763,[13 1 0 0 0 0 0 5 5 1 5 5 0 0 0 8 10 0 0 0 0 0 0 0 11],"tf.Tensor([ 0.17603503  0.26021683 -0.6870421   0.2023395   1.6966567  12.        ], shape=(6,), dtype=float32)",0.1,[13 2 1 0 0 0 0 4 4 6 5 0 0 0 0 8 10 0 0 0 0 0 0 0 11],False,"tf.Tensor(
[[ 0.17603503  0.26021683 -0.6870421   0.2023395   1.6966567  25.895025
  25.060757   24.883322   23.87163    24.391195   24.31974    23.570658
  25.585382   25.953186   25.355328   25.005526   24.291496   26.447382  ]], shape=(1, 18), dtype=float32)"
1764,[13 2 1 0 0 0 0 4 4 6 5 0 0 0 0 8 10 0 0 0 0 0 0 0 11],"tf.Tensor([-0.13128914 -0.82052386 -1.5022483   0.06247744  0.69651115  0.        ], shape=(6,), dtype=float32)",0.0,[13 3 1 0 0 0 0 4 6 5 1 0 0 0 0 8 10 0 0 0 0 0 0 0 11],False,"tf.Tensor(
[[-0.13128914 -0.82052386 -1.5022483   0.06247744  0.69651115 26.080101
  25.523043   24.265432   23.573545   24.690866   23.946714   24.498823
  25.581276   24.920656   25.717371   25.540934   24.165638   25.99103   ]], shape=(1, 18), dtype=float32)"
1765,[13 3 1 0 0 0 0 4 6 5 1 0 0 0 0 8 10 0 0 0 0 0 0 0 11],[1 1 1 0 0 9],0.0,[14 1 0 0 0 0 0 2 5 1 2 1 0 0 0 8 10 0 0 0 0 0 0 0 11],True,"tf.Tensor(
[[-0.6773275  -1.4174881  -1.475099    0.10781118  0.2027011  24.57909
  25.129013   23.628141   21.90818    24.082846   23.285278   23.659908
  24.831184   23.78855    24.978441   24.547289   22.843592   24.942505  ]], shape=(1, 18), dtype=float32)"
1766,[1 1 0 0 0 0 0 4 4 4 3 4 0 0 0 0 0 0 0 0 0 0 0 0 0],"tf.Tensor([3.4168086 4.7961173 1.4061893 2.6973631 5.4067707 8.       ], shape=(6,), dtype=float32)",0.5,[1 2 4 4 4 3 4 0 0 0 0 0 0 0 0 0 0 0 0 0 0 0 0 0 0],False,"tf.Tensor(
[[ 3.4168086  4.7961173  1.4061893  2.6973631  5.4067707 18.396166
  15.3896885 18.043135  16.345224  15.876005  17.966635  17.602213
  19.129648  20.158957  16.690077  19.140064  19.99236   17.358025 ]], shape=(1, 18), dtype=float32)"
1767,[1 2 4 4 4 3 4 0 0 0 0 0 0 0 0 0 0 0 0 0 0 0 0 0 0],"tf.Tensor([ 3.4371667  3.9404616  2.2328131  3.811238   4.2959356 12.       ], shape=(6,), dtype=float32)",0.0,[1 3 4 4 4 3 4 0 0 0 0 0 0 0 0 0 0 0 0 0 0 0 0 0 0],False,"tf.Tensor(
[[ 3.4371667  3.9404616  2.2328131  3.811238   4.2959356 21.420101
  17.708838  22.996595  20.00586   21.106836  23.087     22.18473
  22.66634   21.71723   21.19456   23.787567  22.796808  23.986954 ]], shape=(1, 18), dtype=float32)"
1768,[1 3 4 4 4 3 4 0 0 0 0 0 0 0 0 0 0 0 0 0 0 0 0 0 0],"tf.Tensor([ 3.4537644  3.8833153  2.2367835  3.7817152  4.3513594 12.       ], shape=(6,), dtype=float32)",38.0,[2 1 0 0 0 0 0 4 4 4 3 4 0 0 0 0 0 0 0 0 0 0 0 0 19],False,"tf.Tensor(
[[ 3.4537644  3.8833153  2.2367835  3.7817152  4.3513594 22.044859
  18.386297  23.569864  20.661724  21.708435  23.697264  22.796234
  23.287851  22.278912  21.77705   24.423468  23.360209  24.590992 ]], shape=(1, 18), dtype=float32)"
1769,[2 1 0 0 0 0 0 4 4 4 3 4 0 0 0 0 0 0 0 0 0 0 0 0 19],"tf.Tensor([ 1.8456172  2.916982   2.180498   1.7256644  2.2742765 11.       ], shape=(6,), dtype=float32)",0.5,[2 2 2 4 4 2 5 0 0 0 0 0 0 0 0 0 0 0 0 0 0 0 0 0 19],False,"tf.Tensor(
[[ 1.8456172  2.916982   2.180498   1.7256644  2.2742765 28.0838
  27.266325  27.849428  26.858643  26.591015  27.192217  26.927408
  28.364084  28.751846  27.146137  28.126238  29.61937   25.744028 ]], shape=(1, 18), dtype=float32)"
1770,[2 2 2 4 4 2 5 0 0 0 0 0 0 0 0 0 0 0 0 0 0 0 0 0 19],"tf.Tensor([1.5524503 2.671232  1.7395364 2.0544026 1.9673768 0.       ], shape=(6,), dtype=float32)",0.0,[2 3 2 4 4 2 5 0 0 0 0 0 0 0 0 0 0 0 0 0 0 0 0 0 19],False,"tf.Tensor(
[[ 1.5524503  2.671232   1.7395364  2.0544026  1.9673768 32.4036
  30.362923  31.480478  32.15345   31.25368   32.167805  30.553907
  30.144688  32.386883  31.04487   31.510128  32.103634  31.452223 ]], shape=(1, 18), dtype=float32)"
1771,[2 3 2 4 4 2 5 0 0 0 0 0 0 0 0 0 0 0 0 0 0 0 0 0 19],"tf.Tensor([1.5154037 2.5721073 1.7322769 2.0135531 1.979462  0.       ], shape=(6,), dtype=float32)",0.0,[3 1 0 0 0 0 0 2 4 4 2 5 0 0 0 0 0 0 0 0 0 0 0 0 19],False,"tf.Tensor(
[[ 1.5154037  2.5721073  1.7322769  2.0135531  1.979462  32.867172
  30.948046  32.053776  32.64246   31.878954  32.748905  31.132616
  30.81322   32.860645  31.662569  32.077614  32.587917  31.986895 ]], shape=(1, 18), dtype=float32)"
1772,[3 1 0 0 0 0 0 2 4 4 2 5 0 0 0 0 0 0 0 0 0 0 0 0 19],"tf.Tensor([ 1.7050999  2.7231202  1.833304   1.5272813  1.8721933 11.       ], shape=(6,), dtype=float32)",0.5,[3 2 5 3 4 4 2 0 0 0 0 0 0 0 0 0 0 0 0 0 0 0 0 0 19],False,"tf.Tensor(
[[ 1.7050999  2.7231202  1.833304   1.5272813  1.8721933 26.870176
  26.301146  26.70507   25.785067  25.44402   26.188854  25.90087
  26.927217  27.570639  25.795223  27.26867   27.836481  24.798996 ]], shape=(1, 18), dtype=float32)"
1773,[3 2 5 3 4 4 2 0 0 0 0 0 0 0 0 0 0 0 0 0 0 0 0 0 19],"tf.Tensor([1.0421882 2.2222655 2.0860825 2.0207596 2.2511575 3.       ], shape=(6,), dtype=float32)",0.0,[3 3 5 3 4 4 2 0 0 0 0 0 0 0 0 0 0 0 0 0 0 0 0 0 19],False,"tf.Tensor(
[[ 1.0421882  2.2222655  2.0860825  2.0207596  2.2511575 32.852604
  31.198767  32.41498   33.38941   33.000076  33.3562    31.86831
  31.013397  32.730816  32.376087  32.09522   33.193554  32.63579  ]], shape=(1, 18), dtype=float32)"
1774,[3 3 5 3 4 4 2 0 0 0 0 0 0 0 0 0 0 0 0 0 0 0 0 0 19],"tf.Tensor([0.998896  2.1204457 2.0869603 1.9689674 2.2527921 5.       ], shape=(6,), dtype=float32)",0.0,[4 1 0 0 0 0 0 5 3 4 4 2 0 0 0 0 0 0 0 0 0 0 0 0 19],False,"tf.Tensor(
[[ 0.998896   2.1204457  2.0869603  1.9689674  2.2527921 33.283962
  31.754318  32.957817  33.8669    33.612167  33.91143   32.418297
  31.645145  33.17088   32.9679    32.626884  33.640694  33.13817  ]], shape=(1, 18), dtype=float32)"
1775,[4 1 0 0 0 0 0 5 3 4 4 2 0 0 0 0 0 0 0 0 0 0 0 0 19],"tf.Tensor([ 1.686571   2.5380318  1.9115671  1.6070547  1.6868006 11.       ], shape=(6,), dtype=float32)",0.5,[4 2 3 2 5 3 3 0 0 0 0 0 0 0 0 0 0 0 0 0 0 0 0 0 19],False,"tf.Tensor(
[[ 1.686571   2.5380318  1.9115671  1.6070547  1.6868006 28.457462
  27.415932  28.420498  27.157774  27.064932  27.604706  27.918308
  28.22292   28.553307  27.68025   28.318783  29.958395  26.259373 ]], shape=(1, 18), dtype=float32)"
1776,[4 2 3 2 5 3 3 0 0 0 0 0 0 0 0 0 0 0 0 0 0 0 0 0 19],"tf.Tensor([1.0278457 1.9656253 1.634569  1.9190907 1.5181934 5.       ], shape=(6,), dtype=float32)",0.0,[4 3 3 2 5 3 3 0 0 0 0 0 0 0 0 0 0 0 0 0 0 0 0 0 19],False,"tf.Tensor(
[[ 1.0278457  1.9656253  1.634569   1.9190907  1.5181934 31.391106
  29.746569  30.845861  31.501043  30.932281  31.768023  30.255161
  29.02747   31.121939  30.567896  30.668741  31.051859  31.102694 ]], shape=(1, 18), dtype=float32)"
1777,[4 3 3 2 5 3 3 0 0 0 0 0 0 0 0 0 0 0 0 0 0 0 0 0 19],"tf.Tensor([0.9845674 1.8638133 1.6354278 1.8673255 1.5198536 5.       ], shape=(6,), dtype=float32)",0.0,[5 1 0 0 0 0 0 3 2 5 3 3 0 0 0 0 0 0 0 0 0 0 0 0 19],False,"tf.Tensor(
[[ 0.9845674  1.8638133  1.6354278  1.8673255  1.5198536 31.822536
  30.302181  31.388767  31.978558  31.544401  32.323303  30.805218
  29.659294  31.562075  31.159763  31.200478  31.499083  31.605143 ]], shape=(1, 18), dtype=float32)"
1778,[5 1 0 0 0 0 0 3 2 5 3 3 0 0 0 0 0 0 0 0 0 0 0 0 19],"tf.Tensor([ 1.4743166  2.33461    1.7030693  1.4535947  1.2362134 11.       ], shape=(6,), dtype=float32)",0.5,[5 2 2 5 4 4 5 0 0 0 0 0 0 0 0 0 0 0 0 0 0 0 0 0 19],False,"tf.Tensor(
[[ 1.4743166  2.33461    1.7030693  1.4535947  1.2362134 27.479088
  26.628815  27.458118  26.173515  26.069832  26.764116  27.211897
  27.077703  27.606863  26.633358  27.625277  28.472792  25.52346  ]], shape=(1, 18), dtype=float32)"
1779,[5 2 2 5 4 4 5 0 0 0 0 0 0 0 0 0 0 0 0 0 0 0 0 0 19],"tf.Tensor([1.1890235 2.0132463 1.2792618 1.6510103 1.7244008 0.       ], shape=(6,), dtype=float32)",0.0,[5 3 2 5 4 4 5 0 0 0 0 0 0 0 0 0 0 0 0 0 0 0 0 0 19],False,"tf.Tensor(
[[ 1.1890235  2.0132463  1.2792618  1.6510103  1.7244008 34.684048
  32.86676   33.600716  34.387062  33.67575   34.414715  32.82001
  32.16249   34.551067  33.383137  33.63841   33.718426  33.980717 ]], shape=(1, 18), dtype=float32)"
1780,[5 3 2 5 4 4 5 0 0 0 0 0 0 0 0 0 0 0 0 0 0 0 0 0 19],"tf.Tensor([1.1445075 1.9125444 1.2736776 1.603467  1.7254736 0.       ], shape=(6,), dtype=float32)",0.0,[6 1 0 0 0 0 0 2 5 4 4 5 0 0 0 0 0 0 0 0 0 0 0 0 19],False,"tf.Tensor(
[[ 1.1445075  1.9125444  1.2736776  1.603467   1.7254736 35.114216
  33.433594  34.140747  34.8592    34.29833   34.975677  33.374012
  32.79461   34.974392  33.983097  34.17972   34.163803  34.47379  ]], shape=(1, 18), dtype=float32)"
1781,[6 1 0 0 0 0 0 2 5 4 4 5 0 0 0 0 0 0 0 0 0 0 0 0 19],"tf.Tensor([ 1.5468211  2.5434177  1.3777891  1.3809142  1.5295168 10.       ], shape=(6,), dtype=float32)",0.5,[6 2 4 6 6 1 5 0 0 0 0 0 0 0 0 0 0 0 0 0 0 0 0 0 19],False,"tf.Tensor(
[[ 1.5468211  2.5434177  1.3777891  1.3809142  1.5295168 28.675146
  28.169998  28.516418  27.297394  27.049824  28.020481  28.095718
  28.54381   29.188652  27.516953  29.33163   29.260965  26.61432  ]], shape=(1, 18), dtype=float32)"
1782,[6 2 4 6 6 1 5 0 0 0 0 0 0 0 0 0 0 0 0 0 0 0 0 0 19],"tf.Tensor([1.0814332 1.9940777 1.039343  1.5614834 2.087138  3.       ], shape=(6,), dtype=float32)",0.0,[6 3 4 6 6 1 5 0 0 0 0 0 0 0 0 0 0 0 0 0 0 0 0 0 19],False,"tf.Tensor(
[[ 1.0814332  1.9940777  1.039343   1.5614834  2.087138  36.970383
  35.218826  35.835114  37.009193  36.639103  36.787918  35.448513
  34.550667  36.65812   35.99303   36.332672  35.97666   36.324776 ]], shape=(1, 18), dtype=float32)"
1783,[6 3 4 6 6 1 5 0 0 0 0 0 0 0 0 0 0 0 0 0 0 0 0 0 19],"tf.Tensor([1.0587994 1.909419  1.0580754 1.5458562 2.1085432 3.       ], shape=(6,), dtype=float32)",8.0,[7 1 0 0 0 0 0 4 6 6 1 5 0 0 0 4 0 0 0 0 0 0 0 0 19],False,"tf.Tensor(
[[ 1.0587994  1.909419   1.0580754  1.5458562  2.1085432 37.39772
  35.774544  36.401455  37.465492  37.26632   37.36979   36.02827
  35.21139   37.053703  36.606113  36.92956   36.42257   36.86414  ]], shape=(1, 18), dtype=float32)"
1784,[7 1 0 0 0 0 0 4 6 6 1 5 0 0 0 4 0 0 0 0 0 0 0 0 19],"tf.Tensor([ 1.0128706  1.4524797  0.5886172  1.2834306  0.5520136 10.       ], shape=(6,), dtype=float32)",0.30000000000000004,[7 2 4 1 2 0 0 0 0 3 0 5 0 0 0 4 0 0 0 0 0 0 0 0 19],False,"tf.Tensor(
[[ 1.0128706  1.4524797  0.5886172  1.2834306  0.5520136 27.479485
  27.445372  28.029936  24.982302  26.557629  27.13881   27.375813
  28.357111  27.970205  27.500357  28.720476  27.85604   26.267786 ]], shape=(1, 18), dtype=float32)"
1785,[7 2 4 1 2 0 0 0 0 3 0 5 0 0 0 4 0 0 0 0 0 0 0 0 19],"tf.Tensor([0.5182438  1.0598663  0.8641944  0.9445203  0.26972908 2.        ], shape=(6,), dtype=float32)",0.0,[7 3 4 1 2 0 0 0 0 1 0 2 0 0 0 4 0 0 0 0 0 0 0 0 19],False,"tf.Tensor(
[[ 0.5182438   1.0598663   0.8641944   0.9445203   0.26972908 25.409462
  25.121336   26.160263   24.922546   26.127798   25.806047   25.984392
  24.919312   25.161396   25.78617    26.133354   25.485312   25.196814  ]], shape=(1, 18), dtype=float32)"
1786,[7 3 4 1 2 0 0 0 0 1 0 2 0 0 0 4 0 0 0 0 0 0 0 0 19],"tf.Tensor([ 0.3895756   0.48183936  0.5237628   0.6162346  -0.01174136  4.        ], shape=(6,), dtype=float32)",0.0,[8 1 0 0 0 0 0 4 1 2 2 5 0 0 0 4 0 0 0 0 0 0 0 0 19],False,"tf.Tensor(
[[ 3.8957560e-01  4.8183936e-01  5.2376282e-01  6.1623460e-01
  -1.1741355e-02  2.4122505e+01  2.3656698e+01  2.4955658e+01
   2.4462555e+01  2.5573000e+01  2.4637573e+01  2.4948845e+01
   2.2803385e+01  2.3000767e+01  2.4573364e+01  2.4482100e+01
   2.4001249e+01  2.4382689e+01]], shape=(1, 18), dtype=float32)"
1787,[8 1 0 0 0 0 0 4 1 2 2 5 0 0 0 4 0 0 0 0 0 0 0 0 19],"tf.Tensor([ 1.1839873   1.1215465   0.8780365   0.87607104 -0.3967747   2.        ], shape=(6,), dtype=float32)",0.2,[8 2 5 2 0 0 0 0 0 3 1 6 0 0 0 4 0 0 0 0 0 0 0 0 19],False,"tf.Tensor(
[[ 1.1839873   1.1215465   0.8780365   0.87607104 -0.3967747  24.060488
  23.207928   25.194899   22.798939   23.666145   23.912848   24.718653
  23.415382   23.22066    23.961359   24.239174   24.67562    22.944492  ]], shape=(1, 18), dtype=float32)"
1788,[8 2 5 2 0 0 0 0 0 3 1 6 0 0 0 4 0 0 0 0 0 0 0 0 19],"tf.Tensor([ 0.416492    1.1710638   0.9879447   0.62552875  0.48899633 10.        ], shape=(6,), dtype=float32)",0.1,[8 3 5 2 3 0 0 0 0 0 4 6 0 0 0 4 0 0 0 0 0 0 0 0 19],False,"tf.Tensor(
[[ 0.416492    1.1710638   0.9879447   0.62552875  0.48899633 26.367498
  26.395275   26.97393    25.907047   27.076448   26.44845    27.02412
  26.383226   26.236385   26.85732    27.181774   26.632196   25.722132  ]], shape=(1, 18), dtype=float32)"
1789,[8 3 5 2 3 0 0 0 0 0 4 6 0 0 0 4 0 0 0 0 0 0 0 0 19],"tf.Tensor([ 0.6660675   1.6582294   0.93555427  1.2948949   0.84032506 10.        ], shape=(6,), dtype=float32)",0.0,[9 1 0 0 0 0 0 5 2 2 5 5 0 0 0 4 0 0 0 0 0 0 0 0 19],False,"tf.Tensor(
[[ 0.6660675   1.6582294   0.93555427  1.2948949   0.84032506 29.11844
  28.419983   29.688786   28.620344   29.381124   29.552383   29.38169
  28.365273   28.794472   29.184559   29.701588   29.281227   28.879738  ]], shape=(1, 18), dtype=float32)"
1790,[9 1 0 0 0 0 0 5 2 2 5 5 0 0 0 4 0 0 0 0 0 0 0 0 19],"tf.Tensor([ 1.1947598   1.3430527   0.84632826  1.0055919  -0.02674456  2.        ], shape=(6,), dtype=float32)",0.30000000000000004,[9 2 1 5 6 0 0 0 0 3 0 4 0 0 0 4 0 0 0 0 0 0 0 0 19],False,"tf.Tensor(
[[ 1.1947598e+00  1.3430527e+00  8.4632826e-01  1.0055919e+00
  -2.6744559e-02  2.6879543e+01  2.5974503e+01  2.7740774e+01
   2.5085936e+01  2.5955305e+01  2.6381039e+01  2.7406408e+01
   2.6504833e+01  2.6083620e+01  2.6704216e+01  2.7062033e+01
   2.7639675e+01  2.5431049e+01]], shape=(1, 18), dtype=float32)"
1791,[9 2 1 5 6 0 0 0 0 3 0 4 0 0 0 4 0 0 0 0 0 0 0 0 19],"tf.Tensor([ 0.29384756  0.6658967  -0.2330623   0.78828806 -0.23315413 10.        ], shape=(6,), dtype=float32)",0.0,[9 3 1 5 6 0 0 0 0 2 0 3 0 0 0 4 0 0 0 0 0 0 0 0 19],False,"tf.Tensor(
[[ 0.29384756  0.6658967  -0.2330623   0.78828806 -0.23315413 29.72594
  29.19975    30.129953   28.79286    30.47333    30.003054   29.732628
  28.431843   29.31289    29.946745   30.483974   28.205376   30.03442   ]], shape=(1, 18), dtype=float32)"
1792,[9 3 1 5 6 0 0 0 0 2 0 3 0 0 0 4 0 0 0 0 0 0 0 0 19],"tf.Tensor([ 0.19632053  0.40675765 -0.31327954  0.6539399  -0.33021003  4.        ], shape=(6,), dtype=float32)",10.0,[10 1 0 0 0 0 0 1 5 5 6 4 0 0 0 4 5 0 0 0 0 0 0 0 19],False,"tf.Tensor(
[[ 0.19632053  0.40675765 -0.31327954  0.6539399  -0.33021003 29.492561
  28.948526   29.907896   28.91947    30.551435   29.871164   29.557758
  27.942896   28.730175   29.792522   30.11595    27.861444   30.032185  ]], shape=(1, 18), dtype=float32)"
1793,[10 1 0 0 0 0 0 1 5 5 6 4 0 0 0 4 5 0 0 0 0 0 0 0 19],"tf.Tensor([ 0.6735035   1.3421968  -0.23759547  0.5778752   0.36641484 10.        ], shape=(6,), dtype=float32)",0.1,[10 2 6 0 0 0 0 1 0 2 1 6 0 0 0 4 5 0 0 0 0 0 0 0 19],False,"tf.Tensor(
[[ 0.6735035   1.3421968  -0.23759547  0.5778752   0.36641484 28.629097
  28.321215   28.70811    26.625376   27.673517   27.885685   28.711689
  28.549105   28.459244   28.295876   29.510937   28.199564   27.368666  ]], shape=(1, 18), dtype=float32)"
1794,[10 2 6 0 0 0 0 1 0 2 1 6 0 0 0 4 5 0 0 0 0 0 0 0 19],"tf.Tensor([0.03081334 0.6080051  0.91453624 0.40681916 0.3501932  9.        ], shape=(6,), dtype=float32)",0.1,[10 3 6 2 0 0 0 3 0 0 5 2 0 0 0 4 5 0 0 0 0 0 0 0 19],False,"tf.Tensor(
[[ 0.03081334  0.6080051   0.91453624  0.40681916  0.3501932  26.302736
  26.510817   26.67245    25.941359   26.98115    26.521635   26.82443
  26.116518   26.072617   26.987194   26.669827   26.313232   25.786676  ]], shape=(1, 18), dtype=float32)"
1795,[10 3 6 2 0 0 0 3 0 0 5 2 0 0 0 4 5 0 0 0 0 0 0 0 19],"tf.Tensor([-0.01624072  0.7457922   0.6336371   0.2619254   0.82260746  9.        ], shape=(6,), dtype=float32)",0.0,[11 1 0 0 0 0 0 3 6 1 2 3 0 0 0 4 5 0 0 0 0 0 0 0 19],False,"tf.Tensor(
[[-1.6240716e-02  7.4579221e-01  6.3363707e-01  2.6192540e-01
   8.2260746e-01  2.9431171e+01  2.9110468e+01  2.9493765e+01
   2.9262957e+01  3.0110868e+01  2.9103548e+01  2.9624439e+01
   2.8849506e+01  2.8634621e+01  3.0119768e+01  2.9215296e+01
   2.9685846e+01  2.8862762e+01]], shape=(1, 18), dtype=float32)"
1796,[11 1 0 0 0 0 0 3 6 1 2 3 0 0 0 4 5 0 0 0 0 0 0 0 19],"tf.Tensor([ 0.38429534  0.05836423 -0.6569909   0.21641415 -0.17480667 10.        ], shape=(6,), dtype=float32)",0.0,[11 2 0 0 0 0 0 5 6 2 1 2 0 0 0 4 5 0 0 0 0 0 0 0 19],False,"tf.Tensor(
[[ 0.38429534  0.05836423 -0.6569909   0.21641415 -0.17480667 25.514925
  25.724957   26.027523   23.969088   25.473227   25.301859   25.657562
  25.06727    25.155634   25.570612   26.059591   24.662497   25.01925   ]], shape=(1, 18), dtype=float32)"
1797,[11 2 0 0 0 0 0 5 6 2 1 2 0 0 0 4 5 0 0 0 0 0 0 0 19],"tf.Tensor([ 0.15143335 -0.36382872 -0.64512086  0.3414374  -0.13780232 10.        ], shape=(6,), dtype=float32)",0.0,[11 3 0 0 0 0 0 2 6 5 2 5 0 0 0 4 5 0 0 0 0 0 0 0 19],False,"tf.Tensor(
[[ 0.15143335 -0.36382872 -0.64512086  0.3414374  -0.13780232 26.469927
  26.920773   26.860725   24.505997   26.415352   26.300688   26.491285
  26.492079   26.078226   26.857513   27.12806    25.588654   26.23089   ]], shape=(1, 18), dtype=float32)"
1798,[11 3 0 0 0 0 0 2 6 5 2 5 0 0 0 4 5 0 0 0 0 0 0 0 19],"tf.Tensor([ 0.12690425  0.46995598 -0.27648094  0.2630344   0.1356589  10.        ], shape=(6,), dtype=float32)",0.0,[12 1 0 0 0 0 0 3 2 5 3 1 0 0 0 4 5 0 0 0 0 0 0 0 19],False,"tf.Tensor(
[[ 0.12690425  0.46995598 -0.27648094  0.2630344   0.1356589  28.814816
  29.529337   28.95416    26.812643   28.470287   28.5338     28.692842
  29.526657   29.108046   29.226248   29.982113   27.92011    27.961836  ]], shape=(1, 18), dtype=float32)"
1799,[12 1 0 0 0 0 0 3 2 5 3 1 0 0 0 4 5 0 0 0 0 0 0 0 19],"tf.Tensor(
[ 4.8498034e-02 -5.7133839e-02 -5.0340462e-01  3.9997697e-03
 -5.9143573e-01  6.0000000e+00], shape=(6,), dtype=float32)",0.0,[12 2 0 0 0 0 0 4 4 1 6 1 0 0 0 4 5 0 0 0 0 0 0 0 19],False,"tf.Tensor(
[[ 4.8498034e-02 -5.7133839e-02 -5.0340462e-01  3.9997697e-03
  -5.9143573e-01  2.5758154e+01  2.5689875e+01  2.6180767e+01
   2.4421930e+01  2.5940138e+01  2.5297340e+01  2.6674404e+01
   2.4815315e+01  2.4768566e+01  2.6011417e+01  2.6097080e+01
   2.5094790e+01  2.5284126e+01]], shape=(1, 18), dtype=float32)"
1800,[12 2 0 0 0 0 0 4 4 1 6 1 0 0 0 4 5 0 0 0 0 0 0 0 19],"tf.Tensor([ 0.30203736 -0.03834741 -0.5980778   0.040775   -0.29466766  6.        ], shape=(6,), dtype=float32)",0.0,[12 3 0 0 0 0 0 6 5 3 6 5 0 0 0 4 5 0 0 0 0 0 0 0 19],False,"tf.Tensor(
[[ 0.30203736 -0.03834741 -0.5980778   0.040775   -0.29466766 27.331558
  27.03334    27.554495   25.900463   26.795385   26.628826   27.622082
  26.112595   26.281715   27.063463   27.253475   26.635483   26.65158   ]], shape=(1, 18), dtype=float32)"
1801,[12 3 0 0 0 0 0 6 5 3 6 5 0 0 0 4 5 0 0 0 0 0 0 0 19],"tf.Tensor([0.30553532 0.89436275 0.05604622 0.48483318 0.5551209  7.        ], shape=(6,), dtype=float32)",0.0,[13 1 0 0 0 0 0 4 2 6 1 6 0 0 0 4 5 0 0 0 0 0 0 0 19],False,"tf.Tensor(
[[ 0.30553532  0.89436275  0.05604622  0.48483318  0.5551209  31.917429
  32.012714   31.739735   29.299593   30.441944   31.074389   31.390886
  32.375866   31.9675     31.990004   32.243652   31.613575   30.384428  ]], shape=(1, 18), dtype=float32)"
1802,[13 1 0 0 0 0 0 4 2 6 1 6 0 0 0 4 5 0 0 0 0 0 0 0 19],"tf.Tensor([-0.01825643  0.29733175  0.09754786  0.20552105 -0.37703258 10.        ], shape=(6,), dtype=float32)",0.0,[13 2 0 0 0 0 0 6 1 2 1 3 0 0 0 4 5 0 0 0 0 0 0 0 19],False,"tf.Tensor(
[[-1.8256426e-02  2.9733175e-01  9.7547859e-02  2.0552105e-01
  -3.7703258e-01  2.7683849e+01  2.7913744e+01  2.7841082e+01
   2.5463989e+01  2.7047451e+01  2.7119925e+01  2.7930593e+01
   2.7706472e+01  2.7743214e+01  2.8046368e+01  2.8059851e+01
   2.6962492e+01  2.6679876e+01]], shape=(1, 18), dtype=float32)"
1803,[13 2 0 0 0 0 0 6 1 2 1 3 0 0 0 4 5 0 0 0 0 0 0 0 19],"tf.Tensor([ 0.02647495 -0.36291212 -0.01987138  0.21464187 -0.43965954  2.        ], shape=(6,), dtype=float32)",0.0,[13 3 0 0 0 0 0 5 1 1 4 3 0 0 0 4 5 0 0 0 0 0 0 0 19],False,"tf.Tensor(
[[ 2.6474953e-02 -3.6291212e-01 -1.9871384e-02  2.1464187e-01
  -4.3965954e-01  2.5524752e+01  2.5267073e+01  2.6056698e+01
   2.4143576e+01  2.5396942e+01  2.5304703e+01  2.5954239e+01
   2.4584135e+01  2.4777784e+01  2.5739977e+01  2.5192732e+01
   2.4968262e+01  2.5522364e+01]], shape=(1, 18), dtype=float32)"
1804,[13 3 0 0 0 0 0 5 1 1 4 3 0 0 0 4 5 0 0 0 0 0 0 0 19],"tf.Tensor([ 0.21473932 -0.10065143 -0.00490525  0.03572494 -0.31426674  2.        ], shape=(6,), dtype=float32)",0.0,[14 1 0 0 0 0 0 3 3 6 4 6 0 0 0 4 5 0 0 0 0 0 0 0 19],True,"tf.Tensor(
[[ 2.1473932e-01 -1.0065143e-01 -4.9052536e-03  3.5724938e-02
  -3.1426674e-01  2.7166170e+01  2.6695337e+01  2.7330917e+01
   2.6126312e+01  2.6612936e+01  2.6562489e+01  2.7284832e+01
   2.5663019e+01  2.6099281e+01  2.6914959e+01  2.6573301e+01
   2.6528793e+01  2.6662853e+01]], shape=(1, 18), dtype=float32)"
1805,[1 1 0 0 0 0 0 1 6 1 1 1 0 0 0 0 0 0 0 0 0 0 0 0 0],[ 1  0  0  0  0 11],0.1,[1 2 1 0 0 0 0 0 1 6 5 6 0 0 0 0 0 0 0 0 0 0 0 0 0],False,"tf.Tensor(
[[ 2.6832197  2.7717385  0.8158716  2.528273   3.3991168 11.982693
  10.393255  12.091789  10.951438  11.110043  12.525207  11.684772
  12.589256  13.287218  10.952392  13.358076  13.189075  12.348051 ]], shape=(1, 18), dtype=float32)"
1806,[1 2 1 0 0 0 0 0 1 6 5 6 0 0 0 0 0 0 0 0 0 0 0 0 0],"tf.Tensor([3.8802288 5.269954  1.9482032 1.9799739 4.87383   8.       ], shape=(6,), dtype=float32)",0.4,[1 3 1 1 6 5 6 0 0 0 0 0 0 0 0 0 0 0 0 0 0 0 0 0 0],False,"tf.Tensor(
[[ 3.8802288  5.269954   1.9482032  1.9799739  4.87383   16.733963
  13.923245  16.823774  14.727595  14.932066  16.651106  17.41886
  19.010956  20.136576  15.139124  19.343887  18.36909   16.422043 ]], shape=(1, 18), dtype=float32)"
1807,[1 3 1 1 6 5 6 0 0 0 0 0 0 0 0 0 0 0 0 0 0 0 0 0 0],"tf.Tensor([ 3.4429252  4.232016   2.4182     4.3689284  4.2129307 12.       ], shape=(6,), dtype=float32)",38.0,[2 1 0 0 0 0 0 1 6 1 1 1 0 0 0 0 0 0 0 0 0 0 0 0 19],False,"tf.Tensor(
[[ 3.4429252  4.232016   2.4182     4.3689284  4.2129307 22.455938
  18.467695  24.314392  20.894108  21.79591   24.689045  23.165705
  23.542156  22.750174  22.234255  24.922651  23.779856  25.566877 ]], shape=(1, 18), dtype=float32)"
1808,[2 1 0 0 0 0 0 1 6 1 1 1 0 0 0 0 0 0 0 0 0 0 0 0 19],"tf.Tensor([ 2.0402575  2.5297709  0.9848504  1.5021925  1.5169197 11.       ], shape=(6,), dtype=float32)",0.5,[2 2 2 3 3 3 4 0 0 0 0 0 0 0 0 0 0 0 0 0 0 0 0 0 19],False,"tf.Tensor(
[[ 2.0402575  2.5297709  0.9848504  1.5021925  1.5169197 23.935375
  23.065842  24.241135  23.573618  23.123201  23.63775   23.258123
  22.999249  23.898222  22.643476  24.483126  24.745634  22.445477 ]], shape=(1, 18), dtype=float32)"
1809,[2 2 2 3 3 3 4 0 0 0 0 0 0 0 0 0 0 0 0 0 0 0 0 0 19],"tf.Tensor([1.4233803 2.495522  1.8609663 2.0006905 1.7645713 0.       ], shape=(6,), dtype=float32)",0.0,[2 3 2 3 3 3 4 0 0 0 0 0 0 0 0 0 0 0 0 0 0 0 0 0 19],False,"tf.Tensor(
[[ 1.4233803  2.495522   1.8609663  2.0006905  1.7645713 30.577707
  28.771544  29.877352  30.400341  29.538023  30.479595  28.97749
  28.4816    30.535633  29.39945   29.737232  30.479275  29.783789 ]], shape=(1, 18), dtype=float32)"
1810,[2 3 2 3 3 3 4 0 0 0 0 0 0 0 0 0 0 0 0 0 0 0 0 0 19],"tf.Tensor([1.3863301 2.396397  1.8537003 1.9598398 1.7766542 5.       ], shape=(6,), dtype=float32)",0.0,[3 1 0 0 0 0 0 2 3 3 3 4 0 0 0 0 0 0 0 0 0 0 0 0 19],False,"tf.Tensor(
[[ 1.3863301  2.396397   1.8537003  1.9598398  1.7766542 31.041279
  29.356676  30.450651  30.889341  30.163296  31.06068   29.556194
  29.15013   31.009386  30.017149  30.304716  30.963554  30.318462 ]], shape=(1, 18), dtype=float32)"
1811,[3 1 0 0 0 0 0 2 3 3 3 4 0 0 0 0 0 0 0 0 0 0 0 0 19],"tf.Tensor([ 1.78935    2.687045   1.814948   1.4907875  1.6322662 11.       ], shape=(6,), dtype=float32)",0.5,[3 2 3 5 1 1 6 0 0 0 0 0 0 0 0 0 0 0 0 0 0 0 0 0 19],False,"tf.Tensor(
[[ 1.78935    2.687045   1.814948   1.4907875  1.6322662 26.289965
  25.44545   26.301     25.437237  24.958149  25.627987  25.582764
  25.975761  26.548307  25.218794  26.485342  27.399883  24.236183 ]], shape=(1, 18), dtype=float32)"
1812,[3 2 3 5 1 1 6 0 0 0 0 0 0 0 0 0 0 0 0 0 0 0 0 0 19],"tf.Tensor([1.405534  2.4800324 1.5509853 1.3141129 1.9209296 0.       ], shape=(6,), dtype=float32)",0.0,[3 3 3 5 1 1 6 0 0 0 0 0 0 0 0 0 0 0 0 0 0 0 0 0 19],False,"tf.Tensor(
[[ 1.405534   2.4800324  1.5509853  1.3141129  1.9209296 31.462622
  30.067087  30.36406   31.370657  30.478712  30.661448  29.747164
  29.703392  31.456867  30.266148  30.733465  31.20072   29.836672 ]], shape=(1, 18), dtype=float32)"
1813,[3 3 3 5 1 1 6 0 0 0 0 0 0 0 0 0 0 0 0 0 0 0 0 0 19],"tf.Tensor([1.3684844 2.3809066 1.5437217 1.2732624 1.9330136 8.       ], shape=(6,), dtype=float32)",0.0,[4 1 0 0 0 0 0 3 5 1 1 6 0 0 0 0 0 0 0 0 0 0 0 0 19],False,"tf.Tensor(
[[ 1.3684844  2.3809066  1.5437217  1.2732624  1.9330136 31.926199
  30.652218  30.93736   31.859663  31.103985  31.24254   30.325865
  30.371918  31.930624  30.883846  31.300951  31.685003  30.371347 ]], shape=(1, 18), dtype=float32)"
1814,[4 1 0 0 0 0 0 3 5 1 1 6 0 0 0 0 0 0 0 0 0 0 0 0 19],"tf.Tensor([ 1.7312261  2.4257355  1.5923451  1.2761722  1.526708  11.       ], shape=(6,), dtype=float32)",0.5,[4 2 5 2 5 1 5 0 0 0 0 0 0 0 0 0 0 0 0 0 0 0 0 0 19],False,"tf.Tensor(
[[ 1.7312261  2.4257355  1.5923451  1.2761722  1.526708  25.69665
  25.45241   25.900406  24.964197  24.610216  25.341478  24.710333
  25.648638  26.347504  24.77319   26.183329  26.509165  23.686705 ]], shape=(1, 18), dtype=float32)"
1815,[4 2 5 2 5 1 5 0 0 0 0 0 0 0 0 0 0 0 0 0 0 0 0 0 19],"tf.Tensor([1.1642855 2.1883998 1.6670462 1.8754455 2.0263371 3.       ], shape=(6,), dtype=float32)",0.0,[4 3 5 2 5 1 5 0 0 0 0 0 0 0 0 0 0 0 0 0 0 0 0 0 19],False,"tf.Tensor(
[[ 1.1642855  2.1883998  1.6670462  1.8754455  2.0263371 33.051907
  31.396841  32.288403  33.228058  32.58603   33.216747  31.948143
  30.902443  32.884235  32.22326   32.385708  32.98644   32.24259  ]], shape=(1, 18), dtype=float32)"
1816,[4 3 5 2 5 1 5 0 0 0 0 0 0 0 0 0 0 0 0 0 0 0 0 0 19],"tf.Tensor([1.1280919 2.1039615 1.6817137 1.8448993 2.0802991 5.       ], shape=(6,), dtype=float32)",0.0,[5 1 0 0 0 0 0 5 2 5 1 5 0 0 0 0 0 0 0 0 0 0 0 0 19],False,"tf.Tensor(
[[ 1.1280919  2.1039615  1.6817137  1.8448993  2.0802991 33.587383
  31.996252  32.859306  33.82028   33.250027  33.83767   32.528057
  31.557625  33.39112   32.850296  32.953014  33.524242  32.85053  ]], shape=(1, 18), dtype=float32)"
1817,[5 1 0 0 0 0 0 5 2 5 1 5 0 0 0 0 0 0 0 0 0 0 0 0 19],"tf.Tensor([ 1.3628163  2.267221   2.0636227  1.4699012  1.4096327 11.       ], shape=(6,), dtype=float32)",0.5,[5 2 5 5 6 6 2 0 0 0 0 0 0 0 0 0 0 0 0 0 0 0 0 0 19],False,"tf.Tensor(
[[ 1.3628163  2.267221   2.0636227  1.4699012  1.4096327 27.817274
  27.35122   27.748087  26.268684  26.355042  27.12331   27.114693
  28.12089   28.450596  27.31059   27.908129  28.971628  25.660603 ]], shape=(1, 18), dtype=float32)"
1818,[5 2 5 5 6 6 2 0 0 0 0 0 0 0 0 0 0 0 0 0 0 0 0 0 19],"tf.Tensor([ 1.2410555  2.2589874  1.9615755  2.4413304  2.7820036 12.       ], shape=(6,), dtype=float32)",0.0,[5 3 5 5 6 6 2 0 0 0 0 0 0 0 0 0 0 0 0 0 0 0 0 0 19],False,"tf.Tensor(
[[ 1.2410555  2.2589874  1.9615755  2.4413304  2.7820036 38.189785
  35.88642   37.83609   38.4044    38.243195  38.90315   37.08999
  36.16732   38.03321   37.58954   37.57272   38.008522  38.922344 ]], shape=(1, 18), dtype=float32)"
1819,[5 3 5 5 6 6 2 0 0 0 0 0 0 0 0 0 0 0 0 0 0 0 0 0 19],"tf.Tensor([1.1620708 2.080802  1.9741038 2.3905091 2.7782345 5.       ], shape=(6,), dtype=float32)",24.0,[6 1 0 0 0 0 0 5 5 6 6 2 0 0 0 0 0 12 0 0 0 0 0 0 19],False,"tf.Tensor(
[[ 1.1620708  2.080802   1.9741038  2.3905091  2.7782345 38.55594
  36.425976  38.28218   38.810413  38.808163  39.411     37.573704
  36.749252  38.362453  38.136646  38.06028   38.367897  39.386093 ]], shape=(1, 18), dtype=float32)"
1820,[6 1 0 0 0 0 0 5 5 6 6 2 0 0 0 0 0 12 0 0 0 0 0 0 19],"tf.Tensor([ 1.7241969  1.7298442  1.8406428  1.4669287  1.027987  11.       ], shape=(6,), dtype=float32)",0.5,[6 2 1 1 4 1 3 0 0 0 0 0 0 0 0 0 0 12 0 0 0 0 0 0 19],False,"tf.Tensor(
[[ 1.7241969  1.7298442  1.8406428  1.4669287  1.027987  34.11885
  33.012764  34.364815  31.214685  31.992718  33.27155   33.73341
  34.924053  34.003616  33.500492  34.172005  35.23064   31.452806 ]], shape=(1, 18), dtype=float32)"
1821,[6 2 1 1 4 1 3 0 0 0 0 0 0 0 0 0 0 12 0 0 0 0 0 0 19],"tf.Tensor([ 1.2551064   0.4975778   1.0102698   0.8267664  -0.12574485  2.        ], shape=(6,), dtype=float32)",0.0,[6 3 1 1 4 1 3 0 0 0 0 0 0 0 0 0 0 12 0 0 0 0 0 0 19],False,"tf.Tensor(
[[ 1.2551064   0.4975778   1.0102698   0.8267664  -0.12574485 28.77882
  27.361866   29.052883   27.954664   28.082602   28.737371   28.672026
  27.348318   27.203775   28.23983    28.197056   28.331194   27.725298  ]], shape=(1, 18), dtype=float32)"
1822,[6 3 1 1 4 1 3 0 0 0 0 0 0 0 0 0 0 12 0 0 0 0 0 0 19],"tf.Tensor([ 1.105765    0.39364338  1.0320644   0.7737446  -0.12433651  2.        ], shape=(6,), dtype=float32)",6.0,[7 1 0 0 0 0 0 1 1 4 1 3 0 0 3 0 0 12 0 0 0 0 0 0 19],False,"tf.Tensor(
[[ 1.105765    0.39364338  1.0320644   0.7737446  -0.12433651 29.275099
  28.059431   29.498716   28.450954   28.674335   29.297728   29.142284
  28.069231   27.697792   28.92809    28.789265   28.758106   28.270504  ]], shape=(1, 18), dtype=float32)"
1823,[7 1 0 0 0 0 0 1 1 4 1 3 0 0 3 0 0 12 0 0 0 0 0 0 19],"tf.Tensor([ 1.190846    0.66631746  0.90501857  0.3801943  -0.09038749  2.        ], shape=(6,), dtype=float32)",0.2,[7 2 2 6 0 0 0 0 6 0 4 5 0 0 3 0 0 12 0 0 0 0 0 0 19],False,"tf.Tensor(
[[ 1.190846    0.66631746  0.90501857  0.3801943  -0.09038749 25.339098
  24.861362   26.201113   23.476025   24.464798   24.7047     25.977211
  25.288319   24.806955   24.886568   25.188963   25.695646   23.864088  ]], shape=(1, 18), dtype=float32)"
1824,[7 2 2 6 0 0 0 0 6 0 4 5 0 0 3 0 0 12 0 0 0 0 0 0 19],"tf.Tensor([1.6900604 1.5400988 0.7256143 0.4392531 1.0070734 7.       ], shape=(6,), dtype=float32)",0.2,[7 3 2 6 6 5 0 0 0 0 2 0 0 0 3 0 0 12 0 0 0 0 0 0 19],False,"tf.Tensor(
[[ 1.6900604  1.5400988  0.7256143  0.4392531  1.0070734 33.05215
  32.651546  33.43275   31.430063  32.296677  32.410587  32.17759
  33.47272   33.302765  32.230614  33.359646  32.674088  31.145601 ]], shape=(1, 18), dtype=float32)"
1825,[7 3 2 6 6 5 0 0 0 0 2 0 0 0 3 0 0 12 0 0 0 0 0 0 19],"tf.Tensor([ 0.63232493  0.99357176  1.4883705   1.0077902   1.1231737  12.        ], shape=(6,), dtype=float32)",4.0,[8 1 0 0 0 0 0 2 5 6 4 5 0 0 3 0 0 12 0 0 0 0 0 0 21],False,"tf.Tensor(
[[ 0.63232493  0.99357176  1.4883705   1.0077902   1.1231737  37.387066
  35.454964   37.286568   36.557564   37.37877    37.260464   36.42848
  36.44812    36.319702   37.522408   36.660027   36.119434   38.122032  ]], shape=(1, 18), dtype=float32)"
1826,[8 1 0 0 0 0 0 2 5 6 4 5 0 0 3 0 0 12 0 0 0 0 0 0 21],[ 0  0  1  0  1 12],0.2,[8 2 3 2 0 0 0 5 2 0 4 0 0 0 3 0 0 12 0 0 0 0 0 0 21],False,"tf.Tensor(
[[ 1.5413675   1.4353875   1.1773318   0.7973422   0.40841898 33.14644
  32.45311    33.46363    30.04677    31.066807   32.014503   32.77118
  33.57427    33.446552   32.23125    33.212437   33.202564   30.658745  ]], shape=(1, 18), dtype=float32)"
1827,[8 2 3 2 0 0 0 5 2 0 4 0 0 0 3 0 0 12 0 0 0 0 0 0 21],"tf.Tensor([1.1012273  0.5110085  1.05374    0.47086382 0.08745417 2.        ], shape=(6,), dtype=float32)",0.1,[8 3 3 2 5 0 0 0 1 0 6 0 0 0 3 0 0 12 0 0 0 0 0 0 21],False,"tf.Tensor(
[[ 1.1012273   0.5110085   1.05374     0.47086382  0.08745417 31.79502
  30.853891   32.545277   29.693459   31.168291   30.936642   31.932476
  31.536871   31.006275   31.84251    31.002193   32.15833    30.08036   ]], shape=(1, 18), dtype=float32)"
1828,[8 3 3 2 5 0 0 0 1 0 6 0 0 0 3 0 0 12 0 0 0 0 0 0 21],"tf.Tensor([0.90422225 0.8737433  0.66422236 0.45663393 0.47036704 2.        ], shape=(6,), dtype=float32)",0.0,[9 1 0 0 0 0 0 3 6 3 1 2 0 0 3 0 0 12 0 0 0 0 0 0 21],False,"tf.Tensor(
[[ 0.90422225  0.8737433   0.66422236  0.45663393  0.47036704 34.154697
  32.718452   34.469864   33.55604    34.20687    33.800415   34.371418
  32.640373   32.62756    33.815773   33.47761    33.893127   33.19808   ]], shape=(1, 18), dtype=float32)"
1829,[9 1 0 0 0 0 0 3 6 3 1 2 0 0 3 0 0 12 0 0 0 0 0 0 21],"tf.Tensor([ 1.263712    0.13661933  0.35976875  0.74623847 -0.24824873  2.        ], shape=(6,), dtype=float32)",0.1,[9 2 5 0 0 0 0 0 4 3 2 3 0 0 3 0 0 12 0 0 0 0 0 0 21],False,"tf.Tensor(
[[ 1.263712    0.13661933  0.35976875  0.74623847 -0.24824873 29.83772
  29.63358    30.839819   26.889645   28.714142   29.466919   30.149944
  30.028172   29.728283   29.34607    30.205915   29.47538    28.645407  ]], shape=(1, 18), dtype=float32)"
1830,[9 2 5 0 0 0 0 0 4 3 2 3 0 0 3 0 0 12 0 0 0 0 0 0 21],"tf.Tensor([ 0.6629002   0.21754861  0.9270142  -0.02383506  0.31274304  2.        ], shape=(6,), dtype=float32)",0.1,[9 3 5 3 0 0 0 0 3 0 6 6 0 0 3 0 0 12 0 0 0 0 0 0 21],False,"tf.Tensor(
[[ 6.6290021e-01  2.1754861e-01  9.2701417e-01 -2.3835063e-02
   3.1274304e-01  3.1142330e+01  3.1484671e+01  3.1618258e+01
   2.9853167e+01  3.1127834e+01  3.0722353e+01  3.1588717e+01
   3.1462675e+01  3.0888002e+01  3.1287477e+01  3.1321095e+01
   3.1103416e+01  2.9463251e+01]], shape=(1, 18), dtype=float32)"
1831,[9 3 5 3 0 0 0 0 3 0 6 6 0 0 3 0 0 12 0 0 0 0 0 0 21],"tf.Tensor([1.137054  1.5143632 1.3985412 0.2545581 0.6650604 7.       ], shape=(6,), dtype=float32)",0.0,[10 1 0 0 0 0 0 5 6 3 2 2 0 0 3 0 0 12 0 0 0 0 0 0 21],False,"tf.Tensor(
[[ 1.137054   1.5143632  1.3985412  0.2545581  0.6650604 34.711853
  34.697853  35.386444  33.29444   34.137653  34.26336   34.724476
  35.411182  34.95452   34.69249   35.011795  34.932426  32.458096 ]], shape=(1, 18), dtype=float32)"
1832,[10 1 0 0 0 0 0 5 6 3 2 2 0 0 3 0 0 12 0 0 0 0 0 0 21],"tf.Tensor([ 1.1837592   0.16468537  0.3951937   0.9192059  -0.30202535  2.        ], shape=(6,), dtype=float32)",0.2,[10 2 5 3 0 0 0 0 3 1 0 1 0 0 3 0 0 12 0 0 0 0 0 0 21],False,"tf.Tensor(
[[ 1.1837592   0.16468537  0.3951937   0.9192059  -0.30202535 31.592678
  31.362913   32.684147   27.950455   30.150536   31.18608    31.822676
  32.140434   31.82795    31.30231    31.92004    31.318035   30.23271   ]], shape=(1, 18), dtype=float32)"
1833,[10 2 5 3 0 0 0 0 3 1 0 1 0 0 3 0 0 12 0 0 0 0 0 0 21],"tf.Tensor([ 0.39455125 -0.67643917  0.27482665 -0.69019747 -0.06775668  4.        ], shape=(6,), dtype=float32)",0.0,[10 3 5 3 0 0 0 0 3 3 0 3 0 0 3 0 0 12 0 0 0 0 0 0 21],False,"tf.Tensor(
[[ 0.39455125 -0.67643917  0.27482665 -0.69019747 -0.06775668 30.343483
  30.731491   30.732138   29.813183   31.270643   29.798645   30.92787
  29.995619   29.218973   30.695786   30.180862   29.605167   29.258362  ]], shape=(1, 18), dtype=float32)"
1834,[10 3 5 3 0 0 0 0 3 3 0 3 0 0 3 0 0 12 0 0 0 0 0 0 21],"tf.Tensor([ 0.26967928 -0.26895738  0.6809442  -0.5781319   0.2896342   1.        ], shape=(6,), dtype=float32)",0.0,[11 1 0 0 0 0 0 5 4 1 3 2 0 0 3 0 0 12 0 0 0 0 0 0 21],False,"tf.Tensor(
[[ 0.26967928 -0.26895738  0.6809442  -0.5781319   0.2896342  32.497105
  33.24514    32.676376   31.695341   33.17565    31.964657   32.76027
  32.930088   31.999025   33.02627    32.63592    31.915192   31.085228  ]], shape=(1, 18), dtype=float32)"
1835,[11 1 0 0 0 0 0 5 4 1 3 2 0 0 3 0 0 12 0 0 0 0 0 0 21],"tf.Tensor([ 1.0703142  -0.03327978  0.4221418   0.7286875  -0.69844127  2.        ], shape=(6,), dtype=float32)",0.1,[11 2 6 0 0 0 0 0 3 5 3 5 0 0 3 0 0 12 0 0 0 0 0 0 21],False,"tf.Tensor(
[[ 1.0703142  -0.03327978  0.4221418   0.7286875  -0.69844127 30.015764
  29.849102   31.524437   26.82047    28.866793   29.861582   30.808651
  30.118452   30.0085     29.816912   30.134054   29.872812   28.866915  ]], shape=(1, 18), dtype=float32)"
1836,[11 2 6 0 0 0 0 0 3 5 3 5 0 0 3 0 0 12 0 0 0 0 0 0 21],"tf.Tensor([ 0.4130157   0.5403658   1.163962   -0.09528458  0.51591194  7.        ], shape=(6,), dtype=float32)",0.1,[11 3 6 5 0 0 0 0 5 0 2 1 0 0 3 0 0 12 0 0 0 0 0 0 21],False,"tf.Tensor(
[[ 0.4130157   0.5403658   1.163962   -0.09528458  0.51591194 34.210857
  34.814877   34.34348    32.52582    33.75496    33.48805    34.46649
  34.974197   34.412      34.52434    34.48583    34.1927     32.006115  ]], shape=(1, 18), dtype=float32)"
1837,[11 3 6 5 0 0 0 0 5 0 2 1 0 0 3 0 0 12 0 0 0 0 0 0 21],"tf.Tensor([ 0.10020682 -0.7797607   0.01664628 -0.753497    0.40709373  4.        ], shape=(6,), dtype=float32)",10.0,[12 1 0 0 0 0 0 6 1 5 5 4 0 0 3 0 5 12 0 0 0 0 0 0 21],False,"tf.Tensor(
[[ 1.0020682e-01 -7.7976072e-01  1.6646281e-02 -7.5349700e-01
   4.0709373e-01  3.4719017e+01  3.5486282e+01  3.4658218e+01
   3.3932602e+01  3.5720123e+01  3.4074631e+01  3.4804314e+01
   3.4846516e+01  3.3900032e+01  3.5181168e+01  3.4835197e+01
   3.3515770e+01  3.3607704e+01]], shape=(1, 18), dtype=float32)"
1838,[12 1 0 0 0 0 0 6 1 5 5 4 0 0 3 0 5 12 0 0 0 0 0 0 21],"tf.Tensor([ 0.831535    0.81020737  1.0171399   0.5444678  -0.01959756  2.        ], shape=(6,), dtype=float32)",0.1,[12 2 4 0 0 0 0 5 2 0 3 5 0 0 3 0 5 12 0 0 0 0 0 0 21],False,"tf.Tensor(
[[ 8.3153498e-01  8.1020737e-01  1.0171399e+00  5.4446781e-01
  -1.9597560e-02  3.4039795e+01  3.3449219e+01  3.4460434e+01
   3.0720989e+01  3.2107430e+01  3.3051857e+01  3.3962433e+01
   3.4398167e+01  3.4216469e+01  3.3828701e+01  3.3343685e+01
   3.4201435e+01  3.1798923e+01]], shape=(1, 18), dtype=float32)"
1839,[12 2 4 0 0 0 0 5 2 0 3 5 0 0 3 0 5 12 0 0 0 0 0 0 21],"tf.Tensor([ 0.4543117   0.05746782  0.91821635  0.36324358 -0.1539804   7.        ], shape=(6,), dtype=float32)",0.0,[12 3 4 0 0 0 0 5 1 0 1 5 0 0 3 0 5 12 0 0 0 0 0 0 21],False,"tf.Tensor(
[[ 0.4543117   0.05746782  0.91821635  0.36324358 -0.1539804  32.731243
  32.778614   33.28556    29.985006   31.628529   32.314857   32.467045
  33.323933   33.03961    33.067383   32.096577   32.479282   30.990866  ]], shape=(1, 18), dtype=float32)"
1840,[12 3 4 0 0 0 0 5 1 0 1 5 0 0 3 0 5 12 0 0 0 0 0 0 21],"tf.Tensor([ 0.27624676 -0.29077983  1.0187773   0.2659341  -0.25763097  2.        ], shape=(6,), dtype=float32)",-6.0,[13 1 0 0 0 0 0 5 3 4 3 5 0 0 0 0 5 12 0 0 0 0 0 0 21],False,"tf.Tensor(
[[ 0.27624676 -0.29077983  1.0187773   0.2659341  -0.25763097 31.626974
  31.795591   32.242218   29.299278   31.016247   31.456068   31.445717
  32.12862    31.744444   32.16205    30.90812    31.252392   30.336416  ]], shape=(1, 18), dtype=float32)"
1841,[13 1 0 0 0 0 0 5 3 4 3 5 0 0 0 0 5 12 0 0 0 0 0 0 21],[1 0 0 1 0 5],0.2,[13 2 5 2 0 0 0 0 2 6 0 2 0 0 0 0 5 12 0 0 0 0 0 0 21],False,"tf.Tensor(
[[ 0.7625623  -0.08161104  1.0037093   0.42995942 -0.5038419  32.6643
  32.897995   33.480274   29.930092   31.414558   32.567005   33.178604
  33.26807    32.672054   32.6371     32.79813    32.44181    30.86031   ]], shape=(1, 18), dtype=float32)"
1842,[13 2 5 2 0 0 0 0 2 6 0 2 0 0 0 0 5 12 0 0 0 0 0 0 21],"tf.Tensor([-0.03178945 -0.8005061   0.55230963 -0.7512175   0.0313178   1.        ], shape=(6,), dtype=float32)",0.0,[13 3 5 2 0 0 0 0 1 5 0 2 0 0 0 0 5 12 0 0 0 0 0 0 21],False,"tf.Tensor(
[[-3.1789452e-02 -8.0050611e-01  5.5230963e-01 -7.5121748e-01
   3.1317800e-02  3.3762074e+01  3.4542946e+01  3.3407341e+01
   3.3185581e+01  3.4502201e+01  3.3118633e+01  3.3953918e+01
   3.3669540e+01  3.2765594e+01  3.4213428e+01  3.3775436e+01
   3.2666458e+01  3.2270676e+01]], shape=(1, 18), dtype=float32)"
1843,[13 3 5 2 0 0 0 0 1 5 0 2 0 0 0 0 5 12 0 0 0 0 0 0 21],"tf.Tensor([-0.20146897 -1.0050608   0.62146175 -0.90640604 -0.21380869  1.        ], shape=(6,), dtype=float32)",4.0,[14 1 0 0 0 0 0 5 3 3 2 5 0 2 0 0 5 12 0 0 0 0 0 0 21],True,"tf.Tensor(
[[-0.20146897 -1.0050608   0.62146175 -0.90640604 -0.21380869 33.039684
  34.045586   32.866665   32.674637   34.02174    32.56079    33.421604
  32.990383   31.981554   33.74431    33.031147   31.942924   31.672245  ]], shape=(1, 18), dtype=float32)"
1844,[1 1 0 0 0 0 0 3 3 2 1 6 0 0 0 0 0 0 0 0 0 0 0 0 0],"tf.Tensor([2.9529262 3.9510534 1.1606047 2.1988416 4.3215494 8.       ], shape=(6,), dtype=float32)",0.5,[1 2 3 3 2 1 6 0 0 0 0 0 0 0 0 0 0 0 0 0 0 0 0 0 0],False,"tf.Tensor(
[[ 2.9529262  3.9510534  1.1606047  2.1988416  4.3215494 14.537026
  12.075627  14.478976  12.915588  12.57953   14.381851  13.903198
  15.275339  15.962997  13.151487  15.385031  15.70231   13.924219 ]], shape=(1, 18), dtype=float32)"
1845,[1 2 3 3 2 1 6 0 0 0 0 0 0 0 0 0 0 0 0 0 0 0 0 0 0],"tf.Tensor([ 3.0401993  3.222322   1.5855784  2.891754   3.8914897 10.       ], shape=(6,), dtype=float32)",0.0,[1 3 3 3 2 1 6 0 0 0 0 0 0 0 0 0 0 0 0 0 0 0 0 0 0],False,"tf.Tensor(
[[ 3.0401993  3.222322   1.5855784  2.891754   3.8914897 17.107246
  13.924867  17.588726  15.82204   16.42594   17.843374  17.099787
  18.11642   17.38709   16.406143  18.6784    17.914623  18.6565   ]], shape=(1, 18), dtype=float32)"
1846,[1 3 3 3 2 1 6 0 0 0 0 0 0 0 0 0 0 0 0 0 0 0 0 0 0],"tf.Tensor([ 3.0879102  3.1756747  1.6059676  2.930608   3.9573555 12.       ], shape=(6,), dtype=float32)",30.0,[2 1 0 0 0 0 0 3 3 2 1 6 0 0 0 0 0 0 0 0 0 0 0 0 15],False,"tf.Tensor(
[[ 3.0879102  3.1756747  1.6059676  2.930608   3.9573555 17.721487
  14.546799  18.177542  16.462654  17.04484   18.490488  17.698946
  18.729403  17.949863  16.985052  19.300636  18.488186  19.319283 ]], shape=(1, 18), dtype=float32)"
1847,[2 1 0 0 0 0 0 3 3 2 1 6 0 0 0 0 0 0 0 0 0 0 0 0 15],"tf.Tensor([ 1.5917251  2.3654904  1.8289737  1.3194933  1.8454891 11.       ], shape=(6,), dtype=float32)",0.5,[2 2 4 5 5 5 2 0 0 0 0 0 0 0 0 0 0 0 0 0 0 0 0 0 15],False,"tf.Tensor(
[[ 1.5917251  2.3654904  1.8289737  1.3194933  1.8454891 21.830223
  21.450365  21.83095   21.008184  20.743237  21.311312  20.705004
  22.232244  22.683323  21.081816  22.000992  22.9164    19.936014 ]], shape=(1, 18), dtype=float32)"
1848,[2 2 4 5 5 5 2 0 0 0 0 0 0 0 0 0 0 0 0 0 0 0 0 0 15],"tf.Tensor([ 1.7809131  2.893979   2.1478767  2.744286   3.1764596 12.       ], shape=(6,), dtype=float32)",0.0,[2 3 4 5 5 5 2 0 0 0 0 0 0 0 0 0 0 0 0 0 0 0 0 0 15],False,"tf.Tensor(
[[ 1.7809131  2.893979   2.1478767  2.744286   3.1764596 32.711586
  30.1357    32.724697  32.71319   32.641098  33.42613   31.72851
  31.472609  32.6823    32.099697  32.517597  33.04314   33.52289  ]], shape=(1, 18), dtype=float32)"
1849,[2 3 4 5 5 5 2 0 0 0 0 0 0 0 0 0 0 0 0 0 0 0 0 0 15],"tf.Tensor([ 1.7019293  2.7157893  2.1604023  2.693466   3.172692  12.       ], shape=(6,), dtype=float32)",12.0,[3 1 0 0 0 0 0 4 5 5 5 2 0 0 0 0 0 0 0 0 0 0 0 0 21],False,"tf.Tensor(
[[ 1.7019293  2.7157893  2.1604023  2.693466   3.172692  33.077747
  30.675259  33.170784  33.1192    33.206078  33.933987  32.21222
  32.054554  33.01155   32.64681   33.00516   33.402527  33.98665  ]], shape=(1, 18), dtype=float32)"
1850,[3 1 0 0 0 0 0 4 5 5 5 2 0 0 0 0 0 0 0 0 0 0 0 0 21],[1 1 1 0 0 5],0.30000000000000004,[3 2 4 4 3 0 0 0 0 0 3 6 0 0 0 0 0 0 0 0 0 0 0 0 21],False,"tf.Tensor(
[[ 2.0472856  3.1619964  1.970223   1.9278402  2.2693942 31.532495
  30.298666  31.349821  30.13335   29.941942  30.551062  30.74597
  31.354095  31.818148  30.38298   31.661285  33.173016  29.113077 ]], shape=(1, 18), dtype=float32)"
1851,[3 2 4 4 3 0 0 0 0 0 3 6 0 0 0 0 0 0 0 0 0 0 0 0 21],"tf.Tensor([ 1.8494654  3.6546574  2.4691403  2.059778   2.1112509 11.       ], shape=(6,), dtype=float32)",0.2,[3 3 4 4 3 3 6 0 0 0 0 0 0 0 0 0 0 0 0 0 0 0 0 0 21],False,"tf.Tensor(
[[ 1.8494654  3.6546574  2.4691403  2.059778   2.1112509 32.068287
  30.749857  32.57187   32.260895  31.80447   32.50546   31.58874
  31.268152  32.82375   31.309809  32.39538   33.219326  30.709984 ]], shape=(1, 18), dtype=float32)"
1852,[3 3 4 4 3 3 6 0 0 0 0 0 0 0 0 0 0 0 0 0 0 0 0 0 21],"tf.Tensor([1.4441795 2.6111653 2.032612  1.9158514 2.2832859 3.       ], shape=(6,), dtype=float32)",16.0,[4 1 0 0 0 0 0 4 4 3 2 2 0 0 0 8 0 0 0 0 0 0 0 0 21],False,"tf.Tensor(
[[ 1.4441795  2.6111653  2.032612   1.9158514  2.2832859 36.31943
  34.52455   35.409958  36.368427  35.557384  36.194958  34.66784
  34.30558   36.341217  35.269928  35.40475   36.252834  35.177555 ]], shape=(1, 18), dtype=float32)"
1853,[4 1 0 0 0 0 0 4 4 3 2 2 0 0 0 8 0 0 0 0 0 0 0 0 21],"tf.Tensor([ 1.4071532   1.1175492   0.37485495  1.2374458  -0.3718438   2.        ], shape=(6,), dtype=float32)",0.30000000000000004,[4 2 5 4 1 0 0 0 0 2 0 2 0 0 0 8 0 0 0 0 0 0 0 0 21],False,"tf.Tensor(
[[ 1.4071532   1.1175492   0.37485495  1.2374458  -0.3718438  23.621298
  22.703684   25.586428   22.085905   24.184597   23.752825   24.394373
  23.654474   22.70598    24.22684    24.3599     24.81517    23.228373  ]], shape=(1, 18), dtype=float32)"
1854,[4 2 5 4 1 0 0 0 0 2 0 2 0 0 0 8 0 0 0 0 0 0 0 0 21],"tf.Tensor([ 0.45783132  0.8347869   0.49357143  0.7394751  -0.09606779  4.        ], shape=(6,), dtype=float32)",0.0,[4 3 5 4 1 0 0 0 0 6 0 5 0 0 0 8 0 0 0 0 0 0 0 0 21],False,"tf.Tensor(
[[ 0.45783132  0.8347869   0.49357143  0.7394751  -0.09606779 25.248808
  24.66194    26.893082   25.228197   27.8036     25.74503    26.398657
  25.078077   24.330177   26.727854   26.1116     25.759281   25.714622  ]], shape=(1, 18), dtype=float32)"
1855,[4 3 5 4 1 0 0 0 0 6 0 5 0 0 0 8 0 0 0 0 0 0 0 0 21],"tf.Tensor([0.17721947 1.314216   0.92608106 0.8799686  0.504943   4.        ], shape=(6,), dtype=float32)",10.0,[5 1 0 0 0 0 0 5 4 6 1 4 0 0 0 8 5 0 0 0 0 0 0 0 21],False,"tf.Tensor(
[[ 0.17721947  1.314216    0.92608106  0.8799686   0.504943   28.63469
  28.659914   29.7782     27.572226   30.47775    28.817175   29.360294
  30.076963   28.784754   30.42295    30.068966   29.219303   28.608381  ]], shape=(1, 18), dtype=float32)"
1856,[5 1 0 0 0 0 0 5 4 6 1 4 0 0 0 8 5 0 0 0 0 0 0 0 21],"tf.Tensor([0.9508621  1.2080934  0.4203383  1.0112829  0.18515527 2.        ], shape=(6,), dtype=float32)",0.30000000000000004,[5 2 4 5 6 0 0 0 0 3 0 2 0 0 0 8 5 0 0 0 0 0 0 0 21],False,"tf.Tensor(
[[ 0.9508621   1.2080934   0.4203383   1.0112829   0.18515527 26.296642
  25.805706   27.43297    24.002424   26.39996    25.874107   26.204906
  27.257458   26.321484   27.167007   26.90158    27.083197   25.438698  ]], shape=(1, 18), dtype=float32)"
1857,[5 2 4 5 6 0 0 0 0 3 0 2 0 0 0 8 5 0 0 0 0 0 0 0 21],"tf.Tensor([0.28406984 0.907287   0.22191992 1.172643   0.2471267  4.        ], shape=(6,), dtype=float32)",0.0,[5 3 4 5 6 0 0 0 0 5 0 4 0 0 0 8 5 0 0 0 0 0 0 0 21],False,"tf.Tensor(
[[ 0.28406984  0.907287    0.22191992  1.172643    0.2471267  31.367
  30.14657    32.025288   30.768627   33.087547   31.764565   31.270739
  30.617565   30.591228   32.489998   31.83261    30.65631    32.22094   ]], shape=(1, 18), dtype=float32)"
1858,[5 3 4 5 6 0 0 0 0 5 0 4 0 0 0 8 5 0 0 0 0 0 0 0 21],"tf.Tensor([0.26397866 1.1782181  0.43724516 1.3580894  0.5980431  4.        ], shape=(6,), dtype=float32)",0.0,[6 1 0 0 0 0 0 4 5 2 6 5 0 0 0 8 5 0 0 0 0 0 0 0 21],False,"tf.Tensor(
[[ 0.26397866  1.1782181   0.43724516  1.3580894   0.5980431  33.49748
  32.615498   34.06431    32.312244   34.94128    33.912003   33.287125
  33.625416   33.25384    34.791103   34.347538   32.92581    34.044735  ]], shape=(1, 18), dtype=float32)"
1859,[6 1 0 0 0 0 0 4 5 2 6 5 0 0 0 8 5 0 0 0 0 0 0 0 21],[0 0 1 1 1 3],0.30000000000000004,[6 2 3 1 4 0 0 1 3 0 0 0 0 0 0 8 5 0 0 0 0 0 0 0 21],False,"tf.Tensor(
[[ 1.2530957   1.8373903   0.37795416  0.8654304   0.56904685 27.541222
  26.75124    28.663258   25.836021   27.374893   27.034966   27.47524
  28.107353   27.23757    27.955683   28.004251   28.410639   26.414343  ]], shape=(1, 18), dtype=float32)"
1860,[6 2 3 1 4 0 0 1 3 0 0 0 0 0 0 8 5 0 0 0 0 0 0 0 21],[ 0  1  1  1  1 11],0.1,[6 3 3 1 4 3 0 5 0 0 0 0 0 0 0 8 5 0 0 0 0 0 0 0 21],False,"tf.Tensor(
[[ 4.9396867e-01 -2.1719426e-02 -5.9361827e-01  5.9275502e-01
  -6.3854825e-01  2.4566370e+01  2.3569658e+01  2.6203053e+01
   2.4369633e+01  2.6532192e+01  2.5229893e+01  2.5134809e+01
   2.3408266e+01  2.3567392e+01  2.5468929e+01  2.5051514e+01
   2.4010279e+01  2.5866114e+01]], shape=(1, 18), dtype=float32)"
1861,[6 3 3 1 4 3 0 5 0 0 0 0 0 0 0 8 5 0 0 0 0 0 0 0 21],"tf.Tensor([-0.02954917  0.02422562  0.6134683   0.8897169  -0.21199584 12.        ], shape=(6,), dtype=float32)",-20.0,[7 1 0 0 0 0 0 1 3 3 1 4 0 0 0 8 5 0 0 0 0 0 0 0 11],False,"tf.Tensor(
[[-2.9549167e-02  2.4225622e-02  6.1346829e-01  8.8971692e-01
  -2.1199584e-01  2.7966614e+01  2.6571825e+01  2.9063051e+01
   2.7287970e+01  2.8982086e+01  2.8310263e+01  2.7536705e+01
   2.7097101e+01  2.7503855e+01  2.9233341e+01  2.7097557e+01
   2.7951733e+01  2.9324295e+01]], shape=(1, 18), dtype=float32)"
1862,[7 1 0 0 0 0 0 1 3 3 1 4 0 0 0 8 5 0 0 0 0 0 0 0 11],"tf.Tensor([ 0.06488074  0.3288705  -0.62091815  0.151874    0.1773938   9.        ], shape=(6,), dtype=float32)",0.0,[7 2 0 0 0 0 0 5 3 2 3 3 0 0 0 8 5 0 0 0 0 0 0 0 11],False,"tf.Tensor(
[[ 0.06488074  0.3288705  -0.62091815  0.151874    0.1773938  16.373411
  16.070343   16.837858   14.895868   16.70199    15.877267   16.17125
  16.966421   16.187069   17.083033   16.678694   15.908545   16.672726  ]], shape=(1, 18), dtype=float32)"
1863,[7 2 0 0 0 0 0 5 3 2 3 3 0 0 0 8 5 0 0 0 0 0 0 0 11],"tf.Tensor([ 0.09684445  0.75996614 -0.24282137  0.32677847  0.92298657  9.        ], shape=(6,), dtype=float32)",0.1,[7 3 3 0 0 0 0 3 4 2 1 0 0 0 0 8 5 0 0 0 0 0 0 0 11],False,"tf.Tensor(
[[ 0.09684445  0.75996614 -0.24282137  0.32677847  0.92298657 19.508135
  18.687523   19.461737   18.012302   19.052637   18.595762   18.386656
  19.965347   19.175732   20.017315   19.06084    19.331888   19.73374   ]], shape=(1, 18), dtype=float32)"
1864,[7 3 3 0 0 0 0 3 4 2 1 0 0 0 0 8 5 0 0 0 0 0 0 0 11],"tf.Tensor(
[-2.3824887e-01 -7.9054141e-01 -7.2622204e-01  1.2914866e-01
  8.4751248e-03  9.0000000e+00], shape=(6,), dtype=float32)",0.0,[8 1 0 0 0 0 0 1 2 2 4 6 0 0 0 8 5 0 0 0 0 0 0 0 11],False,"tf.Tensor(
[[-2.3824887e-01 -7.9054141e-01 -7.2622204e-01  1.2914866e-01
   8.4751248e-03  1.8593237e+01  1.8560724e+01  1.8679533e+01
   1.7078993e+01  1.8972210e+01  1.7902657e+01  1.8148842e+01
   1.8912531e+01  1.7655794e+01  1.9463877e+01  1.8701323e+01
   1.7932329e+01  1.9133366e+01]], shape=(1, 18), dtype=float32)"
1865,[8 1 0 0 0 0 0 1 2 2 4 6 0 0 0 8 5 0 0 0 0 0 0 0 11],"tf.Tensor([ 0.24462415  1.0602849  -0.21413037  0.34053624  1.0612938   7.        ], shape=(6,), dtype=float32)",0.2,[8 2 1 5 0 0 0 1 0 4 1 0 0 0 0 8 5 0 0 0 0 0 0 0 11],False,"tf.Tensor(
[[ 0.24462415  1.0602849  -0.21413037  0.34053624  1.0612938  19.034575
  18.338985   19.013021   17.88715    18.764471   18.391407   18.377373
  19.357927   18.884085   19.252382   19.071362   18.692987   19.247843  ]], shape=(1, 18), dtype=float32)"
1866,[8 2 1 5 0 0 0 1 0 4 1 0 0 0 0 8 5 0 0 0 0 0 0 0 11],"tf.Tensor([-0.066783   -0.6409794  -0.88178897 -0.23160273 -0.20903718  4.        ], shape=(6,), dtype=float32)",0.0,[8 3 1 5 0 0 0 5 0 5 1 0 0 0 0 8 5 0 0 0 0 0 0 0 11],False,"tf.Tensor(
[[-0.066783   -0.6409794  -0.88178897 -0.23160273 -0.20903718 19.091421
  18.99915    19.400621   18.255222   19.964983   18.454308   19.375576
  18.832434   17.789713   19.726952   19.302713   18.278944   19.53608   ]], shape=(1, 18), dtype=float32)"
1867,[8 3 1 5 0 0 0 5 0 5 1 0 0 0 0 8 5 0 0 0 0 0 0 0 11],"tf.Tensor([-0.25837404 -0.3974038  -0.5429981   0.01812011  0.03878582  9.        ], shape=(6,), dtype=float32)",0.0,[9 1 0 0 0 0 0 5 1 3 1 5 0 0 0 8 5 0 0 0 0 0 0 0 11],False,"tf.Tensor(
[[-2.5837404e-01 -3.9740381e-01 -5.4299808e-01  1.8120110e-02
   3.8785815e-02  2.2189844e+01  2.2085299e+01  2.2195269e+01
   2.0377361e+01  2.2568058e+01  2.1112206e+01  2.1761101e+01
   2.2773207e+01  2.1263296e+01  2.3323492e+01  2.2222002e+01
   2.1694683e+01  2.2288221e+01]], shape=(1, 18), dtype=float32)"
1868,[9 1 0 0 0 0 0 5 1 3 1 5 0 0 0 8 5 0 0 0 0 0 0 0 11],"tf.Tensor([-0.07116114  0.36611643 -0.04110071  0.17754477  0.5081468   9.        ], shape=(6,), dtype=float32)",0.0,[9 2 0 0 0 0 0 3 6 1 6 1 0 0 0 8 5 0 0 0 0 0 0 0 11],False,"tf.Tensor(
[[-0.07116114  0.36611643 -0.04110071  0.17754477  0.5081468  19.060717
  18.381086   18.939518   17.512259   18.591982   18.08683    18.011251
  19.224936   18.985514   19.516567   18.390188   18.694317   19.285599  ]], shape=(1, 18), dtype=float32)"
1869,[9 2 0 0 0 0 0 3 6 1 6 1 0 0 0 8 5 0 0 0 0 0 0 0 11],[0 1 1 0 1 3],0.30000000000000004,[9 3 6 1 1 0 0 4 0 0 2 0 0 0 0 8 5 0 0 0 0 0 0 0 11],False,"tf.Tensor(
[[-0.0992953   0.1362584  -1.0923328   0.12185961  0.8256459  21.415611
  20.853683   21.024435   19.634886   20.907667   20.307995   20.323938
  21.622873   20.809593   21.623854   21.454046   20.319345   22.046432  ]], shape=(1, 18), dtype=float32)"
1870,[9 3 6 1 1 0 0 4 0 0 2 0 0 0 0 8 5 0 0 0 0 0 0 0 11],"tf.Tensor([-0.61555356 -0.8163414  -0.30532357  0.34068984  0.31645024 12.        ], shape=(6,), dtype=float32)",-6.0,[10 1 0 0 0 0 0 3 5 3 3 5 0 0 0 8 5 0 0 0 0 0 0 0 8],False,"tf.Tensor(
[[-0.61555356 -0.8163414  -0.30532357  0.34068984  0.31645024 20.77142
  19.98015    20.837193   19.733912   21.560577   20.33382    20.616884
  20.506102   19.765877   21.842564   20.218302   20.405684   22.012354  ]], shape=(1, 18), dtype=float32)"
1871,[10 1 0 0 0 0 0 3 5 3 3 5 0 0 0 8 5 0 0 0 0 0 0 0 8],"tf.Tensor([ 0.47966975  0.8027109  -0.6648996   0.6746641   1.7413995   7.        ], shape=(6,), dtype=float32)",0.1,[10 2 2 0 0 0 0 6 2 5 3 0 0 0 0 8 5 0 0 0 0 0 0 0 8],False,"tf.Tensor(
[[ 0.47966975  0.8027109  -0.6648996   0.6746641   1.7413995  21.25597
  20.498098   20.780397   19.00904    20.16453    20.14974    19.884054
  21.653614   21.037336   21.016464   21.433529   20.363657   21.629213  ]], shape=(1, 18), dtype=float32)"
1872,[10 2 2 0 0 0 0 6 2 5 3 0 0 0 0 8 5 0 0 0 0 0 0 0 8],"tf.Tensor([-0.15921073 -0.24225143 -0.5764128   0.5072643   0.78336096  9.        ], shape=(6,), dtype=float32)",0.0,[10 3 2 0 0 0 0 3 4 1 1 0 0 0 0 8 5 0 0 0 0 0 0 0 8],False,"tf.Tensor(
[[-0.15921073 -0.24225143 -0.5764128   0.5072643   0.78336096 21.792868
  21.057669   20.847342   19.365028   20.83964    20.114887   20.530731
  21.825323   20.943428   22.086475   21.213848   21.093414   21.963629  ]], shape=(1, 18), dtype=float32)"
1873,[10 3 2 0 0 0 0 3 4 1 1 0 0 0 0 8 5 0 0 0 0 0 0 0 8],"tf.Tensor([-0.5046733  -0.92543614 -0.79538894  0.23075014  0.32863986 12.        ], shape=(6,), dtype=float32)",-12.0,[11 1 0 0 0 0 0 5 1 5 1 2 0 0 0 8 5 0 0 0 0 0 0 0 2],False,"tf.Tensor(
[[-0.5046733  -0.92543614 -0.79538894  0.23075014  0.32863986 18.476156
  18.22859    17.919342   16.752676   18.240618   17.552082   17.445292
  18.359404   17.622953   18.837473   18.074047   17.11687    19.401545  ]], shape=(1, 18), dtype=float32)"
1874,[11 1 0 0 0 0 0 5 1 5 1 2 0 0 0 8 5 0 0 0 0 0 0 0 2],[1 1 1 1 1 9],0.5,[11 2 4 2 4 5 4 0 0 0 0 0 0 0 0 8 5 0 0 0 0 0 0 0 2],False,"tf.Tensor(
[[ 0.8456613   0.78881276 -0.57214713  1.1849501   1.9956286  18.801117
  16.682014   17.237114   16.369207   16.79419    16.923822   16.716562
  18.21327    18.357622   17.687773   17.715157   17.853542   18.921354  ]], shape=(1, 18), dtype=float32)"
1875,[11 2 4 2 4 5 4 0 0 0 0 0 0 0 0 8 5 0 0 0 0 0 0 0 2],"tf.Tensor([ 1.4354175   1.0265534  -0.05612752  2.2886763   2.379204   12.        ], shape=(6,), dtype=float32)",0.0,[11 3 4 2 4 5 4 0 0 0 0 0 0 0 0 8 5 0 0 0 0 0 0 0 2],False,"tf.Tensor(
[[ 1.4354175   1.0265534  -0.05612752  2.2886763   2.379204   24.442293
  20.99984    24.226137   22.791723   23.457857   24.398016   23.708298
  23.681509   22.600065   23.718283   24.971006   23.298204   26.997906  ]], shape=(1, 18), dtype=float32)"
1876,[11 3 4 2 4 5 4 0 0 0 0 0 0 0 0 8 5 0 0 0 0 0 0 0 2],"tf.Tensor(
[1.4452105e+00 1.0170763e+00 1.7772317e-03 2.3129435e+00 2.5132964e+00
 1.2000000e+01], shape=(6,), dtype=float32)",34.0,[12 1 0 0 0 0 0 4 2 4 5 4 0 0 0 8 5 0 0 0 0 0 0 0 19],False,"tf.Tensor(
[[1.4452105e+00 1.0170763e+00 1.7772317e-03 2.3129435e+00 2.5132964e+00
  2.5058548e+01 2.1581339e+01 2.4791569e+01 2.3477472e+01 2.4133646e+01
  2.5055990e+01 2.4300365e+01 2.4324255e+01 2.3149343e+01 2.4330717e+01
  2.5617708e+01 2.3888227e+01 2.7707296e+01]], shape=(1, 18), dtype=float32)"
1877,[12 1 0 0 0 0 0 4 2 4 5 4 0 0 0 8 5 0 0 0 0 0 0 0 19],"tf.Tensor([ 0.2491997   0.28265086 -0.52867174  0.21429259 -0.4663731   2.        ], shape=(6,), dtype=float32)",0.0,[12 2 0 0 0 0 0 5 2 5 5 4 0 0 0 8 5 0 0 0 0 0 0 0 19],False,"tf.Tensor(
[[ 0.2491997   0.28265086 -0.52867174  0.21429259 -0.4663731  26.915941
  26.26109    27.507685   24.918201   26.63666    26.10151    27.35434
  26.392595   25.925512   27.30765    27.032236   26.575714   26.446436  ]], shape=(1, 18), dtype=float32)"
1878,[12 2 0 0 0 0 0 5 2 5 5 4 0 0 0 8 5 0 0 0 0 0 0 0 19],"tf.Tensor([ 0.06166752  0.20584801 -0.44370994  0.224518   -0.4092852   9.        ], shape=(6,), dtype=float32)",0.0,[12 3 0 0 0 0 0 5 2 4 2 5 0 0 0 8 5 0 0 0 0 0 0 0 19],False,"tf.Tensor(
[[ 0.06166752  0.20584801 -0.44370994  0.224518   -0.4092852  28.169252
  27.755812   28.59426    25.831291   27.77123    27.29921    28.49013
  28.107035   27.249441   28.810036   28.402721   27.844797   27.585585  ]], shape=(1, 18), dtype=float32)"
1879,[12 3 0 0 0 0 0 5 2 4 2 5 0 0 0 8 5 0 0 0 0 0 0 0 19],"tf.Tensor(
[-2.0806055e-01 -2.7585420e-01 -3.8598332e-01 -3.5328269e-03
 -6.9547606e-01  9.0000000e+00], shape=(6,), dtype=float32)",0.0,[13 1 0 0 0 0 0 4 3 2 6 5 0 0 0 8 5 0 0 0 0 0 0 0 19],False,"tf.Tensor(
[[-2.0806055e-01 -2.7585420e-01 -3.8598332e-01 -3.5328269e-03
  -6.9547606e-01  2.6223837e+01  2.6226168e+01  2.7063822e+01
   2.4119436e+01  2.6455601e+01  2.5807749e+01  2.6697538e+01
   2.6532848e+01  2.5688345e+01  2.7291531e+01  2.6457340e+01
   2.5814756e+01  2.6082895e+01]], shape=(1, 18), dtype=float32)"
1880,[13 1 0 0 0 0 0 4 3 2 6 5 0 0 0 8 5 0 0 0 0 0 0 0 19],"tf.Tensor([ 0.37781876  0.6414218  -0.4742858   0.20921594  0.09065175  2.        ], shape=(6,), dtype=float32)",0.0,[13 2 0 0 0 0 0 5 2 2 6 5 0 0 0 8 5 0 0 0 0 0 0 0 19],False,"tf.Tensor(
[[ 0.37781876  0.6414218  -0.4742858   0.20921594  0.09065175 28.314367
  27.428213   28.634062   26.721048   27.739084   27.436253   28.292738
  27.490627   27.375298   28.304708   28.174793   27.906988   27.886692  ]], shape=(1, 18), dtype=float32)"
1881,[13 2 0 0 0 0 0 5 2 2 6 5 0 0 0 8 5 0 0 0 0 0 0 0 19],[0 0 1 0 1 9],0.2,[13 3 2 5 0 0 0 1 4 0 1 0 0 0 0 8 5 0 0 0 0 0 0 0 19],False,"tf.Tensor(
[[ 0.3155406   0.56204104 -0.23003206  0.16027516  0.11204839 28.88587
  27.932095   29.076044   27.381178   28.17529    27.913933   28.690805
  27.998075   27.86194    28.886902   28.46668    28.552876   28.424646  ]], shape=(1, 18), dtype=float32)"
1882,[13 3 2 5 0 0 0 1 4 0 1 0 0 0 0 8 5 0 0 0 0 0 0 0 19],"tf.Tensor([-0.14595334 -1.3370605  -1.5825462  -0.67518574 -0.7369878   4.        ], shape=(6,), dtype=float32)",0.0,[14 1 0 0 0 0 0 1 3 5 5 1 0 0 0 8 5 0 0 0 0 0 0 0 19],True,"tf.Tensor(
[[-0.14595334 -1.3370605  -1.5825462  -0.67518574 -0.7369878  26.905687
  27.013073   27.80519    26.660666   28.811811   26.802212   27.814844
  25.680052   25.284573   27.571554   27.37493    25.305218   27.799908  ]], shape=(1, 18), dtype=float32)"
1883,[1 1 0 0 0 0 0 5 4 3 1 6 0 0 0 0 0 0 0 0 0 0 0 0 0],"tf.Tensor([3.2838094 4.663651  1.1997942 2.921978  5.4454255 8.       ], shape=(6,), dtype=float32)",0.5,[1 2 5 4 3 1 6 0 0 0 0 0 0 0 0 0 0 0 0 0 0 0 0 0 0],False,"tf.Tensor(
[[ 3.2838094  4.663651   1.1997942  2.921978   5.4454255 18.476154
  15.574218  18.283695  16.421265  15.926716  18.25234   17.169722
  19.003338  20.010122  16.817812  18.891464  19.975945  17.456404 ]], shape=(1, 18), dtype=float32)"
1884,[1 2 5 4 3 1 6 0 0 0 0 0 0 0 0 0 0 0 0 0 0 0 0 0 0],"tf.Tensor([ 3.5577207  3.9537706  2.1035197  3.5665057  4.6230283 10.       ], shape=(6,), dtype=float32)",0.0,[1 3 5 4 3 1 6 0 0 0 0 0 0 0 0 0 0 0 0 0 0 0 0 0 0],False,"tf.Tensor(
[[ 3.5577207  3.9537706  2.1035197  3.5665057  4.6230283 20.994293
  17.326134  22.015718  19.584377  20.608938  22.293976  21.520555
  22.4272    21.479116  20.552229  23.337635  22.300669  23.131659 ]], shape=(1, 18), dtype=float32)"
1885,[1 3 5 4 3 1 6 0 0 0 0 0 0 0 0 0 0 0 0 0 0 0 0 0 0],[1 0 1 0 1 4],10.0,[2 1 0 0 0 0 0 5 4 3 1 6 0 0 0 0 5 0 0 0 0 0 0 0 0],False,"tf.Tensor(
[[ 3.6033287  3.9162188  2.101694   3.561523   4.6835055 21.58019
  17.943424  22.562319  20.211597  21.206459  22.892874  22.09915
  23.033028  22.038822  21.103209  23.940039  22.845005  23.721031 ]], shape=(1, 18), dtype=float32)"
1886,[2 1 0 0 0 0 0 5 4 3 1 6 0 0 0 0 5 0 0 0 0 0 0 0 0],"tf.Tensor([2.8837197  4.005029   0.89883846 2.593661   5.0387063  8.        ], shape=(6,), dtype=float32)",0.4,[2 2 3 3 2 5 0 0 0 3 0 0 0 0 0 0 5 0 0 0 0 0 0 0 0],False,"tf.Tensor(
[[ 2.8837197   4.005029    0.89883846  2.593661    5.0387063  18.227716
  15.748548   17.781197   16.227839   15.6536045  17.577635   16.309225
  18.52755    19.275827   16.578505   18.221365   19.218704   16.877316  ]], shape=(1, 18), dtype=float32)"
1887,[2 2 3 3 2 5 0 0 0 3 0 0 0 0 0 0 5 0 0 0 0 0 0 0 0],"tf.Tensor([ 2.9509363  3.0598843  1.65542    3.0756178  4.0069747 12.       ], shape=(6,), dtype=float32)",0.1,[2 3 3 3 2 5 3 0 0 0 0 0 0 0 0 0 5 0 0 0 0 0 0 0 0],False,"tf.Tensor(
[[ 2.9509363  3.0598843  1.65542    3.0756178  4.0069747 19.253326
  16.534477  20.146563  18.191694  18.412537  19.996     19.212519
  19.948837  19.091242  18.570314  20.6754    20.22454   20.998589 ]], shape=(1, 18), dtype=float32)"
1888,[2 3 3 3 2 5 3 0 0 0 0 0 0 0 0 0 5 0 0 0 0 0 0 0 0],"tf.Tensor([ 2.8866491  2.6107314  1.5664653  3.2129354  4.0560117 12.       ], shape=(6,), dtype=float32)",32.0,[3 1 0 0 0 0 0 3 3 3 2 5 0 0 0 0 5 0 0 0 0 0 0 0 16],False,"tf.Tensor(
[[ 2.8866491  2.6107314  1.5664653  3.2129354  4.0560117 19.960032
  17.679447  20.864386  18.75055   18.74189   20.889006  19.604643
  20.67811   19.606571  19.066786  21.337315  20.68431   21.9277   ]], shape=(1, 18), dtype=float32)"
1889,[3 1 0 0 0 0 0 3 3 3 2 5 0 0 0 0 5 0 0 0 0 0 0 0 16],[ 0  0  1  1  0 10],0.2,[3 2 4 2 0 0 0 1 6 0 0 5 0 0 0 0 5 0 0 0 0 0 0 0 16],False,"tf.Tensor(
[[ 1.550448   2.541183   1.6552972  1.1164695  2.0469892 24.243446
  23.549448  23.81558   23.409735  22.95026   23.419071  22.74974
  24.456196  25.04029   23.386627  24.03281   25.038334  22.10813  ]], shape=(1, 18), dtype=float32)"
1890,[3 2 4 2 0 0 0 1 6 0 0 5 0 0 0 0 5 0 0 0 0 0 0 0 16],"tf.Tensor([1.8018668 2.5400681 1.129443  1.2281324 2.6476886 8.       ], shape=(6,), dtype=float32)",0.30000000000000004,[3 3 4 2 1 6 5 0 0 0 0 0 0 0 0 0 5 0 0 0 0 0 0 0 16],False,"tf.Tensor(
[[ 1.8018668  2.5400681  1.129443   1.2281324  2.6476886 26.03071
  25.877125  26.33092   25.958755  26.113468  26.278574  24.974854
  26.833206  27.158691  25.554043  26.987494  26.837202  24.608496 ]], shape=(1, 18), dtype=float32)"
1891,[3 3 4 2 1 6 5 0 0 0 0 0 0 0 0 0 5 0 0 0 0 0 0 0 16],"tf.Tensor([1.3942455 1.9371916 1.8624239 1.8065901 2.462282  8.       ], shape=(6,), dtype=float32)",0.0,[4 1 0 0 0 0 0 1 5 4 2 5 0 0 0 0 5 0 0 0 0 0 0 0 16],False,"tf.Tensor(
[[ 1.3942455  1.9371916  1.8624239  1.8065901  2.462282  30.54055
  28.79714   29.963087  30.319206  29.691317  30.704165  28.992077
  29.302298  30.92582   29.651913  29.410769  30.58743   30.134186 ]], shape=(1, 18), dtype=float32)"
1892,[4 1 0 0 0 0 0 1 5 4 2 5 0 0 0 0 5 0 0 0 0 0 0 0 16],"tf.Tensor([1.4424387 2.4080637 1.0719959 1.031053  1.9750507 8.       ], shape=(6,), dtype=float32)",0.5,[4 2 2 6 2 4 3 0 0 0 0 0 0 0 0 0 5 0 0 0 0 0 0 0 16],False,"tf.Tensor(
[[ 1.4424387  2.4080637  1.0719959  1.031053   1.9750507 24.934216
  24.558178  24.370499  23.933487  23.552849  24.23232   23.535666
  25.1194    25.872353  23.79722   25.295948  25.178032  22.973911 ]], shape=(1, 18), dtype=float32)"
1893,[4 2 2 6 2 4 3 0 0 0 0 0 0 0 0 0 5 0 0 0 0 0 0 0 16],[1 1 1 1 1 6],0.0,[4 3 2 6 2 4 3 0 0 0 0 0 0 0 0 0 5 0 0 0 0 0 0 0 16],False,"tf.Tensor(
[[ 1.198168   1.8355653  1.2233667  1.2801783  1.9828664 30.269339
  28.594713  29.457037  30.25807   29.841856  30.004261  28.450163
  28.642447  30.380405  29.304848  29.355305  29.415293  30.012672 ]], shape=(1, 18), dtype=float32)"
1894,[4 3 2 6 2 4 3 0 0 0 0 0 0 0 0 0 5 0 0 0 0 0 0 0 16],"tf.Tensor([1.1487279 1.7142477 1.2469553 1.2370666 1.9937572 8.       ], shape=(6,), dtype=float32)",0.0,[5 1 0 0 0 0 0 2 6 2 4 3 0 0 0 0 5 0 0 0 0 0 0 0 16],False,"tf.Tensor(
[[ 1.1487279  1.7142477  1.2469553  1.2370666  1.9937572 30.675327
  29.18918   30.008204  30.705652  30.466908  30.574186  29.025467
  29.287086  30.789698  29.904398  29.921793  29.849316  30.521124 ]], shape=(1, 18), dtype=float32)"
1895,[5 1 0 0 0 0 0 2 6 2 4 3 0 0 0 0 5 0 0 0 0 0 0 0 16],[1 0 0 0 0 1],0.1,[5 2 5 0 0 0 0 0 2 4 1 5 0 0 0 0 5 0 0 0 0 0 0 0 16],False,"tf.Tensor(
[[ 1.3972418  2.308757   0.7616427  0.9821289  1.8090144 25.501919
  25.080824  24.958076  24.555256  24.08747   24.725967  24.23075
  25.331537  26.007225  24.448488  25.803658  25.800203  23.53983  ]], shape=(1, 18), dtype=float32)"
1896,[5 2 5 0 0 0 0 0 2 4 1 5 0 0 0 0 5 0 0 0 0 0 0 0 16],"tf.Tensor([1.0934001 2.0364153 1.5178665 1.1049063 2.0452013 8.       ], shape=(6,), dtype=float32)",0.4,[5 3 5 2 4 1 5 0 0 0 0 0 0 0 0 0 5 0 0 0 0 0 0 0 16],False,"tf.Tensor(
[[ 1.0934001  2.0364153  1.5178665  1.1049063  2.0452013 25.76363
  25.741497  25.95714   25.427761  25.750154  25.978117  25.74582
  26.365442  26.816334  25.601912  26.440248  26.676664  24.407488 ]], shape=(1, 18), dtype=float32)"
1897,[5 3 5 2 4 1 5 0 0 0 0 0 0 0 0 0 5 0 0 0 0 0 0 0 16],"tf.Tensor([1.0125959 1.5073014 1.1354795 1.3512925 2.0642893 5.       ], shape=(6,), dtype=float32)",0.0,[6 1 0 0 0 0 0 5 6 5 5 3 0 0 0 0 5 0 0 0 0 0 0 0 16],False,"tf.Tensor(
[[ 1.0125959  1.5073014  1.1354795  1.3512925  2.0642893 30.696413
  29.385483  29.998526  30.792648  30.475878  30.881817  29.609901
  29.158705  30.76117   30.082294  30.040474  30.26445   30.153088 ]], shape=(1, 18), dtype=float32)"
1898,[6 1 0 0 0 0 0 5 6 5 5 3 0 0 0 0 5 0 0 0 0 0 0 0 16],"tf.Tensor([ 1.6019408  2.6039088  0.8938018  1.5151234  2.5710177 11.       ], shape=(6,), dtype=float32)",0.4,[6 2 2 1 3 2 0 0 0 3 0 0 0 0 0 0 5 0 0 0 0 0 0 0 16],False,"tf.Tensor(
[[ 1.6019408  2.6039088  0.8938018  1.5151234  2.5710177 30.001266
  28.986149  29.097841  27.952728  27.91101   28.837402  28.616486
  30.381596  30.562994  28.944508  29.875801  30.765148  27.524284 ]], shape=(1, 18), dtype=float32)"
1899,[6 2 2 1 3 2 0 0 0 3 0 0 0 0 0 0 5 0 0 0 0 0 0 0 16],"tf.Tensor([0.27121097 0.81989956 0.7350067  0.79204565 0.8561534  4.        ], shape=(6,), dtype=float32)",0.0,[6 3 2 1 3 2 0 0 0 2 0 0 0 0 0 0 5 0 0 0 0 0 0 0 16],False,"tf.Tensor(
[[ 0.27121097  0.81989956  0.7350067   0.79204565  0.8561534  25.014238
  24.527386   24.467922   25.017471   25.155294   25.099941   24.310617
  23.52853    24.843449   24.767057   24.673462   24.217947   24.830408  ]], shape=(1, 18), dtype=float32)"
1900,[6 3 2 1 3 2 0 0 0 2 0 0 0 0 0 0 5 0 0 0 0 0 0 0 16],"tf.Tensor([0.24433677 0.679152   0.7443179  0.72106963 0.7047443  4.        ], shape=(6,), dtype=float32)",-10.0,[7 1 0 0 0 0 0 2 1 3 3 2 0 0 0 0 0 0 0 0 0 0 0 0 16],False,"tf.Tensor(
[[ 0.24433677  0.679152    0.7443179   0.72106963  0.7047443  24.781715
  24.417452   24.465872   24.978369   25.182608   25.103941   24.250252
  23.376135   24.545225   24.709932   24.528395   23.965649   24.754557  ]], shape=(1, 18), dtype=float32)"
1901,[7 1 0 0 0 0 0 2 1 3 3 2 0 0 0 0 0 0 0 0 0 0 0 0 16],"tf.Tensor([ 1.0535518   1.5298507   0.9542702   0.8958234   0.43936116 11.        ], shape=(6,), dtype=float32)",0.30000000000000004,[7 2 4 5 5 0 0 0 0 0 2 2 0 0 0 0 0 0 0 0 0 0 0 0 16],False,"tf.Tensor(
[[ 1.0535518   1.5298507   0.9542702   0.8958234   0.43936116 22.820435
  22.06178    22.89406    21.98586    21.732115   22.327063   22.995993
  21.677832   22.359364   21.964102   22.867548   23.113422   21.456404  ]], shape=(1, 18), dtype=float32)"
1902,[7 2 4 5 5 0 0 0 0 0 2 2 0 0 0 0 0 0 0 0 0 0 0 0 16],"tf.Tensor([0.70406383 1.6395117  0.81697434 1.0304936  1.4999969  4.        ], shape=(6,), dtype=float32)",0.2,[7 3 4 5 5 2 2 0 0 0 0 0 0 0 0 0 0 0 0 0 0 0 0 0 16],False,"tf.Tensor(
[[ 0.70406383  1.6395117   0.81697434  1.0304936   1.4999969  29.850048
  28.986376   29.617397   30.19164    30.440617   30.138805   29.61683
  28.44033    29.721483   29.582361   30.050655   29.434484   29.575003  ]], shape=(1, 18), dtype=float32)"
1903,[7 3 4 5 5 2 2 0 0 0 0 0 0 0 0 0 0 0 0 0 0 0 0 0 16],"tf.Tensor([0.52487147 1.0788337  0.7951889  0.98558724 1.5968577  4.        ], shape=(6,), dtype=float32)",20.0,[8 1 0 0 0 0 0 4 5 5 2 6 0 0 0 0 10 0 0 0 0 0 0 0 16],False,"tf.Tensor(
[[ 0.52487147  1.0788337   0.7951889   0.98558724  1.5968577  31.72071
  30.740786   31.172188   32.103676   32.334167   32.02419    31.13747
  30.075796   31.417646   31.522919   31.520746   30.844997   31.853611  ]], shape=(1, 18), dtype=float32)"
1904,[8 1 0 0 0 0 0 4 5 5 2 6 0 0 0 0 10 0 0 0 0 0 0 0 16],"tf.Tensor([1.5802126  2.2359018  0.62885886 1.0223658  2.143139   8.        ], shape=(6,), dtype=float32)",0.4,[8 2 6 1 1 4 0 0 0 5 0 0 0 0 0 0 10 0 0 0 0 0 0 0 16],False,"tf.Tensor(
[[ 1.5802126   2.2359018   0.62885886  1.0223658   2.143139   28.936659
  28.109278   27.999483   27.002638   26.919119   27.838037   27.104843
  29.295305   29.943287   27.749596   28.86432    28.79224    26.685703  ]], shape=(1, 18), dtype=float32)"
1905,[8 2 6 1 1 4 0 0 0 5 0 0 0 0 0 0 10 0 0 0 0 0 0 0 16],"tf.Tensor([0.38137323 0.8574834  0.983233   0.7040505  2.1642208  3.        ], shape=(6,), dtype=float32)",0.1,[8 3 6 1 1 4 5 0 0 0 0 0 0 0 0 0 10 0 0 0 0 0 0 0 16],False,"tf.Tensor(
[[ 0.38137323  0.8574834   0.983233    0.7040505   2.1642208  30.512945
  29.854162   29.436335   30.668047   30.581594   30.145773   29.509167
  29.418703   30.42743    30.236862   29.688396   30.177963   29.897532  ]], shape=(1, 18), dtype=float32)"
1906,[8 3 6 1 1 4 5 0 0 0 0 0 0 0 0 0 10 0 0 0 0 0 0 0 16],"tf.Tensor([0.70709676 0.70515954 0.79114115 0.7492778  1.8701701  8.        ], shape=(6,), dtype=float32)",0.0,[9 1 0 0 0 0 0 6 1 4 1 4 0 0 0 0 10 0 0 0 0 0 0 0 16],False,"tf.Tensor(
[[ 0.70709676  0.70515954  0.79114115  0.7492778   1.8701701  30.715023
  29.672232   29.838614   30.69628    30.278254   30.591696   29.338724
  29.20452    31.002901   30.064903   29.466972   29.822739   30.277163  ]], shape=(1, 18), dtype=float32)"
1907,[9 1 0 0 0 0 0 6 1 4 1 4 0 0 0 0 10 0 0 0 0 0 0 0 16],[ 0  1  0  0  0 12],0.1,[9 2 4 0 0 0 0 5 0 3 2 1 0 0 0 0 10 0 0 0 0 0 0 0 16],False,"tf.Tensor(
[[ 0.79383177  1.5319755   0.90093637  0.7243096   1.2560017  26.279898
  25.57498    25.560818   24.73287    24.744568   25.365595   24.922302
  26.057081   26.681833   25.87167    25.515509   26.139698   24.495104  ]], shape=(1, 18), dtype=float32)"
1908,[9 2 4 0 0 0 0 5 0 3 2 1 0 0 0 0 10 0 0 0 0 0 0 0 16],"tf.Tensor([0.3489793  0.9163809  0.9764146  0.55850405 1.5056133  8.        ], shape=(6,), dtype=float32)",0.2,[9 3 4 3 1 0 0 3 0 0 6 0 0 0 0 0 10 0 0 0 0 0 0 0 16],False,"tf.Tensor(
[[ 0.3489793   0.9163809   0.9764146   0.55850405  1.5056133  27.541555
  26.92118    26.64742    26.709568   26.893517   26.648653   26.476665
  26.978912   27.542322   27.527233   26.531763   27.498589   26.321669  ]], shape=(1, 18), dtype=float32)"
1909,[9 3 4 3 1 0 0 3 0 0 6 0 0 0 0 0 10 0 0 0 0 0 0 0 16],"tf.Tensor([0.26900464 0.988258   0.531538   0.0681593  1.6184492  0.        ], shape=(6,), dtype=float32)",1.0,[10 1 0 0 0 0 0 6 4 1 6 4 1 0 0 0 10 0 0 0 0 0 0 0 16],False,"tf.Tensor(
[[ 0.26900464  0.988258    0.531538    0.0681593   1.6184492  29.702126
  29.197884   28.961645   29.686039   29.574532   28.966644   28.878075
  28.823812   29.65075    29.568228   28.796661   29.474205   28.560308  ]], shape=(1, 18), dtype=float32)"
1910,[10 1 0 0 0 0 0 6 4 1 6 4 1 0 0 0 10 0 0 0 0 0 0 0 16],"tf.Tensor([0.94209665 1.8010185  0.28973603 0.80622345 1.6377761  8.        ], shape=(6,), dtype=float32)",0.30000000000000004,[10 2 3 5 3 0 0 0 0 6 1 0 1 0 0 0 10 0 0 0 0 0 0 0 16],False,"tf.Tensor(
[[ 0.94209665  1.8010185   0.28973603  0.80622345  1.6377761  29.304962
  28.506222   28.432539   27.33986    27.040451   28.19741    27.76207
  28.864662   29.426935   28.534271   28.307972   29.080858   26.894669  ]], shape=(1, 18), dtype=float32)"
1911,[10 2 3 5 3 0 0 0 0 6 1 0 1 0 0 0 10 0 0 0 0 0 0 0 16],[1 1 1 0 0 6],0.1,[10 3 3 5 3 6 0 0 0 0 6 0 1 0 0 0 10 0 0 0 0 0 0 0 16],False,"tf.Tensor(
[[ 4.3868297e-01  7.7487350e-01 -4.6634227e-03 -1.0898575e-02
   1.5713154e+00  3.2290047e+01  3.1624912e+01  3.0521860e+01
   3.2056034e+01  3.2187782e+01  3.1131592e+01  3.1073917e+01
   3.0917248e+01  3.2032356e+01  3.1626829e+01  3.1859943e+01
   3.0695425e+01  3.1190998e+01]], shape=(1, 18), dtype=float32)"
1912,[10 3 3 5 3 6 0 0 0 0 6 0 1 0 0 0 10 0 0 0 0 0 0 0 16],[1 1 0 0 1 0],-1.0,[11 1 0 0 0 0 0 3 5 6 2 3 0 0 0 0 10 0 0 0 0 0 0 0 16],False,"tf.Tensor(
[[ 0.637603    1.0360494   0.31688702  0.7986371   1.9281678  34.712112
  33.31201    34.171326   34.413635   34.315365   34.527367   33.43557
  33.152832   34.70292    34.023975   33.87241    33.54435    35.105328  ]], shape=(1, 18), dtype=float32)"
1913,[11 1 0 0 0 0 0 3 5 6 2 3 0 0 0 0 10 0 0 0 0 0 0 0 16],[0 0 0 1 0 8],0.1,[11 2 6 0 0 0 0 5 5 5 0 3 0 0 0 0 10 0 0 0 0 0 0 0 16],False,"tf.Tensor(
[[ 0.8423236   0.8941616  -0.23308216  0.5385241   1.2579751  28.59071
  28.04437    27.02072    26.490133   26.784561   27.208603   27.092993
  28.204527   28.927618   27.448336   28.447475   27.144709   26.98256   ]], shape=(1, 18), dtype=float32)"
1914,[11 2 6 0 0 0 0 5 5 5 0 3 0 0 0 0 10 0 0 0 0 0 0 0 16],"tf.Tensor([0.9797885 0.9461299 0.3561039 1.3846697 2.4521365 8.       ], shape=(6,), dtype=float32)",0.30000000000000004,[11 3 6 5 5 3 0 0 0 1 0 0 0 0 0 0 10 0 0 0 0 0 0 0 16],False,"tf.Tensor(
[[ 0.9797885  0.9461299  0.3561039  1.3846697  2.4521365 33.028587
  32.599922  32.003853  30.909567  32.114986  32.188747  31.477594
  33.24452   33.719078  32.58085   32.941692  32.567055  32.033672 ]], shape=(1, 18), dtype=float32)"
1915,[11 3 6 5 5 3 0 0 0 1 0 0 0 0 0 0 10 0 0 0 0 0 0 0 16],"tf.Tensor([0.3913952  0.17477584 0.5598863  0.57722217 1.9568323  3.        ], shape=(6,), dtype=float32)",0.0,[12 1 0 0 0 0 0 3 6 3 6 1 0 0 0 0 10 0 0 0 0 0 0 0 16],False,"tf.Tensor(
[[ 0.3913952   0.17477584  0.5598863   0.57722217  1.9568323  35.38019
  34.411762   34.535778   35.9579     35.908936   35.54453    34.614796
  33.548893   34.84124    35.053986   34.80136    33.861046   35.855854  ]], shape=(1, 18), dtype=float32)"
1916,[12 1 0 0 0 0 0 3 6 3 6 1 0 0 0 0 10 0 0 0 0 0 0 0 16],"tf.Tensor([ 0.466731    0.39928052 -0.6830746   0.2733423   1.0627363   0.        ], shape=(6,), dtype=float32)",0.1,[12 2 5 0 0 0 0 4 4 5 5 0 0 0 0 0 10 0 0 0 0 0 0 0 16],False,"tf.Tensor(
[[ 0.466731    0.39928052 -0.6830746   0.2733423   1.0627363  28.911379
  28.597319   27.152061   26.779816   26.889671   27.354918   27.573212
  28.064903   28.837572   27.721514   28.577682   27.240402   27.360804  ]], shape=(1, 18), dtype=float32)"
1917,[12 2 5 0 0 0 0 4 4 5 5 0 0 0 0 0 10 0 0 0 0 0 0 0 16],"tf.Tensor([ 0.48003644  0.6389873  -0.03783868  0.87662107  2.1724236   0.        ], shape=(6,), dtype=float32)",0.0,[12 3 5 0 0 0 0 4 5 3 4 0 0 0 0 0 10 0 0 0 0 0 0 0 16],False,"tf.Tensor(
[[ 0.48003644  0.6389873  -0.03783868  0.87662107  2.1724236  33.224216
  32.628914   31.493143   31.291653   31.99039    31.862097   31.999105
  32.731182   33.204983   32.51883    32.69225    32.456154   32.024704  ]], shape=(1, 18), dtype=float32)"
1918,[12 3 5 0 0 0 0 4 5 3 4 0 0 0 0 0 10 0 0 0 0 0 0 0 16],[ 1  0  1  1  1 10],0.0,[13 1 0 0 0 0 0 1 6 2 4 5 0 0 0 0 10 0 0 0 0 0 0 0 16],False,"tf.Tensor(
[[ 0.34397966  0.13439044 -0.25099933  0.7036348   1.8491364  32.292164
  32.167774   30.871027   30.484158   31.424477   31.229858   31.048788
  31.883677   32.262897   31.831806   31.940432   31.197498   31.41926   ]], shape=(1, 18), dtype=float32)"
1919,[13 1 0 0 0 0 0 1 6 2 4 5 0 0 0 0 10 0 0 0 0 0 0 0 16],[0 1 1 1 1 9],0.4,[13 2 6 1 5 5 0 4 0 0 0 0 0 0 0 0 10 0 0 0 0 0 0 0 16],False,"tf.Tensor(
[[ 0.49750918  0.4259312  -0.5723562   0.06736286  0.7970378  27.597961
  27.909243   26.772093   25.864151   26.206045   26.903921   26.868021
  27.135685   28.21012    26.605291   27.792587   25.916693   26.169678  ]], shape=(1, 18), dtype=float32)"
1920,[13 2 6 1 5 5 0 4 0 0 0 0 0 0 0 0 10 0 0 0 0 0 0 0 16],"tf.Tensor([-0.03690179 -0.6392354   0.44130015  1.3195916   1.343553   12.        ], shape=(6,), dtype=float32)",0.0,[13 3 6 1 5 5 0 2 0 0 0 0 0 0 0 0 10 0 0 0 0 0 0 0 16],False,"tf.Tensor(
[[-0.03690179 -0.6392354   0.44130015  1.3195916   1.343553   34.096634
  32.856964   33.387836   32.95446    33.52543    34.347496   32.847473
  32.018295   34.27704    33.72681    32.45821    32.549908   35.242683  ]], shape=(1, 18), dtype=float32)"
1921,[13 3 6 1 5 5 0 2 0 0 0 0 0 0 0 0 10 0 0 0 0 0 0 0 16],"tf.Tensor([-0.17989953 -0.88095725  0.32418716  0.8944922   1.2117804  12.        ], shape=(6,), dtype=float32)",2.0,[14 1 0 0 0 0 0 6 6 1 5 5 0 0 0 0 10 0 0 0 0 0 0 0 17],True,"tf.Tensor(
[[-0.17989953 -0.88095725  0.32418716  0.8944922   1.2117804  33.69064
  32.781483   32.88008    33.184536   33.441654   34.004314   32.64258
  31.405169   33.610283   33.27379    32.16364    31.88625    34.756577  ]], shape=(1, 18), dtype=float32)"
1922,[1 1 0 0 0 0 0 2 2 1 1 4 0 0 0 0 0 0 0 0 0 0 0 0 0],"tf.Tensor([2.2014048  2.8709612  0.84020066 1.6712114  3.2238371  8.        ], shape=(6,), dtype=float32)",0.4,[1 2 2 2 1 4 0 0 0 6 0 0 0 0 0 0 0 0 0 0 0 0 0 0 0],False,"tf.Tensor(
[[ 2.2014048   2.8709612   0.84020066  1.6712114   3.2238371  10.763757
   8.909875   10.650517    9.582901    9.237039   10.5155735  10.133367
  11.092565   11.649226    9.637489   11.122027   11.592212   10.161436  ]], shape=(1, 18), dtype=float32)"
1923,[1 2 2 2 1 4 0 0 0 6 0 0 0 0 0 0 0 0 0 0 0 0 0 0 0],"tf.Tensor([ 2.9536664  3.5602171  1.5889375  2.7556696  3.6987808 10.       ], shape=(6,), dtype=float32)",0.1,[1 3 2 2 1 4 6 0 0 0 0 0 0 0 0 0 0 0 0 0 0 0 0 0 0],False,"tf.Tensor(
[[ 2.9536664  3.5602171  1.5889375  2.7556696  3.6987808 16.988295
  14.122821  17.606583  15.82493   16.275057  17.460363  17.231388
  17.98727   17.538277  16.408312  18.620846  18.385279  17.895567 ]], shape=(1, 18), dtype=float32)"
1924,[1 3 2 2 1 4 6 0 0 0 0 0 0 0 0 0 0 0 0 0 0 0 0 0 0],"tf.Tensor([ 3.1982913  3.2231894  1.6725312  3.279706   3.9803894 12.       ], shape=(6,), dtype=float32)",30.0,[2 1 0 0 0 0 0 2 2 1 1 4 0 0 0 0 0 0 0 0 0 0 0 0 15],False,"tf.Tensor(
[[ 3.1982913  3.2231894  1.6725312  3.279706   3.9803894 17.34172
  14.247569  18.01347   16.001808  16.298063  18.399055  17.15782
  18.276344  17.66441   16.417347  18.951834  18.185642  19.183413 ]], shape=(1, 18), dtype=float32)"
1925,[2 1 0 0 0 0 0 2 2 1 1 4 0 0 0 0 0 0 0 0 0 0 0 0 15],"tf.Tensor([ 1.522342   2.1202645  1.5954022  1.1798295  1.335342  11.       ], shape=(6,), dtype=float32)",0.5,[2 2 6 4 2 2 5 0 0 0 0 0 0 0 0 0 0 0 0 0 0 0 0 0 15],False,"tf.Tensor(
[[ 1.522342   2.1202645  1.5954022  1.1798295  1.335342  20.042538
  19.497154  20.167269  19.562366  19.09515   19.61891   19.247492
  19.846043  20.3326    19.259228  20.102518  20.958569  18.417572 ]], shape=(1, 18), dtype=float32)"
1926,[2 2 6 4 2 2 5 0 0 0 0 0 0 0 0 0 0 0 0 0 0 0 0 0 15],"tf.Tensor([ 1.3481281  2.3860776  1.8635753  1.6919646  2.9321752 11.       ], shape=(6,), dtype=float32)",0.0,[2 3 6 4 2 2 5 0 0 0 0 0 0 0 0 0 0 0 0 0 0 0 0 0 15],False,"tf.Tensor(
[[ 1.3481281  2.3860776  1.8635753  1.6919646  2.9321752 30.404486
  28.819393  29.612213  30.67516   30.19885   30.264406  29.231367
  29.36618   30.579678  29.73868   29.69178   31.002232  29.41606  ]], shape=(1, 18), dtype=float32)"
1927,[2 3 6 4 2 2 5 0 0 0 0 0 0 0 0 0 0 0 0 0 0 0 0 0 15],[1 1 0 1 0 7],0.0,[3 1 0 0 0 0 0 6 4 2 2 5 0 0 0 0 0 0 0 0 0 0 0 0 15],False,"tf.Tensor(
[[ 1.3272675  2.300069   1.8910056  1.6709875  2.9544785 30.833363
  29.360144  30.182453  31.13837   30.81228   30.83887   29.806025
  30.026619  30.997087  30.341125  30.27637   31.450457  29.968023 ]], shape=(1, 18), dtype=float32)"
1928,[3 1 0 0 0 0 0 6 4 2 2 5 0 0 0 0 0 0 0 0 0 0 0 0 15],"tf.Tensor([ 1.6637777  2.4423845  1.785313   1.5197135  2.2838423 11.       ], shape=(6,), dtype=float32)",0.5,[3 2 1 1 6 3 4 0 0 0 0 0 0 0 0 0 0 0 0 0 0 0 0 0 15],False,"tf.Tensor(
[[ 1.6637777  2.4423845  1.785313   1.5197135  2.2838423 24.506016
  23.784462  24.274994  23.14379   22.988373  23.718504  23.208923
  25.016653  25.203875  23.756994  24.287432  25.809925  22.34931  ]], shape=(1, 18), dtype=float32)"
1929,[3 2 1 1 6 3 4 0 0 0 0 0 0 0 0 0 0 0 0 0 0 0 0 0 15],"tf.Tensor([1.2963184 1.8830013 1.3398198 2.2076538 1.4604326 5.       ], shape=(6,), dtype=float32)",0.0,[3 3 1 1 6 3 4 0 0 0 0 0 0 0 0 0 0 0 0 0 0 0 0 0 15],False,"tf.Tensor(
[[ 1.2963184  1.8830013  1.3398198  2.2076538  1.4604326 27.470972
  25.420033  26.920424  26.91612   26.227177  27.857082  26.086126
  25.110752  27.335842  26.219524  26.682045  26.880295  27.451277 ]], shape=(1, 18), dtype=float32)"
1930,[3 3 1 1 6 3 4 0 0 0 0 0 0 0 0 0 0 0 0 0 0 0 0 0 15],"tf.Tensor([1.273675  1.798335  1.3585464 2.1920192 1.4818339 5.       ], shape=(6,), dtype=float32)",12.0,[4 1 0 0 0 0 0 1 1 6 3 4 0 0 0 0 0 6 0 0 0 0 0 0 15],False,"tf.Tensor(
[[ 1.273675   1.798335   1.3585464  2.1920192  1.4818339 27.898302
  25.97575   27.48675   27.37241   26.854378  28.43894   26.665873
  25.771456  27.73142   26.832607  27.278915  27.326189  27.99063  ]], shape=(1, 18), dtype=float32)"
1931,[4 1 0 0 0 0 0 1 1 6 3 4 0 0 0 0 0 6 0 0 0 0 0 0 15],"tf.Tensor([ 1.2355051  1.7118611  1.6334461  1.0700274  1.1555849 11.       ], shape=(6,), dtype=float32)",0.5,[4 2 4 2 5 4 6 0 0 0 0 0 0 0 0 0 0 6 0 0 0 0 0 0 15],False,"tf.Tensor(
[[ 1.2355051  1.7118611  1.6334461  1.0700274  1.1555849 23.807692
  23.048847  23.661371  22.169807  22.372032  22.96206   23.576733
  24.25643   23.83767   23.098562  23.910748  24.56443   21.972605 ]], shape=(1, 18), dtype=float32)"
1932,[4 2 4 2 5 4 6 0 0 0 0 0 0 0 0 0 0 6 0 0 0 0 0 0 15],"tf.Tensor([1.5574158 1.8186046 1.9010183 2.0871859 2.216195  5.       ], shape=(6,), dtype=float32)",0.0,[4 3 4 2 5 4 6 0 0 0 0 0 0 0 0 0 0 6 0 0 0 0 0 0 15],False,"tf.Tensor(
[[ 1.5574158  1.8186046  1.9010183  2.0871859  2.216195  32.73583
  30.430696  32.332596  31.942678  31.647383  33.018284  31.667816
  31.63981   32.276524  32.009106  32.078598  32.592968  32.50568  ]], shape=(1, 18), dtype=float32)"
1933,[4 3 4 2 5 4 6 0 0 0 0 0 0 0 0 0 0 6 0 0 0 0 0 0 15],"tf.Tensor([1.4784286 1.640413  1.9135398 2.0363593 2.212425  5.       ], shape=(6,), dtype=float32)",0.0,[5 1 0 0 0 0 0 4 2 5 4 6 0 0 0 0 0 6 0 0 0 0 0 0 15],False,"tf.Tensor(
[[ 1.4784286  1.640413   1.9135398  2.0363593  2.212425  33.101982
  30.970251  32.778675  32.348682  32.21235   33.526127  32.15152
  32.221737  32.60576   32.55621   32.566154  32.952335  32.96943  ]], shape=(1, 18), dtype=float32)"
1934,[5 1 0 0 0 0 0 4 2 5 4 6 0 0 0 0 0 6 0 0 0 0 0 0 15],"tf.Tensor([1.2692543 1.8553705 1.8438977 1.0704608 1.3755882 7.       ], shape=(6,), dtype=float32)",0.5,[5 2 2 2 3 4 5 0 0 0 0 0 0 0 0 0 0 6 0 0 0 0 0 0 15],False,"tf.Tensor(
[[ 1.2692543  1.8553705  1.8438977  1.0704608  1.3755882 26.34541
  25.891651  26.27084   24.261536  24.696589  25.415392  25.636042
  27.469131  26.9744    25.92123   26.34705   27.43071   23.860088 ]], shape=(1, 18), dtype=float32)"
1935,[5 2 2 2 3 4 5 0 0 0 0 0 0 0 0 0 0 6 0 0 0 0 0 0 15],"tf.Tensor([0.91985106 0.95710653 1.2922843  1.0752401  0.9789427  0.        ], shape=(6,), dtype=float32)",0.0,[5 3 2 2 3 4 5 0 0 0 0 0 0 0 0 0 0 6 0 0 0 0 0 0 15],False,"tf.Tensor(
[[ 0.91985106  0.95710653  1.2922843   1.0752401   0.9789427  28.445894
  27.01779    27.752552   27.795977   27.385504   28.262789   27.216822
  27.043346   27.924896   27.701723   27.418032   27.738792   27.646273  ]], shape=(1, 18), dtype=float32)"
1936,[5 3 2 2 3 4 5 0 0 0 0 0 0 0 0 0 0 6 0 0 0 0 0 0 15],"tf.Tensor([0.89317846 0.86237794 1.2977808  1.0610876  0.9911086  0.        ], shape=(6,), dtype=float32)",0.0,[6 1 0 0 0 0 0 2 2 3 4 5 0 0 0 0 0 6 0 0 0 0 0 0 15],False,"tf.Tensor(
[[ 0.89317846  0.86237794  1.2977808   1.0610876   0.9911086  28.867523
  27.576181   28.32116    28.252218   28.032      28.842812   27.795906
  27.691204   28.309084   28.324697   28.02376    28.175793   28.192514  ]], shape=(1, 18), dtype=float32)"
1937,[6 1 0 0 0 0 0 2 2 3 4 5 0 0 0 0 0 6 0 0 0 0 0 0 15],"tf.Tensor([ 1.2885237   1.5302466   1.3751408   0.8092197   0.69505495 11.        ], shape=(6,), dtype=float32)",0.30000000000000004,[6 2 5 4 3 0 0 0 0 0 3 3 0 0 0 0 0 6 0 0 0 0 0 0 15],False,"tf.Tensor(
[[ 1.2885237   1.5302466   1.3751408   0.8092197   0.69505495 23.8248
  23.24331    24.07461    22.359806   22.515015   23.225748   23.716671
  24.041023   23.800602   23.170607   23.985493   24.37461    21.881119  ]], shape=(1, 18), dtype=float32)"
1938,[6 2 5 4 3 0 0 0 0 0 3 3 0 0 0 0 0 6 0 0 0 0 0 0 15],"tf.Tensor([0.7987045  1.4960631  1.3672608  0.75287426 1.4317517  4.        ], shape=(6,), dtype=float32)",0.1,[6 3 5 4 3 3 0 0 0 0 3 0 0 0 0 0 0 6 0 0 0 0 0 0 15],False,"tf.Tensor(
[[ 0.7987045   1.4960631   1.3672608   0.75287426  1.4317517  28.34815
  27.636307   28.443607   28.468851   28.820438   28.482882   28.39946
  28.191048   27.962568   28.461021   28.454699   28.718529   27.334883  ]], shape=(1, 18), dtype=float32)"
1939,[6 3 5 4 3 3 0 0 0 0 3 0 0 0 0 0 0 6 0 0 0 0 0 0 15],"tf.Tensor([0.40730298 0.9512034  1.2978226  0.71086395 1.5851713  4.        ], shape=(6,), dtype=float32)",10.0,[7 1 0 0 0 0 0 5 4 3 5 1 0 0 0 0 5 6 0 0 0 0 0 0 15],False,"tf.Tensor(
[[ 0.40730298  0.9512034   1.2978226   0.71086395  1.5851713  30.293003
  29.425861   30.063116   30.634705   31.016762   30.455778   30.114557
  29.793203   29.4755     30.61785    29.900717   30.412374   29.886873  ]], shape=(1, 18), dtype=float32)"
1940,[7 1 0 0 0 0 0 5 4 3 5 1 0 0 0 0 5 6 0 0 0 0 0 0 15],"tf.Tensor([ 0.9942801   1.2001041   0.67367864  0.8428724   1.0706575  11.        ], shape=(6,), dtype=float32)",0.30000000000000004,[7 2 5 4 6 0 0 0 0 4 2 0 0 0 0 0 5 6 0 0 0 0 0 0 15],False,"tf.Tensor(
[[ 0.9942801   1.2001041   0.67367864  0.8428724   1.0706575  26.972227
  26.037474   26.435802   24.633762   25.011827   25.90851    26.019
  27.06894    26.744167   26.383411   26.271278   27.069118   24.789349  ]], shape=(1, 18), dtype=float32)"
1941,[7 2 5 4 6 0 0 0 0 4 2 0 0 0 0 0 5 6 0 0 0 0 0 0 15],"tf.Tensor([0.39983213 0.9919614  0.79575574 0.807168   2.0605717  4.        ], shape=(6,), dtype=float32)",0.0,[7 3 5 4 6 0 0 0 0 5 4 0 0 0 0 0 5 6 0 0 0 0 0 0 15],False,"tf.Tensor(
[[ 0.39983213  0.9919614   0.79575574  0.807168    2.0605717  33.258442
  32.09224    32.40363    33.109993   33.816174   33.052837   32.53601
  32.62752    32.701828   33.365376   32.941383   32.7547     32.88825   ]], shape=(1, 18), dtype=float32)"
1942,[7 3 5 4 6 0 0 0 0 5 4 0 0 0 0 0 5 6 0 0 0 0 0 0 15],"tf.Tensor([0.5333129 1.3527527 0.7785206 0.9906986 2.4962156 4.       ], shape=(6,), dtype=float32)",0.0,[8 1 0 0 0 0 0 5 4 2 2 6 0 0 0 0 5 6 0 0 0 0 0 0 15],False,"tf.Tensor(
[[ 0.5333129  1.3527527  0.7785206  0.9906986  2.4962156 35.522633
  34.26417   34.568565  35.05811   35.842995  35.162384  34.75033
  35.140884  34.9691    35.55702   35.311188  35.277172  34.8982   ]], shape=(1, 18), dtype=float32)"
1943,[8 1 0 0 0 0 0 5 4 2 2 6 0 0 0 0 5 6 0 0 0 0 0 0 15],"tf.Tensor([1.0736752  1.0680186  0.9099104  0.7566652  0.83539397 7.        ], shape=(6,), dtype=float32)",0.30000000000000004,[8 2 1 5 6 0 0 0 0 0 1 6 0 0 0 0 5 6 0 0 0 0 0 0 15],False,"tf.Tensor(
[[ 1.0736752   1.0680186   0.9099104   0.7566652   0.83539397 25.987581
  25.84403    25.964832   23.620413   24.271833   25.35616    24.838995
  26.826027   26.685225   25.591045   26.022438   25.900522   24.035452  ]], shape=(1, 18), dtype=float32)"
1944,[8 2 1 5 6 0 0 0 0 0 1 6 0 0 0 0 5 6 0 0 0 0 0 0 15],"tf.Tensor([1.2121396  1.2192628  0.7203616  1.063638   0.61476964 5.        ], shape=(6,), dtype=float32)",0.1,[8 3 1 5 6 1 0 0 0 0 0 1 0 0 0 0 5 6 0 0 0 0 0 0 15],False,"tf.Tensor(
[[ 1.2121396   1.2192628   0.7203616   1.063638    0.61476964 28.865551
  27.940239   29.44369    28.088795   28.921392   29.612282   28.54568
  28.317383   28.874254   28.585644   29.421188   27.727848   28.656723  ]], shape=(1, 18), dtype=float32)"
1945,[8 3 1 5 6 1 0 0 0 0 0 1 0 0 0 0 5 6 0 0 0 0 0 0 15],"tf.Tensor([0.39613616 0.15566616 0.4561391  0.4195455  0.35082108 4.        ], shape=(6,), dtype=float32)",0.0,[9 1 0 0 0 0 0 1 5 6 6 5 0 0 0 0 5 6 0 0 0 0 0 0 15],False,"tf.Tensor(
[[ 0.39613616  0.15566616  0.4561391   0.4195455   0.35082108 28.50726
  27.633432   28.438116   28.484673   29.143936   28.956263   27.94123
  27.366142   27.745176   28.579796   28.430418   26.736101   28.994318  ]], shape=(1, 18), dtype=float32)"
1946,[9 1 0 0 0 0 0 1 5 6 6 5 0 0 0 0 5 6 0 0 0 0 0 0 15],"tf.Tensor([1.272494  1.602862  0.5773958 0.7945478 1.3193245 7.       ], shape=(6,), dtype=float32)",0.30000000000000004,[9 2 6 3 5 0 0 0 0 2 5 0 0 0 0 0 5 6 0 0 0 0 0 0 15],False,"tf.Tensor(
[[ 1.272494   1.602862   0.5773958  0.7945478  1.3193245 29.104712
  28.366741  28.177935  26.720541  26.755575  27.973156  28.162937
  29.55466   29.450153  27.803844  29.368393  28.668516  26.867632 ]], shape=(1, 18), dtype=float32)"
1947,[9 2 6 3 5 0 0 0 0 2 5 0 0 0 0 0 5 6 0 0 0 0 0 0 15],"tf.Tensor([0.21785678 0.77212614 0.46456015 0.42842576 1.7326255  4.        ], shape=(6,), dtype=float32)",0.0,[9 3 6 3 5 0 0 0 0 5 1 0 0 0 0 0 5 6 0 0 0 0 0 0 15],False,"tf.Tensor(
[[ 0.21785678  0.77212614  0.46456015  0.42842576  1.7326255  32.499786
  31.60701    31.75662    32.46243    32.908493   32.218693   32.185875
  31.706451   31.753593   32.58876    32.108307   32.137318   31.781836  ]], shape=(1, 18), dtype=float32)"
1948,[9 3 6 3 5 0 0 0 0 5 1 0 0 0 0 0 5 6 0 0 0 0 0 0 15],"tf.Tensor([0.02581228 0.47177333 0.51976025 0.29511544 1.7882594  4.        ], shape=(6,), dtype=float32)",0.0,[10 1 0 0 0 0 0 6 3 3 3 5 0 0 0 0 5 6 0 0 0 0 0 0 15],False,"tf.Tensor(
[[2.5812283e-02 4.7177333e-01 5.1976025e-01 2.9511544e-01 1.7882594e+00
  3.3357391e+01 3.2877213e+01 3.2404930e+01 3.3439640e+01 3.4307510e+01
  3.2993732e+01 3.2759560e+01 3.2752872e+01 3.2691933e+01 3.3753204e+01
  3.3041897e+01 3.2723930e+01 3.2756580e+01]], shape=(1, 18), dtype=float32)"
1949,[10 1 0 0 0 0 0 6 3 3 3 5 0 0 0 0 5 6 0 0 0 0 0 0 15],"tf.Tensor([0.86768126 0.9082919  0.7818718  0.81609905 0.5612652  7.        ], shape=(6,), dtype=float32)",0.1,[10 2 4 0 0 0 0 4 0 4 1 3 0 0 0 0 5 6 0 0 0 0 0 0 15],False,"tf.Tensor(
[[ 0.86768126  0.9082919   0.7818718   0.81609905  0.5612652  27.53586
  27.391586   27.527464   24.673454   25.562794   26.802164   26.629454
  28.26516    28.225222   27.230698   27.416475   27.463362   25.561731  ]], shape=(1, 18), dtype=float32)"
1950,[10 2 4 0 0 0 0 4 0 4 1 3 0 0 0 0 5 6 0 0 0 0 0 0 15],"tf.Tensor([0.14909579 0.22261827 1.1633211  0.45958123 0.7173484  9.        ], shape=(6,), dtype=float32)",0.1,[10 3 4 4 0 0 0 4 0 0 5 3 0 0 0 0 5 6 0 0 0 0 0 0 15],False,"tf.Tensor(
[[ 0.14909579  0.22261827  1.1633211   0.45958123  0.7173484  26.835363
  26.827538   26.400526   25.414948   26.2462     26.273287   26.481627
  27.016685   26.638687   27.075874   26.321735   26.806313   25.596762  ]], shape=(1, 18), dtype=float32)"
1951,[10 3 4 4 0 0 0 4 0 0 5 3 0 0 0 0 5 6 0 0 0 0 0 0 15],"tf.Tensor([0.395563   0.52459687 0.9650828  0.18496796 1.0303454  7.        ], shape=(6,), dtype=float32)",0.0,[11 1 0 0 0 0 0 4 4 4 3 6 0 0 0 0 5 6 0 0 0 0 0 0 15],False,"tf.Tensor(
[[ 0.395563    0.52459687  0.9650828   0.18496796  1.0303454  29.87747
  29.73877    29.634172   28.734901   29.491432   29.28918    29.55858
  30.107237   29.638348   30.035322   29.349316   29.84372    28.385874  ]], shape=(1, 18), dtype=float32)"
1952,[11 1 0 0 0 0 0 4 4 4 3 6 0 0 0 0 5 6 0 0 0 0 0 0 15],"tf.Tensor([0.81247306 0.6483236  0.4588449  0.6015463  0.37311727 8.        ], shape=(6,), dtype=float32)",0.0,[11 2 0 0 0 0 0 3 4 3 2 6 0 0 0 0 5 6 0 0 0 0 0 0 15],False,"tf.Tensor(
[[ 0.81247306  0.6483236   0.4588449   0.6015463   0.37311727 27.863134
  28.015398   27.731592   25.03606    25.939772   27.166824   27.115738
  28.50023    28.623192   27.339682   28.078663   27.27635    25.913237  ]], shape=(1, 18), dtype=float32)"
1953,[11 2 0 0 0 0 0 3 4 3 2 6 0 0 0 0 5 6 0 0 0 0 0 0 15],"tf.Tensor([0.61094916 0.22073524 0.37222397 0.40392098 0.06916733 8.        ], shape=(6,), dtype=float32)",0.0,[11 3 0 0 0 0 0 4 6 2 1 5 0 0 0 0 5 6 0 0 0 0 0 0 15],False,"tf.Tensor(
[[ 0.61094916  0.22073524  0.37222397  0.40392098  0.06916733 26.54236
  27.054903   26.656841   24.158308   25.194921   26.241098   26.071444
  27.122076   27.196352   26.263416   26.925068   25.706623   25.02222   ]], shape=(1, 18), dtype=float32)"
1954,[11 3 0 0 0 0 0 4 6 2 1 5 0 0 0 0 5 6 0 0 0 0 0 0 15],"tf.Tensor([ 0.7373338  -0.09164627  0.06513667  0.6571449   0.14454623  8.        ], shape=(6,), dtype=float32)",0.0,[12 1 0 0 0 0 0 6 3 1 3 6 0 0 0 0 5 6 0 0 0 0 0 0 15],False,"tf.Tensor(
[[ 0.7373338  -0.09164627  0.06513667  0.6571449   0.14454623 27.480352
  28.166872   27.764729   24.651033   26.184217   27.339012   26.680967
  28.305117   28.310287   27.274544   28.109043   26.34559    26.356565  ]], shape=(1, 18), dtype=float32)"
1955,[12 1 0 0 0 0 0 6 3 1 3 6 0 0 0 0 5 6 0 0 0 0 0 0 15],"tf.Tensor([0.7778636  0.47598952 0.49201894 0.8200209  0.25646657 8.        ], shape=(6,), dtype=float32)",0.0,[12 2 0 0 0 0 0 2 5 6 6 6 0 0 0 0 5 6 0 0 0 0 0 0 15],False,"tf.Tensor(
[[ 0.7778636   0.47598952  0.49201894  0.8200209   0.25646657 27.261148
  27.326422   27.456804   24.366331   25.315603   26.87425    26.536015
  27.720194   27.956314   26.879936   27.228752   26.81172    25.656597  ]], shape=(1, 18), dtype=float32)"
1956,[12 2 0 0 0 0 0 2 5 6 6 6 0 0 0 0 5 6 0 0 0 0 0 0 15],"tf.Tensor([1.2218286  0.9657585  0.31304955 0.72265923 0.64286476 8.        ], shape=(6,), dtype=float32)",0.2,[12 3 2 5 0 0 0 0 0 3 2 5 0 0 0 0 5 6 0 0 0 0 0 0 15],False,"tf.Tensor(
[[ 1.2218286   0.9657585   0.31304955  0.72265923  0.64286476 31.245005
  30.921421   30.66871    28.067486   28.65217    30.185999   30.401993
  31.615181   32.037487   30.046389   31.499002   30.28398    28.960247  ]], shape=(1, 18), dtype=float32)"
1957,[12 3 2 5 0 0 0 0 0 3 2 5 0 0 0 0 5 6 0 0 0 0 0 0 15],"tf.Tensor([ 0.11116137  0.03902106  0.28032446 -0.7226254   0.11925061  1.        ], shape=(6,), dtype=float32)",4.0,[13 1 0 0 0 0 0 1 5 4 5 5 0 2 0 0 5 6 0 0 0 0 0 0 15],False,"tf.Tensor(
[[ 0.11116137  0.03902106  0.28032446 -0.7226254   0.11925061 27.96683
  28.57713    27.640524   27.404722   28.108747   27.422037   27.856197
  28.001146   27.757536   28.043615   28.139368   26.616344   26.578192  ]], shape=(1, 18), dtype=float32)"
1958,[13 1 0 0 0 0 0 1 5 4 5 5 0 2 0 0 5 6 0 0 0 0 0 0 15],"tf.Tensor([ 0.6822555   0.30967695  0.01004589  0.4755096  -0.0792356   8.        ], shape=(6,), dtype=float32)",0.0,[13 2 0 0 0 0 0 5 6 6 4 3 0 2 0 0 5 6 0 0 0 0 0 0 15],False,"tf.Tensor(
[[ 6.8225551e-01  3.0967695e-01  1.0045886e-02  4.7550961e-01
  -7.9235598e-02  2.8535130e+01  2.8793352e+01  2.8460760e+01
   2.5870253e+01  2.6713287e+01  2.8276287e+01  2.8547592e+01
   2.8645016e+01  2.9266455e+01  2.7749701e+01  2.9052769e+01
   2.7382742e+01  2.6861130e+01]], shape=(1, 18), dtype=float32)"
1959,[13 2 0 0 0 0 0 5 6 6 4 3 0 2 0 0 5 6 0 0 0 0 0 0 15],"tf.Tensor([ 0.9792446   0.4842227  -0.19597054  1.0427464   0.22192152  8.        ], shape=(6,), dtype=float32)",0.2,[13 3 5 4 0 0 0 0 3 2 0 6 0 2 0 0 5 6 0 0 0 0 0 0 15],False,"tf.Tensor(
[[ 0.9792446   0.4842227  -0.19597054  1.0427464   0.22192152 32.010025
  31.877316   31.714203   27.95207    29.48725    31.18547    31.078743
  32.65036    33.07882    31.228825   32.230343   31.04601    30.064377  ]], shape=(1, 18), dtype=float32)"
1960,[13 3 5 4 0 0 0 0 3 2 0 6 0 2 0 0 5 6 0 0 0 0 0 0 15],"tf.Tensor([ 0.41412413 -0.07249625  0.12732875 -0.09691373  0.54023165  1.        ], shape=(6,), dtype=float32)",-4.0,[14 1 0 0 0 0 0 2 5 5 1 6 0 0 0 0 5 6 0 0 0 0 0 0 15],True,"tf.Tensor(
[[ 0.41412413 -0.07249625  0.12732875 -0.09691373  0.54023165 30.029964
  30.830458   30.173132   29.003805   30.396784   30.128859   30.0528
  30.473963   30.354498   30.10171    30.749868   28.782482   29.103373  ]], shape=(1, 18), dtype=float32)"
1961,[1 1 0 0 0 0 0 3 1 5 3 3 0 0 0 0 0 0 0 0 0 0 0 0 0],"tf.Tensor([2.6519637 3.982821  1.1527474 1.9587622 4.1412883 8.       ], shape=(6,), dtype=float32)",0.5,[1 2 3 1 5 3 3 0 0 0 0 0 0 0 0 0 0 0 0 0 0 0 0 0 0],False,"tf.Tensor(
[[ 2.6519637  3.982821   1.1527474  1.9587622  4.1412883 14.817982
  12.211322  14.327573  13.089262  12.678436  14.143802  14.41941
  15.346981  16.339796  13.368731  15.166901  16.128386  13.730853 ]], shape=(1, 18), dtype=float32)"
1962,[1 2 3 1 5 3 3 0 0 0 0 0 0 0 0 0 0 0 0 0 0 0 0 0 0],"tf.Tensor([ 2.8854094  3.565784   2.0426514  3.4653525  3.7426367 12.       ], shape=(6,), dtype=float32)",0.0,[1 3 3 1 5 3 3 0 0 0 0 0 0 0 0 0 0 0 0 0 0 0 0 0 0],False,"tf.Tensor(
[[ 2.8854094  3.565784   2.0426514  3.4653525  3.7426367 18.373753
  15.202772  19.883833  17.147596  17.936155  20.0248    19.145323
  19.28756   18.79804   18.144308  20.294767  19.756575  20.702562 ]], shape=(1, 18), dtype=float32)"
1963,[1 3 3 1 5 3 3 0 0 0 0 0 0 0 0 0 0 0 0 0 0 0 0 0 0],"tf.Tensor([ 2.9198277  3.5303144  2.071094   3.4908323  3.77757   12.       ], shape=(6,), dtype=float32)",30.0,[2 1 0 0 0 0 0 3 1 5 3 3 0 0 0 0 0 0 0 0 0 0 0 0 15],False,"tf.Tensor(
[[ 2.9198277  3.5303144  2.071094   3.4908323  3.77757   18.967445
  15.838131  20.502026  17.78397   18.605526  20.686253  19.784466
  19.926884  19.375158  18.764524  20.954187  20.334963  21.360636 ]], shape=(1, 18), dtype=float32)"
1964,[2 1 0 0 0 0 0 3 1 5 3 3 0 0 0 0 0 0 0 0 0 0 0 0 15],"tf.Tensor([ 1.3997148  2.4263253  2.0076172  1.5107138  1.8043771 11.       ], shape=(6,), dtype=float32)",0.5,[2 2 3 2 4 3 6 0 0 0 0 0 0 0 0 0 0 0 0 0 0 0 0 0 15],False,"tf.Tensor(
[[ 1.3997148  2.4263253  2.0076172  1.5107138  1.8043771 23.294048
  22.41837   22.979216  22.056162  21.877562  22.405062  22.56003
  23.494953  23.75829   22.574368  23.124617  24.63812   21.368399 ]], shape=(1, 18), dtype=float32)"
1965,[2 2 3 2 4 3 6 0 0 0 0 0 0 0 0 0 0 0 0 0 0 0 0 0 15],"tf.Tensor([1.5917041 2.360673  1.7103724 2.2353883 2.333311  8.       ], shape=(6,), dtype=float32)",0.0,[2 3 3 2 4 3 6 0 0 0 0 0 0 0 0 0 0 0 0 0 0 0 0 0 15],False,"tf.Tensor(
[[ 1.5917041  2.360673   1.7103724  2.2353883  2.333311  29.536242
  27.433676  28.756971  29.028845  28.239716  29.59193   27.984367
  27.723616  29.631628  28.26474   28.66345   29.516113  28.896927 ]], shape=(1, 18), dtype=float32)"
1966,[2 3 3 2 4 3 6 0 0 0 0 0 0 0 0 0 0 0 0 0 0 0 0 0 15],"tf.Tensor([1.5708455 2.2746658 1.7378035 2.2144127 2.3556154 5.       ], shape=(6,), dtype=float32)",12.0,[3 1 0 0 0 0 0 3 2 4 3 6 0 0 0 0 0 6 0 0 0 0 0 0 15],False,"tf.Tensor(
[[ 1.5708455  2.2746658  1.7378035  2.2144127  2.3556154 29.965118
  27.974426  29.327204  29.492058  28.853138  30.166393  28.559025
  28.38405   30.049036  28.867182  29.248034  29.964338  29.448893 ]], shape=(1, 18), dtype=float32)"
1967,[3 1 0 0 0 0 0 3 2 4 3 6 0 0 0 0 0 6 0 0 0 0 0 0 15],"tf.Tensor([ 1.426703   1.9232951  2.0179439  1.1329892  1.6185408 11.       ], shape=(6,), dtype=float32)",0.5,[3 2 3 4 5 3 6 0 0 0 0 0 0 0 0 0 0 6 0 0 0 0 0 0 15],False,"tf.Tensor(
[[ 1.426703   1.9232951  2.0179439  1.1329892  1.6185408 24.298418
  23.739792  24.213285  22.755766  22.920778  23.462805  23.493502
  25.254303  24.712254  23.738401  24.261862  25.455687  22.10919  ]], shape=(1, 18), dtype=float32)"
1968,[3 2 3 4 5 3 6 0 0 0 0 0 0 0 0 0 0 6 0 0 0 0 0 0 15],[1 0 0 0 1 7],0.0,[3 3 3 4 5 3 6 0 0 0 0 0 0 0 0 0 0 6 0 0 0 0 0 0 15],False,"tf.Tensor(
[[ 1.7774727  2.200323   1.8941667  2.1043692  2.3385537 33.037872
  30.567722  32.545006  32.233627  31.973646  33.10548   31.701607
  31.999388  32.54309   32.193775  32.52035   32.750633  32.695923 ]], shape=(1, 18), dtype=float32)"
1969,[3 3 3 4 5 3 6 0 0 0 0 0 0 0 0 0 0 6 0 0 0 0 0 0 15],"tf.Tensor([1.6984824 2.02213   1.9066868 2.0535407 2.3347867 5.       ], shape=(6,), dtype=float32)",0.0,[4 1 0 0 0 0 0 3 4 5 3 6 0 0 0 0 0 6 0 0 0 0 0 0 15],False,"tf.Tensor(
[[ 1.6984824  2.02213    1.9066868  2.0535407  2.3347867 33.404022
  31.107275  32.99108   32.63963   32.53861   33.613327  32.185314
  32.581306  32.872322  32.740875  33.0079    33.11001   33.15967  ]], shape=(1, 18), dtype=float32)"
1970,[4 1 0 0 0 0 0 3 4 5 3 6 0 0 0 0 0 6 0 0 0 0 0 0 15],"tf.Tensor([1.425667  1.9328024 1.7025084 1.2042087 1.6266038 7.       ], shape=(6,), dtype=float32)",0.5,[4 2 3 4 2 4 5 0 0 0 0 0 0 0 0 0 0 6 0 0 0 0 0 0 15],False,"tf.Tensor(
[[ 1.425667   1.9328024  1.7025084  1.2042087  1.6266038 26.189796
  25.785221  26.051174  24.195696  24.601389  25.413574  25.279934
  27.373709  26.887009  25.56683   26.56689   27.045992  23.949564 ]], shape=(1, 18), dtype=float32)"
1971,[4 2 3 4 2 4 5 0 0 0 0 0 0 0 0 0 0 6 0 0 0 0 0 0 15],"tf.Tensor([1.1119491 1.3697902 1.5993998 1.1268114 1.6519647 0.       ], shape=(6,), dtype=float32)",0.0,[4 3 3 4 2 4 5 0 0 0 0 0 0 0 0 0 0 6 0 0 0 0 0 0 15],False,"tf.Tensor(
[[ 1.1119491  1.3697902  1.5993998  1.1268114  1.6519647 30.081772
  28.55956   29.338013  29.629217  29.325794  29.765749  28.771284
  29.147865  29.637392  29.453096  29.147205  29.722479  29.168404 ]], shape=(1, 18), dtype=float32)"
1972,[4 3 3 4 2 4 5 0 0 0 0 0 0 0 0 0 0 6 0 0 0 0 0 0 15],"tf.Tensor([1.0893054 1.2851236 1.6181264 1.111176  1.6733687 0.       ], shape=(6,), dtype=float32)",0.0,[5 1 0 0 0 0 0 3 4 2 4 5 0 0 0 0 0 6 0 0 0 0 0 0 15],False,"tf.Tensor(
[[ 1.0893054  1.2851236  1.6181264  1.111176   1.6733687 30.509102
  29.115273  29.904335  30.08551   29.953     30.347609  29.351023
  29.808573  30.032972  30.066175  29.744066  30.168377  29.707756 ]], shape=(1, 18), dtype=float32)"
1973,[5 1 0 0 0 0 0 3 4 2 4 5 0 0 0 0 0 6 0 0 0 0 0 0 15],"tf.Tensor([ 1.5190939  1.7260287  1.4237211  0.9449762  1.0838883 11.       ], shape=(6,), dtype=float32)",0.5,[5 2 4 5 6 5 5 0 0 0 0 0 0 0 0 0 0 6 0 0 0 0 0 0 15],False,"tf.Tensor(
[[ 1.5190939  1.7260287  1.4237211  0.9449762  1.0838883 24.748398
  24.229706  24.936306  23.16366   23.288172  24.094877  24.032408
  25.242046  25.042116  24.043211  24.90355   25.422552  22.556662 ]], shape=(1, 18), dtype=float32)"
1974,[5 2 4 5 6 5 5 0 0 0 0 0 0 0 0 0 0 6 0 0 0 0 0 0 15],"tf.Tensor([ 1.9031543  2.297988   1.9140491  2.4192019  2.8253472 12.       ], shape=(6,), dtype=float32)",0.0,[5 3 4 5 6 5 5 0 0 0 0 0 0 0 0 0 0 6 0 0 0 0 0 0 15],False,"tf.Tensor(
[[ 1.9031543  2.297988   1.9140491  2.4192019  2.8253472 36.712364
  33.862717  36.656796  35.882923  35.98557   37.158558  35.75655
  35.81875   36.16395   36.109596  36.56534   36.336246  37.338245 ]], shape=(1, 18), dtype=float32)"
1975,[5 3 4 5 6 5 5 0 0 0 0 0 0 0 0 0 0 6 0 0 0 0 0 0 15],"tf.Tensor([ 1.8241667  2.1197944  1.9265714  2.3683763  2.8215816 12.       ], shape=(6,), dtype=float32)",20.0,[6 1 0 0 0 0 0 4 5 6 5 5 0 0 0 0 0 6 0 0 0 0 0 0 25],False,"tf.Tensor(
[[ 1.8241667  2.1197944  1.9265714  2.3683763  2.8215816 37.078514
  34.40227   37.102863  36.28893   36.550537  37.666405  36.240257
  36.400665  36.493195  36.656696  37.052883  36.695618  37.802    ]], shape=(1, 18), dtype=float32)"
1976,[6 1 0 0 0 0 0 4 5 6 5 5 0 0 0 0 0 6 0 0 0 0 0 0 25],"tf.Tensor([ 2.037655   2.7270918  2.2184598  1.6364907  1.7540226 11.       ], shape=(6,), dtype=float32)",0.5,[6 2 5 4 5 5 1 0 0 0 0 0 0 0 0 0 0 6 0 0 0 0 0 0 25],False,"tf.Tensor(
[[ 2.037655   2.7270918  2.2184598  1.6364907  1.7540226 37.12713
  36.09787   37.16714   35.092846  35.240833  36.101486  36.625282
  37.456787  37.150936  36.069725  37.400776  38.52407   34.24265  ]], shape=(1, 18), dtype=float32)"
1977,[6 2 5 4 5 5 1 0 0 0 0 0 0 0 0 0 0 6 0 0 0 0 0 0 25],"tf.Tensor([0.64695793 1.5914556  2.2630494  1.5697123  1.3430102  3.        ], shape=(6,), dtype=float32)",0.0,[6 3 5 4 5 5 1 0 0 0 0 0 0 0 0 0 0 6 0 0 0 0 0 0 25],False,"tf.Tensor(
[[ 0.64695793  1.5914556   2.2630494   1.5697123   1.3430102  40.12266
  38.624786   39.72385    40.660206   40.575897   40.62672    39.251007
  38.110023   39.200615   40.10427    39.27022    39.87102    39.818752  ]], shape=(1, 18), dtype=float32)"
1978,[6 3 5 4 5 5 1 0 0 0 0 0 0 0 0 0 0 6 0 0 0 0 0 0 25],"tf.Tensor([0.60852796 1.4933554  2.2490695  1.5329779  1.3544006  5.        ], shape=(6,), dtype=float32)",-12.0,[7 1 0 0 0 0 0 5 4 5 5 1 0 0 0 0 0 0 0 0 0 0 0 0 25],False,"tf.Tensor(
[[ 0.60852796  1.4933554   2.2490695   1.5329779   1.3544006  40.585037
  39.221462   40.29412    41.14386    41.211803   41.213516   39.83362
  38.778744   39.65752    40.730167   39.847168   40.353497   40.34368   ]], shape=(1, 18), dtype=float32)"
1979,[7 1 0 0 0 0 0 5 4 5 5 1 0 0 0 0 0 0 0 0 0 0 0 0 25],"tf.Tensor([ 1.810227   2.6317234  1.6351678  1.6418315  1.3970401 11.       ], shape=(6,), dtype=float32)",0.5,[7 2 6 6 4 6 5 0 0 0 0 0 0 0 0 0 0 0 0 0 0 0 0 0 25],False,"tf.Tensor(
[[ 1.810227   2.6317234  1.6351678  1.6418315  1.3970401 35.448772
  34.168896  35.453793  34.09132   33.943188  34.49928   35.246212
  34.287495  34.939186  34.342793  35.453064  36.705338  33.081642 ]], shape=(1, 18), dtype=float32)"
1980,[7 2 6 6 4 6 5 0 0 0 0 0 0 0 0 0 0 0 0 0 0 0 0 0 25],[1 1 0 0 1 5],0.0,[7 3 6 6 4 6 5 0 0 0 0 0 0 0 0 0 0 0 0 0 0 0 0 0 25],False,"tf.Tensor(
[[ 1.0511314  2.278203   1.9245248  1.8597034  2.502137  44.864967
  43.013603  43.708027  45.167263  44.54222   44.825672  43.15652
  42.152557  44.691372  43.944     43.668613  44.323444  44.142506 ]], shape=(1, 18), dtype=float32)"
1981,[7 3 6 6 4 6 5 0 0 0 0 0 0 0 0 0 0 0 0 0 0 0 0 0 25],"tf.Tensor([1.0064751 2.1773968 1.918786  1.8119565 2.5030892 3.       ], shape=(6,), dtype=float32)",8.0,[8 1 0 0 0 0 0 6 6 4 6 5 0 0 0 4 0 0 0 0 0 0 0 0 25],False,"tf.Tensor(
[[ 1.0064751  2.1773968  1.918786   1.8119565  2.5030892 45.295147
  43.580505  44.24788   45.63949   45.164764  45.386497  43.71035
  42.78448   45.114853  44.543884  44.209583  44.76881   44.635296 ]], shape=(1, 18), dtype=float32)"
1982,[8 1 0 0 0 0 0 6 6 4 6 5 0 0 0 4 0 0 0 0 0 0 0 0 25],"tf.Tensor([ 1.732812   2.353335   1.2138646  1.5942458  0.8159129 11.       ], shape=(6,), dtype=float32)",0.4,[8 2 4 3 1 3 0 0 0 0 0 3 0 0 0 4 0 0 0 0 0 0 0 0 25],False,"tf.Tensor(
[[ 1.732812   2.353335   1.2138646  1.5942458  0.8159129 35.29473
  34.51748   36.20117   32.926373  34.10094   34.641457  35.457695
  35.618828  35.160236  35.06642   36.11023   36.62063   33.143463 ]], shape=(1, 18), dtype=float32)"
1983,[8 2 4 3 1 3 0 0 0 0 0 3 0 0 0 4 0 0 0 0 0 0 0 0 25],"tf.Tensor([ 0.69959563  1.0645549   1.0558355   0.8599874  -0.14595276  4.        ], shape=(6,), dtype=float32)",0.0,[8 3 4 3 1 3 0 0 0 0 0 6 0 0 0 4 0 0 0 0 0 0 0 0 25],False,"tf.Tensor(
[[ 0.69959563  1.0645549   1.0558355   0.8599874  -0.14595276 30.47627
  29.850882   31.61172    30.909369   31.880676   31.102121   31.137985
  28.652033   29.549294   30.757706   30.705763   30.325367   30.56766   ]], shape=(1, 18), dtype=float32)"
1984,[8 3 4 3 1 3 0 0 0 0 0 6 0 0 0 4 0 0 0 0 0 0 0 0 25],"tf.Tensor([0.74300426 1.4497811  1.4345772  1.0140318  0.13893503 2.        ], shape=(6,), dtype=float32)",12.0,[9 1 0 0 0 0 0 4 3 1 3 3 0 0 6 4 0 0 0 0 0 0 0 0 25],False,"tf.Tensor(
[[ 0.74300426  1.4497811   1.4345772   1.0140318   0.13893503 31.756939
  31.383524   32.80727    31.87655    32.721043   32.44583    32.04458
  30.581102   31.418753   32.03099    32.167416   31.692509   31.561314  ]], shape=(1, 18), dtype=float32)"
1985,[9 1 0 0 0 0 0 4 3 1 3 3 0 0 6 4 0 0 0 0 0 0 0 0 25],"tf.Tensor([ 1.0760887   1.0567964   0.00482613  0.89000833 -0.67115647  2.        ], shape=(6,), dtype=float32)",0.2,[9 2 6 4 0 0 0 0 0 2 2 2 0 0 6 4 0 0 0 0 0 0 0 0 25],False,"tf.Tensor(
[[ 1.0760887e+00  1.0567964e+00  4.8261285e-03  8.9000833e-01
  -6.7115647e-01  2.9309969e+01  2.8692677e+01  3.0986818e+01
   2.7297365e+01  2.9147110e+01  2.9072710e+01  3.0121315e+01
   2.8210840e+01  2.8675640e+01  2.9229179e+01  2.9528982e+01
   2.9548769e+01  2.8906075e+01]], shape=(1, 18), dtype=float32)"
1986,[9 2 6 4 0 0 0 0 0 2 2 2 0 0 6 4 0 0 0 0 0 0 0 0 25],"tf.Tensor([ 0.09343584  0.7515129  -0.06617588 -0.13974142  0.16185278  4.        ], shape=(6,), dtype=float32)",0.0,[9 3 6 4 0 0 0 0 0 2 1 5 0 0 6 4 0 0 0 0 0 0 0 0 25],False,"tf.Tensor(
[[ 0.09343584  0.7515129  -0.06617588 -0.13974142  0.16185278 32.542828
  32.39396    33.024887   31.90096    33.94904    31.572296   32.952553
  31.3865     31.89754    33.21176    32.46454    32.029682   32.10208   ]], shape=(1, 18), dtype=float32)"
1987,[9 3 6 4 0 0 0 0 0 2 1 5 0 0 6 4 0 0 0 0 0 0 0 0 25],"tf.Tensor([0.04236491 0.9521074  0.3422492  0.01468515 0.21329182 4.        ], shape=(6,), dtype=float32)",0.0,[10 1 0 0 0 0 0 6 4 3 4 4 0 0 6 4 0 0 0 0 0 0 0 0 25],False,"tf.Tensor(
[[4.2364910e-02 9.5210743e-01 3.4224921e-01 1.4685154e-02 2.1329182e-01
  3.3001110e+01 3.3256474e+01 3.3572269e+01 3.2059231e+01 3.4181293e+01
  3.2294674e+01 3.3224632e+01 3.2558987e+01 3.3051788e+01 3.3830593e+01
  3.3233547e+01 3.2451164e+01 3.2514423e+01]], shape=(1, 18), dtype=float32)"
1988,[10 1 0 0 0 0 0 6 4 3 4 4 0 0 6 4 0 0 0 0 0 0 0 0 25],[0 0 1 1 1 2],0.30000000000000004,[10 2 1 2 5 0 0 6 1 0 0 0 0 0 6 4 0 0 0 0 0 0 0 0 25],False,"tf.Tensor(
[[ 0.9961322   1.3181905   0.15303165  1.1035165  -0.25132853 33.070995
  32.321365   34.059074   29.893126   31.874947   32.136517   33.200832
  32.506905   32.826546   32.93737    33.136288   33.242096   32.05946   ]], shape=(1, 18), dtype=float32)"
1989,[10 2 1 2 5 0 0 6 1 0 0 0 0 0 6 4 0 0 0 0 0 0 0 0 25],"tf.Tensor([ 0.44156045  0.19048774 -0.32951707  1.0701463  -0.7336803   2.        ], shape=(6,), dtype=float32)",0.0,[10 3 1 2 5 0 0 2 4 0 0 0 0 0 6 4 0 0 0 0 0 0 0 0 25],False,"tf.Tensor(
[[ 0.44156045  0.19048774 -0.32951707  1.0701463  -0.7336803  32.231865
  30.919418   33.469475   30.35352    32.49935    32.120174   32.226986
  29.794762   31.711723   32.344112   31.505579   31.320002   33.333126  ]], shape=(1, 18), dtype=float32)"
1990,[10 3 1 2 5 0 0 2 4 0 0 0 0 0 6 4 0 0 0 0 0 0 0 0 25],"tf.Tensor([ 0.2960989  -0.10167837 -1.1892483   0.5264931  -0.7332131  12.        ], shape=(6,), dtype=float32)",-34.0,[11 1 0 0 0 0 0 1 1 1 2 5 0 0 6 4 0 0 0 0 0 0 0 0 8],False,"tf.Tensor(
[[ 0.2960989  -0.10167837 -1.1892483   0.5264931  -0.7332131  31.53418
  30.95995    32.51454    30.12195    32.357338   31.422268   31.53853
  28.940022   31.030476   31.41828    31.48077    29.680372   32.69387   ]], shape=(1, 18), dtype=float32)"
1991,[11 1 0 0 0 0 0 1 1 1 2 5 0 0 6 4 0 0 0 0 0 0 0 0 8],[1 1 1 0 0 8],0.30000000000000004,[11 2 4 5 5 0 0 0 0 0 5 1 0 0 6 4 0 0 0 0 0 0 0 0 8],False,"tf.Tensor(
[[ 0.11269231  0.36578256 -0.9915572  -0.02186275  0.26926804 17.970695
  17.975018   17.656664   15.869485   16.950594   16.684412   16.963943
  17.21278    18.512901   17.578234   17.685055   16.377825   17.802368  ]], shape=(1, 18), dtype=float32)"
1992,[11 2 4 5 5 0 0 0 0 0 5 1 0 0 6 4 0 0 0 0 0 0 0 0 8],"tf.Tensor([ 0.17934209  0.39714998 -1.1416538   0.2653377   1.6882458  12.        ], shape=(6,), dtype=float32)",0.1,[11 3 4 5 5 1 0 0 0 0 6 0 0 0 6 4 0 0 0 0 0 0 0 0 8],False,"tf.Tensor(
[[ 0.17934209  0.39714998 -1.1416538   0.2653377   1.6882458  26.055397
  24.765528   25.081177   24.486702   25.543236   24.719543   25.427608
  24.762815   25.570312   25.588614   26.131063   24.160162   27.229353  ]], shape=(1, 18), dtype=float32)"
1993,[11 3 4 5 5 1 0 0 0 0 6 0 0 0 6 4 0 0 0 0 0 0 0 0 8],"tf.Tensor([ 0.2566522   0.51640075 -1.0587966   0.440229    1.9154618  12.        ], shape=(6,), dtype=float32)",14.0,[12 1 0 0 0 0 0 4 5 5 6 4 0 0 6 4 0 0 0 0 0 0 0 0 15],False,"tf.Tensor(
[[ 0.2566522   0.51640075 -1.0587966   0.440229    1.9154618  27.762226
  26.196697   26.841053   26.097824   27.23431    26.510612   27.21053
  26.579275   27.203093   27.350267   27.91975    25.96833    29.14937   ]], shape=(1, 18), dtype=float32)"
1994,[12 1 0 0 0 0 0 4 5 5 6 4 0 0 6 4 0 0 0 0 0 0 0 0 15],"tf.Tensor([ 0.1972012   0.8279214  -1.1578286   0.48084056  0.27789682  8.        ], shape=(6,), dtype=float32)",0.0,[12 2 0 0 0 0 0 2 5 3 3 2 0 0 6 4 0 0 0 0 0 0 0 0 15],False,"tf.Tensor(
[[ 0.1972012   0.8279214  -1.1578286   0.48084056  0.27789682 28.84304
  28.818027   28.276237   24.622839   26.438818   26.889997   27.68284
  28.68331    29.728735   28.337622   29.002914   27.433498   27.649305  ]], shape=(1, 18), dtype=float32)"
1995,[12 2 0 0 0 0 0 2 5 3 3 2 0 0 6 4 0 0 0 0 0 0 0 0 15],[ 0  1  1  0  1 10],0.30000000000000004,[12 3 5 3 2 0 0 5 0 0 6 0 0 0 6 4 0 0 0 0 0 0 0 0 15],False,"tf.Tensor(
[[-3.0655605e-01 -4.6515787e-01 -1.7239692e+00 -1.2789488e-02
  -4.3581086e-01  2.3445446e+01  2.4228056e+01  2.3797522e+01
   2.0404390e+01  2.2999790e+01  2.2570566e+01  2.3608778e+01
   2.3204931e+01  2.3839743e+01  2.3650469e+01  2.4166683e+01
   2.1743713e+01  2.3684940e+01]], shape=(1, 18), dtype=float32)"
1996,[12 3 5 3 2 0 0 5 0 0 6 0 0 0 6 4 0 0 0 0 0 0 0 0 15],"tf.Tensor([-0.5565048   0.01968265 -0.8434138   0.0412004   0.7308001   9.        ], shape=(6,), dtype=float32)",0.0,[13 1 0 0 0 0 0 2 2 2 3 2 0 0 6 4 0 0 0 0 0 0 0 0 15],False,"tf.Tensor(
[[-5.5650479e-01  1.9682646e-02 -8.4341377e-01  4.1200399e-02
   7.3080009e-01  2.9969435e+01  2.9346485e+01  2.9249949e+01
   2.7727541e+01  2.9319122e+01  2.8146166e+01  2.8913092e+01
   2.8779982e+01  2.9844709e+01  3.0291302e+01  2.8861105e+01
   2.8831644e+01  3.0029320e+01]], shape=(1, 18), dtype=float32)"
1997,[13 1 0 0 0 0 0 2 2 2 3 2 0 0 6 4 0 0 0 0 0 0 0 0 15],"tf.Tensor([-0.09736244 -0.40303886 -1.3951063  -0.01695383 -0.50121385  2.        ], shape=(6,), dtype=float32)",0.0,[13 2 0 0 0 0 0 1 6 4 5 4 0 0 6 4 0 0 0 0 0 0 0 0 15],False,"tf.Tensor(
[[-9.7362444e-02 -4.0303886e-01 -1.3951063e+00 -1.6953826e-02
  -5.0121385e-01  2.2771177e+01  2.3080179e+01  2.3149391e+01
   2.0770935e+01  2.2575628e+01  2.1982866e+01  2.3149366e+01
   2.1529461e+01  2.2266804e+01  2.2680561e+01  2.2993811e+01
   2.1422100e+01  2.3111279e+01]], shape=(1, 18), dtype=float32)"
1998,[13 2 0 0 0 0 0 1 6 4 5 4 0 0 6 4 0 0 0 0 0 0 0 0 15],"tf.Tensor([-0.25449818  0.04312658 -1.7589841  -0.09837484 -0.21353441  8.        ], shape=(6,), dtype=float32)",0.0,[13 3 0 0 0 0 0 3 3 5 4 4 0 0 6 4 0 0 0 0 0 0 0 0 15],False,"tf.Tensor(
[[-0.25449818  0.04312658 -1.7589841  -0.09837484 -0.21353441 26.519451
  27.347662   26.28018    22.890999   25.14535    25.015142   26.008936
  26.419815   27.406023   26.368046   27.270716   24.44894    25.927763  ]], shape=(1, 18), dtype=float32)"
1999,[13 3 0 0 0 0 0 3 3 5 4 4 0 0 6 4 0 0 0 0 0 0 0 0 15],"tf.Tensor([-0.38143498 -0.06440973 -1.321841    0.05648994 -0.30098015  1.        ], shape=(6,), dtype=float32)",0.0,[14 1 0 0 0 0 0 2 1 3 4 4 0 0 6 4 0 0 0 0 0 0 0 0 15],True,"tf.Tensor(
[[-0.38143498 -0.06440973 -1.321841    0.05648994 -0.30098015 26.66396
  27.487629   26.479656   23.118649   25.345428   25.299166   26.169382
  26.679457   27.332811   26.808355   27.19372    25.006174   26.174286  ]], shape=(1, 18), dtype=float32)"
